ns	from	to	predicate	reverse
onet	AccountCollectors	1.C.1.a	requiresWorkStyle	workStyleRequiredBy
onet	AccountCollectors	1.C.1.b	requiresWorkStyle	workStyleRequiredBy
onet	AccountCollectors	1.C.1.c	requiresWorkStyle	workStyleRequiredBy
onet	AccountCollectors	1.C.2.b	requiresWorkStyle	workStyleRequiredBy
onet	AccountCollectors	1.C.3.a	requiresWorkStyle	workStyleRequiredBy
onet	AccountCollectors	1.C.3.b	requiresWorkStyle	workStyleRequiredBy
onet	AccountCollectors	1.C.3.c	requiresWorkStyle	workStyleRequiredBy
onet	AccountCollectors	1.C.4.a	requiresWorkStyle	workStyleRequiredBy
onet	AccountCollectors	1.C.4.b	requiresWorkStyle	workStyleRequiredBy
onet	AccountCollectors	1.C.4.c	requiresWorkStyle	workStyleRequiredBy
onet	AccountCollectors	1.C.5.a	requiresWorkStyle	workStyleRequiredBy
onet	AccountCollectors	1.C.5.b	requiresWorkStyle	workStyleRequiredBy
onet	AccountCollectors	1.C.5.c	requiresWorkStyle	workStyleRequiredBy
onet	AccountCollectors	1.C.6	requiresWorkStyle	workStyleRequiredBy
onet	AccountCollectors	1.C.7.a	requiresWorkStyle	workStyleRequiredBy
onet	AccountCollectors	1.C.7.b	requiresWorkStyle	workStyleRequiredBy
onet	Actors	1.C.1.a	requiresWorkStyle	workStyleRequiredBy
onet	Actors	1.C.1.b	requiresWorkStyle	workStyleRequiredBy
onet	Actors	1.C.1.c	requiresWorkStyle	workStyleRequiredBy
onet	Actors	1.C.2.b	requiresWorkStyle	workStyleRequiredBy
onet	Actors	1.C.3.a	requiresWorkStyle	workStyleRequiredBy
onet	Actors	1.C.3.b	requiresWorkStyle	workStyleRequiredBy
onet	Actors	1.C.3.c	requiresWorkStyle	workStyleRequiredBy
onet	Actors	1.C.4.a	requiresWorkStyle	workStyleRequiredBy
onet	Actors	1.C.4.b	requiresWorkStyle	workStyleRequiredBy
onet	Actors	1.C.4.c	requiresWorkStyle	workStyleRequiredBy
onet	Actors	1.C.5.a	requiresWorkStyle	workStyleRequiredBy
onet	Actors	1.C.5.b	requiresWorkStyle	workStyleRequiredBy
onet	Actors	1.C.5.c	requiresWorkStyle	workStyleRequiredBy
onet	Actors	1.C.6	requiresWorkStyle	workStyleRequiredBy
onet	Actors	1.C.7.a	requiresWorkStyle	workStyleRequiredBy
onet	Actors	1.C.7.b	requiresWorkStyle	workStyleRequiredBy
onet	Actuaries	1.C.1.a	requiresWorkStyle	workStyleRequiredBy
onet	Actuaries	1.C.1.b	requiresWorkStyle	workStyleRequiredBy
onet	Actuaries	1.C.1.c	requiresWorkStyle	workStyleRequiredBy
onet	Actuaries	1.C.2.b	requiresWorkStyle	workStyleRequiredBy
onet	Actuaries	1.C.3.a	requiresWorkStyle	workStyleRequiredBy
onet	Actuaries	1.C.3.b	requiresWorkStyle	workStyleRequiredBy
onet	Actuaries	1.C.3.c	requiresWorkStyle	workStyleRequiredBy
onet	Actuaries	1.C.4.a	requiresWorkStyle	workStyleRequiredBy
onet	Actuaries	1.C.4.b	requiresWorkStyle	workStyleRequiredBy
onet	Actuaries	1.C.4.c	requiresWorkStyle	workStyleRequiredBy
onet	Actuaries	1.C.5.a	requiresWorkStyle	workStyleRequiredBy
onet	Actuaries	1.C.5.b	requiresWorkStyle	workStyleRequiredBy
onet	Actuaries	1.C.5.c	requiresWorkStyle	workStyleRequiredBy
onet	Actuaries	1.C.6	requiresWorkStyle	workStyleRequiredBy
onet	Actuaries	1.C.7.a	requiresWorkStyle	workStyleRequiredBy
onet	Actuaries	1.C.7.b	requiresWorkStyle	workStyleRequiredBy
onet	Acupuncturists	1.C.1.a	requiresWorkStyle	workStyleRequiredBy
onet	Acupuncturists	1.C.1.b	requiresWorkStyle	workStyleRequiredBy
onet	Acupuncturists	1.C.1.c	requiresWorkStyle	workStyleRequiredBy
onet	Acupuncturists	1.C.2.b	requiresWorkStyle	workStyleRequiredBy
onet	Acupuncturists	1.C.3.a	requiresWorkStyle	workStyleRequiredBy
onet	Acupuncturists	1.C.3.b	requiresWorkStyle	workStyleRequiredBy
onet	Acupuncturists	1.C.3.c	requiresWorkStyle	workStyleRequiredBy
onet	Acupuncturists	1.C.4.a	requiresWorkStyle	workStyleRequiredBy
onet	Acupuncturists	1.C.4.b	requiresWorkStyle	workStyleRequiredBy
onet	Acupuncturists	1.C.4.c	requiresWorkStyle	workStyleRequiredBy
onet	Acupuncturists	1.C.5.a	requiresWorkStyle	workStyleRequiredBy
onet	Acupuncturists	1.C.5.b	requiresWorkStyle	workStyleRequiredBy
onet	Acupuncturists	1.C.5.c	requiresWorkStyle	workStyleRequiredBy
onet	Acupuncturists	1.C.6	requiresWorkStyle	workStyleRequiredBy
onet	Acupuncturists	1.C.7.a	requiresWorkStyle	workStyleRequiredBy
onet	Acupuncturists	1.C.7.b	requiresWorkStyle	workStyleRequiredBy
onet	AcuteCareNurses	1.C.1.a	requiresWorkStyle	workStyleRequiredBy
onet	AcuteCareNurses	1.C.1.b	requiresWorkStyle	workStyleRequiredBy
onet	AcuteCareNurses	1.C.1.c	requiresWorkStyle	workStyleRequiredBy
onet	AcuteCareNurses	1.C.2.b	requiresWorkStyle	workStyleRequiredBy
onet	AcuteCareNurses	1.C.3.a	requiresWorkStyle	workStyleRequiredBy
onet	AcuteCareNurses	1.C.3.b	requiresWorkStyle	workStyleRequiredBy
onet	AcuteCareNurses	1.C.3.c	requiresWorkStyle	workStyleRequiredBy
onet	AcuteCareNurses	1.C.4.a	requiresWorkStyle	workStyleRequiredBy
onet	AcuteCareNurses	1.C.4.b	requiresWorkStyle	workStyleRequiredBy
onet	AcuteCareNurses	1.C.4.c	requiresWorkStyle	workStyleRequiredBy
onet	AcuteCareNurses	1.C.5.a	requiresWorkStyle	workStyleRequiredBy
onet	AcuteCareNurses	1.C.5.b	requiresWorkStyle	workStyleRequiredBy
onet	AcuteCareNurses	1.C.5.c	requiresWorkStyle	workStyleRequiredBy
onet	AcuteCareNurses	1.C.6	requiresWorkStyle	workStyleRequiredBy
onet	AcuteCareNurses	1.C.7.a	requiresWorkStyle	workStyleRequiredBy
onet	AcuteCareNurses	1.C.7.b	requiresWorkStyle	workStyleRequiredBy
onet	AdaptedPhysicalEducationSpecialists	1.C.1.a	requiresWorkStyle	workStyleRequiredBy
onet	AdaptedPhysicalEducationSpecialists	1.C.1.b	requiresWorkStyle	workStyleRequiredBy
onet	AdaptedPhysicalEducationSpecialists	1.C.1.c	requiresWorkStyle	workStyleRequiredBy
onet	AdaptedPhysicalEducationSpecialists	1.C.2.b	requiresWorkStyle	workStyleRequiredBy
onet	AdaptedPhysicalEducationSpecialists	1.C.3.a	requiresWorkStyle	workStyleRequiredBy
onet	AdaptedPhysicalEducationSpecialists	1.C.3.b	requiresWorkStyle	workStyleRequiredBy
onet	AdaptedPhysicalEducationSpecialists	1.C.3.c	requiresWorkStyle	workStyleRequiredBy
onet	AdaptedPhysicalEducationSpecialists	1.C.4.a	requiresWorkStyle	workStyleRequiredBy
onet	AdaptedPhysicalEducationSpecialists	1.C.4.b	requiresWorkStyle	workStyleRequiredBy
onet	AdaptedPhysicalEducationSpecialists	1.C.4.c	requiresWorkStyle	workStyleRequiredBy
onet	AdaptedPhysicalEducationSpecialists	1.C.5.a	requiresWorkStyle	workStyleRequiredBy
onet	AdaptedPhysicalEducationSpecialists	1.C.5.b	requiresWorkStyle	workStyleRequiredBy
onet	AdaptedPhysicalEducationSpecialists	1.C.5.c	requiresWorkStyle	workStyleRequiredBy
onet	AdaptedPhysicalEducationSpecialists	1.C.6	requiresWorkStyle	workStyleRequiredBy
onet	AdaptedPhysicalEducationSpecialists	1.C.7.a	requiresWorkStyle	workStyleRequiredBy
onet	AdaptedPhysicalEducationSpecialists	1.C.7.b	requiresWorkStyle	workStyleRequiredBy
onet	Adjusters	1.C.1.a	requiresWorkStyle	workStyleRequiredBy
onet	Adjusters	1.C.1.b	requiresWorkStyle	workStyleRequiredBy
onet	Adjusters	1.C.1.c	requiresWorkStyle	workStyleRequiredBy
onet	Adjusters	1.C.2.b	requiresWorkStyle	workStyleRequiredBy
onet	Adjusters	1.C.3.a	requiresWorkStyle	workStyleRequiredBy
onet	Adjusters	1.C.3.b	requiresWorkStyle	workStyleRequiredBy
onet	Adjusters	1.C.3.c	requiresWorkStyle	workStyleRequiredBy
onet	Adjusters	1.C.4.a	requiresWorkStyle	workStyleRequiredBy
onet	Adjusters	1.C.4.b	requiresWorkStyle	workStyleRequiredBy
onet	Adjusters	1.C.4.c	requiresWorkStyle	workStyleRequiredBy
onet	Adjusters	1.C.5.a	requiresWorkStyle	workStyleRequiredBy
onet	Adjusters	1.C.5.b	requiresWorkStyle	workStyleRequiredBy
onet	Adjusters	1.C.5.c	requiresWorkStyle	workStyleRequiredBy
onet	Adjusters	1.C.6	requiresWorkStyle	workStyleRequiredBy
onet	Adjusters	1.C.7.a	requiresWorkStyle	workStyleRequiredBy
onet	Adjusters	1.C.7.b	requiresWorkStyle	workStyleRequiredBy
onet	AdministrativeAssistants	1.C.1.a	requiresWorkStyle	workStyleRequiredBy
onet	AdministrativeAssistants	1.C.1.b	requiresWorkStyle	workStyleRequiredBy
onet	AdministrativeAssistants	1.C.1.c	requiresWorkStyle	workStyleRequiredBy
onet	AdministrativeAssistants	1.C.2.b	requiresWorkStyle	workStyleRequiredBy
onet	AdministrativeAssistants	1.C.3.a	requiresWorkStyle	workStyleRequiredBy
onet	AdministrativeAssistants	1.C.3.b	requiresWorkStyle	workStyleRequiredBy
onet	AdministrativeAssistants	1.C.3.c	requiresWorkStyle	workStyleRequiredBy
onet	AdministrativeAssistants	1.C.4.a	requiresWorkStyle	workStyleRequiredBy
onet	AdministrativeAssistants	1.C.4.b	requiresWorkStyle	workStyleRequiredBy
onet	AdministrativeAssistants	1.C.4.c	requiresWorkStyle	workStyleRequiredBy
onet	AdministrativeAssistants	1.C.5.a	requiresWorkStyle	workStyleRequiredBy
onet	AdministrativeAssistants	1.C.5.b	requiresWorkStyle	workStyleRequiredBy
onet	AdministrativeAssistants	1.C.5.c	requiresWorkStyle	workStyleRequiredBy
onet	AdministrativeAssistants	1.C.6	requiresWorkStyle	workStyleRequiredBy
onet	AdministrativeAssistants	1.C.7.a	requiresWorkStyle	workStyleRequiredBy
onet	AdministrativeAssistants	1.C.7.b	requiresWorkStyle	workStyleRequiredBy
onet	AdministrativeServicesManagers	1.C.1.a	requiresWorkStyle	workStyleRequiredBy
onet	AdministrativeServicesManagers	1.C.1.b	requiresWorkStyle	workStyleRequiredBy
onet	AdministrativeServicesManagers	1.C.1.c	requiresWorkStyle	workStyleRequiredBy
onet	AdministrativeServicesManagers	1.C.2.b	requiresWorkStyle	workStyleRequiredBy
onet	AdministrativeServicesManagers	1.C.3.a	requiresWorkStyle	workStyleRequiredBy
onet	AdministrativeServicesManagers	1.C.3.b	requiresWorkStyle	workStyleRequiredBy
onet	AdministrativeServicesManagers	1.C.3.c	requiresWorkStyle	workStyleRequiredBy
onet	AdministrativeServicesManagers	1.C.4.a	requiresWorkStyle	workStyleRequiredBy
onet	AdministrativeServicesManagers	1.C.4.b	requiresWorkStyle	workStyleRequiredBy
onet	AdministrativeServicesManagers	1.C.4.c	requiresWorkStyle	workStyleRequiredBy
onet	AdministrativeServicesManagers	1.C.5.a	requiresWorkStyle	workStyleRequiredBy
onet	AdministrativeServicesManagers	1.C.5.b	requiresWorkStyle	workStyleRequiredBy
onet	AdministrativeServicesManagers	1.C.5.c	requiresWorkStyle	workStyleRequiredBy
onet	AdministrativeServicesManagers	1.C.6	requiresWorkStyle	workStyleRequiredBy
onet	AdministrativeServicesManagers	1.C.7.a	requiresWorkStyle	workStyleRequiredBy
onet	AdministrativeServicesManagers	1.C.7.b	requiresWorkStyle	workStyleRequiredBy
onet	AdministrativeSupportWorkers	1.C.1.a	requiresWorkStyle	workStyleRequiredBy
onet	AdministrativeSupportWorkers	1.C.1.b	requiresWorkStyle	workStyleRequiredBy
onet	AdministrativeSupportWorkers	1.C.1.c	requiresWorkStyle	workStyleRequiredBy
onet	AdministrativeSupportWorkers	1.C.2.b	requiresWorkStyle	workStyleRequiredBy
onet	AdministrativeSupportWorkers	1.C.3.a	requiresWorkStyle	workStyleRequiredBy
onet	AdministrativeSupportWorkers	1.C.3.b	requiresWorkStyle	workStyleRequiredBy
onet	AdministrativeSupportWorkers	1.C.3.c	requiresWorkStyle	workStyleRequiredBy
onet	AdministrativeSupportWorkers	1.C.4.a	requiresWorkStyle	workStyleRequiredBy
onet	AdministrativeSupportWorkers	1.C.4.b	requiresWorkStyle	workStyleRequiredBy
onet	AdministrativeSupportWorkers	1.C.4.c	requiresWorkStyle	workStyleRequiredBy
onet	AdministrativeSupportWorkers	1.C.5.a	requiresWorkStyle	workStyleRequiredBy
onet	AdministrativeSupportWorkers	1.C.5.b	requiresWorkStyle	workStyleRequiredBy
onet	AdministrativeSupportWorkers	1.C.5.c	requiresWorkStyle	workStyleRequiredBy
onet	AdministrativeSupportWorkers	1.C.6	requiresWorkStyle	workStyleRequiredBy
onet	AdministrativeSupportWorkers	1.C.7.a	requiresWorkStyle	workStyleRequiredBy
onet	AdministrativeSupportWorkers	1.C.7.b	requiresWorkStyle	workStyleRequiredBy
onet	AdvancedPracticePsychiatricNurses	1.C.1.a	requiresWorkStyle	workStyleRequiredBy
onet	AdvancedPracticePsychiatricNurses	1.C.1.b	requiresWorkStyle	workStyleRequiredBy
onet	AdvancedPracticePsychiatricNurses	1.C.1.c	requiresWorkStyle	workStyleRequiredBy
onet	AdvancedPracticePsychiatricNurses	1.C.2.b	requiresWorkStyle	workStyleRequiredBy
onet	AdvancedPracticePsychiatricNurses	1.C.3.a	requiresWorkStyle	workStyleRequiredBy
onet	AdvancedPracticePsychiatricNurses	1.C.3.b	requiresWorkStyle	workStyleRequiredBy
onet	AdvancedPracticePsychiatricNurses	1.C.3.c	requiresWorkStyle	workStyleRequiredBy
onet	AdvancedPracticePsychiatricNurses	1.C.4.a	requiresWorkStyle	workStyleRequiredBy
onet	AdvancedPracticePsychiatricNurses	1.C.4.b	requiresWorkStyle	workStyleRequiredBy
onet	AdvancedPracticePsychiatricNurses	1.C.4.c	requiresWorkStyle	workStyleRequiredBy
onet	AdvancedPracticePsychiatricNurses	1.C.5.a	requiresWorkStyle	workStyleRequiredBy
onet	AdvancedPracticePsychiatricNurses	1.C.5.b	requiresWorkStyle	workStyleRequiredBy
onet	AdvancedPracticePsychiatricNurses	1.C.5.c	requiresWorkStyle	workStyleRequiredBy
onet	AdvancedPracticePsychiatricNurses	1.C.6	requiresWorkStyle	workStyleRequiredBy
onet	AdvancedPracticePsychiatricNurses	1.C.7.a	requiresWorkStyle	workStyleRequiredBy
onet	AdvancedPracticePsychiatricNurses	1.C.7.b	requiresWorkStyle	workStyleRequiredBy
onet	AdvertisingSalesAgents	1.C.1.a	requiresWorkStyle	workStyleRequiredBy
onet	AdvertisingSalesAgents	1.C.1.b	requiresWorkStyle	workStyleRequiredBy
onet	AdvertisingSalesAgents	1.C.1.c	requiresWorkStyle	workStyleRequiredBy
onet	AdvertisingSalesAgents	1.C.2.b	requiresWorkStyle	workStyleRequiredBy
onet	AdvertisingSalesAgents	1.C.3.a	requiresWorkStyle	workStyleRequiredBy
onet	AdvertisingSalesAgents	1.C.3.b	requiresWorkStyle	workStyleRequiredBy
onet	AdvertisingSalesAgents	1.C.3.c	requiresWorkStyle	workStyleRequiredBy
onet	AdvertisingSalesAgents	1.C.4.a	requiresWorkStyle	workStyleRequiredBy
onet	AdvertisingSalesAgents	1.C.4.b	requiresWorkStyle	workStyleRequiredBy
onet	AdvertisingSalesAgents	1.C.4.c	requiresWorkStyle	workStyleRequiredBy
onet	AdvertisingSalesAgents	1.C.5.a	requiresWorkStyle	workStyleRequiredBy
onet	AdvertisingSalesAgents	1.C.5.b	requiresWorkStyle	workStyleRequiredBy
onet	AdvertisingSalesAgents	1.C.5.c	requiresWorkStyle	workStyleRequiredBy
onet	AdvertisingSalesAgents	1.C.6	requiresWorkStyle	workStyleRequiredBy
onet	AdvertisingSalesAgents	1.C.7.a	requiresWorkStyle	workStyleRequiredBy
onet	AdvertisingSalesAgents	1.C.7.b	requiresWorkStyle	workStyleRequiredBy
onet	Advisors	1.C.1.a	requiresWorkStyle	workStyleRequiredBy
onet	Advisors	1.C.1.b	requiresWorkStyle	workStyleRequiredBy
onet	Advisors	1.C.1.c	requiresWorkStyle	workStyleRequiredBy
onet	Advisors	1.C.2.b	requiresWorkStyle	workStyleRequiredBy
onet	Advisors	1.C.3.a	requiresWorkStyle	workStyleRequiredBy
onet	Advisors	1.C.3.b	requiresWorkStyle	workStyleRequiredBy
onet	Advisors	1.C.3.c	requiresWorkStyle	workStyleRequiredBy
onet	Advisors	1.C.4.a	requiresWorkStyle	workStyleRequiredBy
onet	Advisors	1.C.4.b	requiresWorkStyle	workStyleRequiredBy
onet	Advisors	1.C.4.c	requiresWorkStyle	workStyleRequiredBy
onet	Advisors	1.C.5.a	requiresWorkStyle	workStyleRequiredBy
onet	Advisors	1.C.5.b	requiresWorkStyle	workStyleRequiredBy
onet	Advisors	1.C.5.c	requiresWorkStyle	workStyleRequiredBy
onet	Advisors	1.C.6	requiresWorkStyle	workStyleRequiredBy
onet	Advisors	1.C.7.a	requiresWorkStyle	workStyleRequiredBy
onet	Advisors	1.C.7.b	requiresWorkStyle	workStyleRequiredBy
onet	AerospaceEngineers	1.C.1.a	requiresWorkStyle	workStyleRequiredBy
onet	AerospaceEngineers	1.C.1.b	requiresWorkStyle	workStyleRequiredBy
onet	AerospaceEngineers	1.C.1.c	requiresWorkStyle	workStyleRequiredBy
onet	AerospaceEngineers	1.C.2.b	requiresWorkStyle	workStyleRequiredBy
onet	AerospaceEngineers	1.C.3.a	requiresWorkStyle	workStyleRequiredBy
onet	AerospaceEngineers	1.C.3.b	requiresWorkStyle	workStyleRequiredBy
onet	AerospaceEngineers	1.C.3.c	requiresWorkStyle	workStyleRequiredBy
onet	AerospaceEngineers	1.C.4.a	requiresWorkStyle	workStyleRequiredBy
onet	AerospaceEngineers	1.C.4.b	requiresWorkStyle	workStyleRequiredBy
onet	AerospaceEngineers	1.C.4.c	requiresWorkStyle	workStyleRequiredBy
onet	AerospaceEngineers	1.C.5.a	requiresWorkStyle	workStyleRequiredBy
onet	AerospaceEngineers	1.C.5.b	requiresWorkStyle	workStyleRequiredBy
onet	AerospaceEngineers	1.C.5.c	requiresWorkStyle	workStyleRequiredBy
onet	AerospaceEngineers	1.C.6	requiresWorkStyle	workStyleRequiredBy
onet	AerospaceEngineers	1.C.7.a	requiresWorkStyle	workStyleRequiredBy
onet	AerospaceEngineers	1.C.7.b	requiresWorkStyle	workStyleRequiredBy
onet	AgriculturalEngineers	1.C.1.a	requiresWorkStyle	workStyleRequiredBy
onet	AgriculturalEngineers	1.C.1.b	requiresWorkStyle	workStyleRequiredBy
onet	AgriculturalEngineers	1.C.1.c	requiresWorkStyle	workStyleRequiredBy
onet	AgriculturalEngineers	1.C.2.b	requiresWorkStyle	workStyleRequiredBy
onet	AgriculturalEngineers	1.C.3.a	requiresWorkStyle	workStyleRequiredBy
onet	AgriculturalEngineers	1.C.3.b	requiresWorkStyle	workStyleRequiredBy
onet	AgriculturalEngineers	1.C.3.c	requiresWorkStyle	workStyleRequiredBy
onet	AgriculturalEngineers	1.C.4.a	requiresWorkStyle	workStyleRequiredBy
onet	AgriculturalEngineers	1.C.4.b	requiresWorkStyle	workStyleRequiredBy
onet	AgriculturalEngineers	1.C.4.c	requiresWorkStyle	workStyleRequiredBy
onet	AgriculturalEngineers	1.C.5.a	requiresWorkStyle	workStyleRequiredBy
onet	AgriculturalEngineers	1.C.5.b	requiresWorkStyle	workStyleRequiredBy
onet	AgriculturalEngineers	1.C.5.c	requiresWorkStyle	workStyleRequiredBy
onet	AgriculturalEngineers	1.C.6	requiresWorkStyle	workStyleRequiredBy
onet	AgriculturalEngineers	1.C.7.a	requiresWorkStyle	workStyleRequiredBy
onet	AgriculturalEngineers	1.C.7.b	requiresWorkStyle	workStyleRequiredBy
onet	AgriculturalEquipmentOperators	1.C.1.a	requiresWorkStyle	workStyleRequiredBy
onet	AgriculturalEquipmentOperators	1.C.1.b	requiresWorkStyle	workStyleRequiredBy
onet	AgriculturalEquipmentOperators	1.C.1.c	requiresWorkStyle	workStyleRequiredBy
onet	AgriculturalEquipmentOperators	1.C.2.b	requiresWorkStyle	workStyleRequiredBy
onet	AgriculturalEquipmentOperators	1.C.3.a	requiresWorkStyle	workStyleRequiredBy
onet	AgriculturalEquipmentOperators	1.C.3.b	requiresWorkStyle	workStyleRequiredBy
onet	AgriculturalEquipmentOperators	1.C.3.c	requiresWorkStyle	workStyleRequiredBy
onet	AgriculturalEquipmentOperators	1.C.4.a	requiresWorkStyle	workStyleRequiredBy
onet	AgriculturalEquipmentOperators	1.C.4.b	requiresWorkStyle	workStyleRequiredBy
onet	AgriculturalEquipmentOperators	1.C.4.c	requiresWorkStyle	workStyleRequiredBy
onet	AgriculturalEquipmentOperators	1.C.5.a	requiresWorkStyle	workStyleRequiredBy
onet	AgriculturalEquipmentOperators	1.C.5.b	requiresWorkStyle	workStyleRequiredBy
onet	AgriculturalEquipmentOperators	1.C.5.c	requiresWorkStyle	workStyleRequiredBy
onet	AgriculturalEquipmentOperators	1.C.6	requiresWorkStyle	workStyleRequiredBy
onet	AgriculturalEquipmentOperators	1.C.7.a	requiresWorkStyle	workStyleRequiredBy
onet	AgriculturalEquipmentOperators	1.C.7.b	requiresWorkStyle	workStyleRequiredBy
onet	AgriculturalInspectors	1.C.1.a	requiresWorkStyle	workStyleRequiredBy
onet	AgriculturalInspectors	1.C.1.b	requiresWorkStyle	workStyleRequiredBy
onet	AgriculturalInspectors	1.C.1.c	requiresWorkStyle	workStyleRequiredBy
onet	AgriculturalInspectors	1.C.2.b	requiresWorkStyle	workStyleRequiredBy
onet	AgriculturalInspectors	1.C.3.a	requiresWorkStyle	workStyleRequiredBy
onet	AgriculturalInspectors	1.C.3.b	requiresWorkStyle	workStyleRequiredBy
onet	AgriculturalInspectors	1.C.3.c	requiresWorkStyle	workStyleRequiredBy
onet	AgriculturalInspectors	1.C.4.a	requiresWorkStyle	workStyleRequiredBy
onet	AgriculturalInspectors	1.C.4.b	requiresWorkStyle	workStyleRequiredBy
onet	AgriculturalInspectors	1.C.4.c	requiresWorkStyle	workStyleRequiredBy
onet	AgriculturalInspectors	1.C.5.a	requiresWorkStyle	workStyleRequiredBy
onet	AgriculturalInspectors	1.C.5.b	requiresWorkStyle	workStyleRequiredBy
onet	AgriculturalInspectors	1.C.5.c	requiresWorkStyle	workStyleRequiredBy
onet	AgriculturalInspectors	1.C.6	requiresWorkStyle	workStyleRequiredBy
onet	AgriculturalInspectors	1.C.7.a	requiresWorkStyle	workStyleRequiredBy
onet	AgriculturalInspectors	1.C.7.b	requiresWorkStyle	workStyleRequiredBy
onet	AgriculturalSciencesTeachersPostsecondary	1.C.1.a	requiresWorkStyle	workStyleRequiredBy
onet	AgriculturalSciencesTeachersPostsecondary	1.C.1.b	requiresWorkStyle	workStyleRequiredBy
onet	AgriculturalSciencesTeachersPostsecondary	1.C.1.c	requiresWorkStyle	workStyleRequiredBy
onet	AgriculturalSciencesTeachersPostsecondary	1.C.2.b	requiresWorkStyle	workStyleRequiredBy
onet	AgriculturalSciencesTeachersPostsecondary	1.C.3.a	requiresWorkStyle	workStyleRequiredBy
onet	AgriculturalSciencesTeachersPostsecondary	1.C.3.b	requiresWorkStyle	workStyleRequiredBy
onet	AgriculturalSciencesTeachersPostsecondary	1.C.3.c	requiresWorkStyle	workStyleRequiredBy
onet	AgriculturalSciencesTeachersPostsecondary	1.C.4.a	requiresWorkStyle	workStyleRequiredBy
onet	AgriculturalSciencesTeachersPostsecondary	1.C.4.b	requiresWorkStyle	workStyleRequiredBy
onet	AgriculturalSciencesTeachersPostsecondary	1.C.4.c	requiresWorkStyle	workStyleRequiredBy
onet	AgriculturalSciencesTeachersPostsecondary	1.C.5.a	requiresWorkStyle	workStyleRequiredBy
onet	AgriculturalSciencesTeachersPostsecondary	1.C.5.b	requiresWorkStyle	workStyleRequiredBy
onet	AgriculturalSciencesTeachersPostsecondary	1.C.5.c	requiresWorkStyle	workStyleRequiredBy
onet	AgriculturalSciencesTeachersPostsecondary	1.C.6	requiresWorkStyle	workStyleRequiredBy
onet	AgriculturalSciencesTeachersPostsecondary	1.C.7.a	requiresWorkStyle	workStyleRequiredBy
onet	AgriculturalSciencesTeachersPostsecondary	1.C.7.b	requiresWorkStyle	workStyleRequiredBy
onet	AgriculturalTechnicians	1.C.1.a	requiresWorkStyle	workStyleRequiredBy
onet	AgriculturalTechnicians	1.C.1.b	requiresWorkStyle	workStyleRequiredBy
onet	AgriculturalTechnicians	1.C.1.c	requiresWorkStyle	workStyleRequiredBy
onet	AgriculturalTechnicians	1.C.2.b	requiresWorkStyle	workStyleRequiredBy
onet	AgriculturalTechnicians	1.C.3.a	requiresWorkStyle	workStyleRequiredBy
onet	AgriculturalTechnicians	1.C.3.b	requiresWorkStyle	workStyleRequiredBy
onet	AgriculturalTechnicians	1.C.3.c	requiresWorkStyle	workStyleRequiredBy
onet	AgriculturalTechnicians	1.C.4.a	requiresWorkStyle	workStyleRequiredBy
onet	AgriculturalTechnicians	1.C.4.b	requiresWorkStyle	workStyleRequiredBy
onet	AgriculturalTechnicians	1.C.4.c	requiresWorkStyle	workStyleRequiredBy
onet	AgriculturalTechnicians	1.C.5.a	requiresWorkStyle	workStyleRequiredBy
onet	AgriculturalTechnicians	1.C.5.b	requiresWorkStyle	workStyleRequiredBy
onet	AgriculturalTechnicians	1.C.5.c	requiresWorkStyle	workStyleRequiredBy
onet	AgriculturalTechnicians	1.C.6	requiresWorkStyle	workStyleRequiredBy
onet	AgriculturalTechnicians	1.C.7.a	requiresWorkStyle	workStyleRequiredBy
onet	AgriculturalTechnicians	1.C.7.b	requiresWorkStyle	workStyleRequiredBy
onet	AirTrafficControllers	1.C.1.a	requiresWorkStyle	workStyleRequiredBy
onet	AirTrafficControllers	1.C.1.b	requiresWorkStyle	workStyleRequiredBy
onet	AirTrafficControllers	1.C.1.c	requiresWorkStyle	workStyleRequiredBy
onet	AirTrafficControllers	1.C.2.b	requiresWorkStyle	workStyleRequiredBy
onet	AirTrafficControllers	1.C.3.a	requiresWorkStyle	workStyleRequiredBy
onet	AirTrafficControllers	1.C.3.b	requiresWorkStyle	workStyleRequiredBy
onet	AirTrafficControllers	1.C.3.c	requiresWorkStyle	workStyleRequiredBy
onet	AirTrafficControllers	1.C.4.a	requiresWorkStyle	workStyleRequiredBy
onet	AirTrafficControllers	1.C.4.b	requiresWorkStyle	workStyleRequiredBy
onet	AirTrafficControllers	1.C.4.c	requiresWorkStyle	workStyleRequiredBy
onet	AirTrafficControllers	1.C.5.a	requiresWorkStyle	workStyleRequiredBy
onet	AirTrafficControllers	1.C.5.b	requiresWorkStyle	workStyleRequiredBy
onet	AirTrafficControllers	1.C.5.c	requiresWorkStyle	workStyleRequiredBy
onet	AirTrafficControllers	1.C.6	requiresWorkStyle	workStyleRequiredBy
onet	AirTrafficControllers	1.C.7.a	requiresWorkStyle	workStyleRequiredBy
onet	AirTrafficControllers	1.C.7.b	requiresWorkStyle	workStyleRequiredBy
onet	AircraftCargoHandlingSupervisors	1.C.1.a	requiresWorkStyle	workStyleRequiredBy
onet	AircraftCargoHandlingSupervisors	1.C.1.b	requiresWorkStyle	workStyleRequiredBy
onet	AircraftCargoHandlingSupervisors	1.C.1.c	requiresWorkStyle	workStyleRequiredBy
onet	AircraftCargoHandlingSupervisors	1.C.2.b	requiresWorkStyle	workStyleRequiredBy
onet	AircraftCargoHandlingSupervisors	1.C.3.a	requiresWorkStyle	workStyleRequiredBy
onet	AircraftCargoHandlingSupervisors	1.C.3.b	requiresWorkStyle	workStyleRequiredBy
onet	AircraftCargoHandlingSupervisors	1.C.3.c	requiresWorkStyle	workStyleRequiredBy
onet	AircraftCargoHandlingSupervisors	1.C.4.a	requiresWorkStyle	workStyleRequiredBy
onet	AircraftCargoHandlingSupervisors	1.C.4.b	requiresWorkStyle	workStyleRequiredBy
onet	AircraftCargoHandlingSupervisors	1.C.4.c	requiresWorkStyle	workStyleRequiredBy
onet	AircraftCargoHandlingSupervisors	1.C.5.a	requiresWorkStyle	workStyleRequiredBy
onet	AircraftCargoHandlingSupervisors	1.C.5.b	requiresWorkStyle	workStyleRequiredBy
onet	AircraftCargoHandlingSupervisors	1.C.5.c	requiresWorkStyle	workStyleRequiredBy
onet	AircraftCargoHandlingSupervisors	1.C.6	requiresWorkStyle	workStyleRequiredBy
onet	AircraftCargoHandlingSupervisors	1.C.7.a	requiresWorkStyle	workStyleRequiredBy
onet	AircraftCargoHandlingSupervisors	1.C.7.b	requiresWorkStyle	workStyleRequiredBy
onet	AirfieldOperationsSpecialists	1.C.1.a	requiresWorkStyle	workStyleRequiredBy
onet	AirfieldOperationsSpecialists	1.C.1.b	requiresWorkStyle	workStyleRequiredBy
onet	AirfieldOperationsSpecialists	1.C.1.c	requiresWorkStyle	workStyleRequiredBy
onet	AirfieldOperationsSpecialists	1.C.2.b	requiresWorkStyle	workStyleRequiredBy
onet	AirfieldOperationsSpecialists	1.C.3.a	requiresWorkStyle	workStyleRequiredBy
onet	AirfieldOperationsSpecialists	1.C.3.b	requiresWorkStyle	workStyleRequiredBy
onet	AirfieldOperationsSpecialists	1.C.3.c	requiresWorkStyle	workStyleRequiredBy
onet	AirfieldOperationsSpecialists	1.C.4.a	requiresWorkStyle	workStyleRequiredBy
onet	AirfieldOperationsSpecialists	1.C.4.b	requiresWorkStyle	workStyleRequiredBy
onet	AirfieldOperationsSpecialists	1.C.4.c	requiresWorkStyle	workStyleRequiredBy
onet	AirfieldOperationsSpecialists	1.C.5.a	requiresWorkStyle	workStyleRequiredBy
onet	AirfieldOperationsSpecialists	1.C.5.b	requiresWorkStyle	workStyleRequiredBy
onet	AirfieldOperationsSpecialists	1.C.5.c	requiresWorkStyle	workStyleRequiredBy
onet	AirfieldOperationsSpecialists	1.C.6	requiresWorkStyle	workStyleRequiredBy
onet	AirfieldOperationsSpecialists	1.C.7.a	requiresWorkStyle	workStyleRequiredBy
onet	AirfieldOperationsSpecialists	1.C.7.b	requiresWorkStyle	workStyleRequiredBy
onet	Ambulance	1.C.1.a	requiresWorkStyle	workStyleRequiredBy
onet	Ambulance	1.C.1.b	requiresWorkStyle	workStyleRequiredBy
onet	Ambulance	1.C.1.c	requiresWorkStyle	workStyleRequiredBy
onet	Ambulance	1.C.2.b	requiresWorkStyle	workStyleRequiredBy
onet	Ambulance	1.C.3.a	requiresWorkStyle	workStyleRequiredBy
onet	Ambulance	1.C.3.b	requiresWorkStyle	workStyleRequiredBy
onet	Ambulance	1.C.3.c	requiresWorkStyle	workStyleRequiredBy
onet	Ambulance	1.C.4.a	requiresWorkStyle	workStyleRequiredBy
onet	Ambulance	1.C.4.b	requiresWorkStyle	workStyleRequiredBy
onet	Ambulance	1.C.4.c	requiresWorkStyle	workStyleRequiredBy
onet	Ambulance	1.C.5.a	requiresWorkStyle	workStyleRequiredBy
onet	Ambulance	1.C.5.b	requiresWorkStyle	workStyleRequiredBy
onet	Ambulance	1.C.5.c	requiresWorkStyle	workStyleRequiredBy
onet	Ambulance	1.C.6	requiresWorkStyle	workStyleRequiredBy
onet	Ambulance	1.C.7.a	requiresWorkStyle	workStyleRequiredBy
onet	Ambulance	1.C.7.b	requiresWorkStyle	workStyleRequiredBy
onet	Analysts	1.C.1.a	requiresWorkStyle	workStyleRequiredBy
onet	Analysts	1.C.1.b	requiresWorkStyle	workStyleRequiredBy
onet	Analysts	1.C.1.c	requiresWorkStyle	workStyleRequiredBy
onet	Analysts	1.C.2.b	requiresWorkStyle	workStyleRequiredBy
onet	Analysts	1.C.3.a	requiresWorkStyle	workStyleRequiredBy
onet	Analysts	1.C.3.b	requiresWorkStyle	workStyleRequiredBy
onet	Analysts	1.C.3.c	requiresWorkStyle	workStyleRequiredBy
onet	Analysts	1.C.4.a	requiresWorkStyle	workStyleRequiredBy
onet	Analysts	1.C.4.b	requiresWorkStyle	workStyleRequiredBy
onet	Analysts	1.C.4.c	requiresWorkStyle	workStyleRequiredBy
onet	Analysts	1.C.5.a	requiresWorkStyle	workStyleRequiredBy
onet	Analysts	1.C.5.b	requiresWorkStyle	workStyleRequiredBy
onet	Analysts	1.C.5.c	requiresWorkStyle	workStyleRequiredBy
onet	Analysts	1.C.6	requiresWorkStyle	workStyleRequiredBy
onet	Analysts	1.C.7.a	requiresWorkStyle	workStyleRequiredBy
onet	Analysts	1.C.7.b	requiresWorkStyle	workStyleRequiredBy
onet	AnesthesiologistAssistants	1.C.1.a	requiresWorkStyle	workStyleRequiredBy
onet	AnesthesiologistAssistants	1.C.1.b	requiresWorkStyle	workStyleRequiredBy
onet	AnesthesiologistAssistants	1.C.1.c	requiresWorkStyle	workStyleRequiredBy
onet	AnesthesiologistAssistants	1.C.2.b	requiresWorkStyle	workStyleRequiredBy
onet	AnesthesiologistAssistants	1.C.3.a	requiresWorkStyle	workStyleRequiredBy
onet	AnesthesiologistAssistants	1.C.3.b	requiresWorkStyle	workStyleRequiredBy
onet	AnesthesiologistAssistants	1.C.3.c	requiresWorkStyle	workStyleRequiredBy
onet	AnesthesiologistAssistants	1.C.4.a	requiresWorkStyle	workStyleRequiredBy
onet	AnesthesiologistAssistants	1.C.4.b	requiresWorkStyle	workStyleRequiredBy
onet	AnesthesiologistAssistants	1.C.4.c	requiresWorkStyle	workStyleRequiredBy
onet	AnesthesiologistAssistants	1.C.5.a	requiresWorkStyle	workStyleRequiredBy
onet	AnesthesiologistAssistants	1.C.5.b	requiresWorkStyle	workStyleRequiredBy
onet	AnesthesiologistAssistants	1.C.5.c	requiresWorkStyle	workStyleRequiredBy
onet	AnesthesiologistAssistants	1.C.6	requiresWorkStyle	workStyleRequiredBy
onet	AnesthesiologistAssistants	1.C.7.a	requiresWorkStyle	workStyleRequiredBy
onet	AnesthesiologistAssistants	1.C.7.b	requiresWorkStyle	workStyleRequiredBy
onet	Anesthesiologists	1.C.1.a	requiresWorkStyle	workStyleRequiredBy
onet	Anesthesiologists	1.C.1.b	requiresWorkStyle	workStyleRequiredBy
onet	Anesthesiologists	1.C.1.c	requiresWorkStyle	workStyleRequiredBy
onet	Anesthesiologists	1.C.2.b	requiresWorkStyle	workStyleRequiredBy
onet	Anesthesiologists	1.C.3.a	requiresWorkStyle	workStyleRequiredBy
onet	Anesthesiologists	1.C.3.b	requiresWorkStyle	workStyleRequiredBy
onet	Anesthesiologists	1.C.3.c	requiresWorkStyle	workStyleRequiredBy
onet	Anesthesiologists	1.C.4.a	requiresWorkStyle	workStyleRequiredBy
onet	Anesthesiologists	1.C.4.b	requiresWorkStyle	workStyleRequiredBy
onet	Anesthesiologists	1.C.4.c	requiresWorkStyle	workStyleRequiredBy
onet	Anesthesiologists	1.C.5.a	requiresWorkStyle	workStyleRequiredBy
onet	Anesthesiologists	1.C.5.b	requiresWorkStyle	workStyleRequiredBy
onet	Anesthesiologists	1.C.5.c	requiresWorkStyle	workStyleRequiredBy
onet	Anesthesiologists	1.C.6	requiresWorkStyle	workStyleRequiredBy
onet	Anesthesiologists	1.C.7.a	requiresWorkStyle	workStyleRequiredBy
onet	Anesthesiologists	1.C.7.b	requiresWorkStyle	workStyleRequiredBy
onet	AnimalBreeders	1.C.1.a	requiresWorkStyle	workStyleRequiredBy
onet	AnimalBreeders	1.C.1.b	requiresWorkStyle	workStyleRequiredBy
onet	AnimalBreeders	1.C.1.c	requiresWorkStyle	workStyleRequiredBy
onet	AnimalBreeders	1.C.2.b	requiresWorkStyle	workStyleRequiredBy
onet	AnimalBreeders	1.C.3.a	requiresWorkStyle	workStyleRequiredBy
onet	AnimalBreeders	1.C.3.b	requiresWorkStyle	workStyleRequiredBy
onet	AnimalBreeders	1.C.3.c	requiresWorkStyle	workStyleRequiredBy
onet	AnimalBreeders	1.C.4.a	requiresWorkStyle	workStyleRequiredBy
onet	AnimalBreeders	1.C.4.b	requiresWorkStyle	workStyleRequiredBy
onet	AnimalBreeders	1.C.4.c	requiresWorkStyle	workStyleRequiredBy
onet	AnimalBreeders	1.C.5.a	requiresWorkStyle	workStyleRequiredBy
onet	AnimalBreeders	1.C.5.b	requiresWorkStyle	workStyleRequiredBy
onet	AnimalBreeders	1.C.5.c	requiresWorkStyle	workStyleRequiredBy
onet	AnimalBreeders	1.C.6	requiresWorkStyle	workStyleRequiredBy
onet	AnimalBreeders	1.C.7.a	requiresWorkStyle	workStyleRequiredBy
onet	AnimalBreeders	1.C.7.b	requiresWorkStyle	workStyleRequiredBy
onet	AnimalCaretakers	1.C.1.a	requiresWorkStyle	workStyleRequiredBy
onet	AnimalCaretakers	1.C.1.b	requiresWorkStyle	workStyleRequiredBy
onet	AnimalCaretakers	1.C.1.c	requiresWorkStyle	workStyleRequiredBy
onet	AnimalCaretakers	1.C.2.b	requiresWorkStyle	workStyleRequiredBy
onet	AnimalCaretakers	1.C.3.a	requiresWorkStyle	workStyleRequiredBy
onet	AnimalCaretakers	1.C.3.b	requiresWorkStyle	workStyleRequiredBy
onet	AnimalCaretakers	1.C.3.c	requiresWorkStyle	workStyleRequiredBy
onet	AnimalCaretakers	1.C.4.a	requiresWorkStyle	workStyleRequiredBy
onet	AnimalCaretakers	1.C.4.b	requiresWorkStyle	workStyleRequiredBy
onet	AnimalCaretakers	1.C.4.c	requiresWorkStyle	workStyleRequiredBy
onet	AnimalCaretakers	1.C.5.a	requiresWorkStyle	workStyleRequiredBy
onet	AnimalCaretakers	1.C.5.b	requiresWorkStyle	workStyleRequiredBy
onet	AnimalCaretakers	1.C.5.c	requiresWorkStyle	workStyleRequiredBy
onet	AnimalCaretakers	1.C.6	requiresWorkStyle	workStyleRequiredBy
onet	AnimalCaretakers	1.C.7.a	requiresWorkStyle	workStyleRequiredBy
onet	AnimalCaretakers	1.C.7.b	requiresWorkStyle	workStyleRequiredBy
onet	AnimalControlWorkers	1.C.1.a	requiresWorkStyle	workStyleRequiredBy
onet	AnimalControlWorkers	1.C.1.b	requiresWorkStyle	workStyleRequiredBy
onet	AnimalControlWorkers	1.C.1.c	requiresWorkStyle	workStyleRequiredBy
onet	AnimalControlWorkers	1.C.2.b	requiresWorkStyle	workStyleRequiredBy
onet	AnimalControlWorkers	1.C.3.a	requiresWorkStyle	workStyleRequiredBy
onet	AnimalControlWorkers	1.C.3.b	requiresWorkStyle	workStyleRequiredBy
onet	AnimalControlWorkers	1.C.3.c	requiresWorkStyle	workStyleRequiredBy
onet	AnimalControlWorkers	1.C.4.a	requiresWorkStyle	workStyleRequiredBy
onet	AnimalControlWorkers	1.C.4.b	requiresWorkStyle	workStyleRequiredBy
onet	AnimalControlWorkers	1.C.4.c	requiresWorkStyle	workStyleRequiredBy
onet	AnimalControlWorkers	1.C.5.a	requiresWorkStyle	workStyleRequiredBy
onet	AnimalControlWorkers	1.C.5.b	requiresWorkStyle	workStyleRequiredBy
onet	AnimalControlWorkers	1.C.5.c	requiresWorkStyle	workStyleRequiredBy
onet	AnimalControlWorkers	1.C.6	requiresWorkStyle	workStyleRequiredBy
onet	AnimalControlWorkers	1.C.7.a	requiresWorkStyle	workStyleRequiredBy
onet	AnimalControlWorkers	1.C.7.b	requiresWorkStyle	workStyleRequiredBy
onet	AnimalScientists	1.C.1.a	requiresWorkStyle	workStyleRequiredBy
onet	AnimalScientists	1.C.1.b	requiresWorkStyle	workStyleRequiredBy
onet	AnimalScientists	1.C.1.c	requiresWorkStyle	workStyleRequiredBy
onet	AnimalScientists	1.C.2.b	requiresWorkStyle	workStyleRequiredBy
onet	AnimalScientists	1.C.3.a	requiresWorkStyle	workStyleRequiredBy
onet	AnimalScientists	1.C.3.b	requiresWorkStyle	workStyleRequiredBy
onet	AnimalScientists	1.C.3.c	requiresWorkStyle	workStyleRequiredBy
onet	AnimalScientists	1.C.4.a	requiresWorkStyle	workStyleRequiredBy
onet	AnimalScientists	1.C.4.b	requiresWorkStyle	workStyleRequiredBy
onet	AnimalScientists	1.C.4.c	requiresWorkStyle	workStyleRequiredBy
onet	AnimalScientists	1.C.5.a	requiresWorkStyle	workStyleRequiredBy
onet	AnimalScientists	1.C.5.b	requiresWorkStyle	workStyleRequiredBy
onet	AnimalScientists	1.C.5.c	requiresWorkStyle	workStyleRequiredBy
onet	AnimalScientists	1.C.6	requiresWorkStyle	workStyleRequiredBy
onet	AnimalScientists	1.C.7.a	requiresWorkStyle	workStyleRequiredBy
onet	AnimalScientists	1.C.7.b	requiresWorkStyle	workStyleRequiredBy
onet	AnimalTrainers	1.C.1.a	requiresWorkStyle	workStyleRequiredBy
onet	AnimalTrainers	1.C.1.b	requiresWorkStyle	workStyleRequiredBy
onet	AnimalTrainers	1.C.1.c	requiresWorkStyle	workStyleRequiredBy
onet	AnimalTrainers	1.C.2.b	requiresWorkStyle	workStyleRequiredBy
onet	AnimalTrainers	1.C.3.a	requiresWorkStyle	workStyleRequiredBy
onet	AnimalTrainers	1.C.3.b	requiresWorkStyle	workStyleRequiredBy
onet	AnimalTrainers	1.C.3.c	requiresWorkStyle	workStyleRequiredBy
onet	AnimalTrainers	1.C.4.a	requiresWorkStyle	workStyleRequiredBy
onet	AnimalTrainers	1.C.4.b	requiresWorkStyle	workStyleRequiredBy
onet	AnimalTrainers	1.C.4.c	requiresWorkStyle	workStyleRequiredBy
onet	AnimalTrainers	1.C.5.a	requiresWorkStyle	workStyleRequiredBy
onet	AnimalTrainers	1.C.5.b	requiresWorkStyle	workStyleRequiredBy
onet	AnimalTrainers	1.C.5.c	requiresWorkStyle	workStyleRequiredBy
onet	AnimalTrainers	1.C.6	requiresWorkStyle	workStyleRequiredBy
onet	AnimalTrainers	1.C.7.a	requiresWorkStyle	workStyleRequiredBy
onet	AnimalTrainers	1.C.7.b	requiresWorkStyle	workStyleRequiredBy
onet	Animators	1.C.1.a	requiresWorkStyle	workStyleRequiredBy
onet	Animators	1.C.1.b	requiresWorkStyle	workStyleRequiredBy
onet	Animators	1.C.1.c	requiresWorkStyle	workStyleRequiredBy
onet	Animators	1.C.2.b	requiresWorkStyle	workStyleRequiredBy
onet	Animators	1.C.3.a	requiresWorkStyle	workStyleRequiredBy
onet	Animators	1.C.3.b	requiresWorkStyle	workStyleRequiredBy
onet	Animators	1.C.3.c	requiresWorkStyle	workStyleRequiredBy
onet	Animators	1.C.4.a	requiresWorkStyle	workStyleRequiredBy
onet	Animators	1.C.4.b	requiresWorkStyle	workStyleRequiredBy
onet	Animators	1.C.4.c	requiresWorkStyle	workStyleRequiredBy
onet	Animators	1.C.5.a	requiresWorkStyle	workStyleRequiredBy
onet	Animators	1.C.5.b	requiresWorkStyle	workStyleRequiredBy
onet	Animators	1.C.5.c	requiresWorkStyle	workStyleRequiredBy
onet	Animators	1.C.6	requiresWorkStyle	workStyleRequiredBy
onet	Animators	1.C.7.a	requiresWorkStyle	workStyleRequiredBy
onet	Animators	1.C.7.b	requiresWorkStyle	workStyleRequiredBy
onet	AnsweringService	1.C.1.a	requiresWorkStyle	workStyleRequiredBy
onet	AnsweringService	1.C.1.b	requiresWorkStyle	workStyleRequiredBy
onet	AnsweringService	1.C.1.c	requiresWorkStyle	workStyleRequiredBy
onet	AnsweringService	1.C.2.b	requiresWorkStyle	workStyleRequiredBy
onet	AnsweringService	1.C.3.a	requiresWorkStyle	workStyleRequiredBy
onet	AnsweringService	1.C.3.b	requiresWorkStyle	workStyleRequiredBy
onet	AnsweringService	1.C.3.c	requiresWorkStyle	workStyleRequiredBy
onet	AnsweringService	1.C.4.a	requiresWorkStyle	workStyleRequiredBy
onet	AnsweringService	1.C.4.b	requiresWorkStyle	workStyleRequiredBy
onet	AnsweringService	1.C.4.c	requiresWorkStyle	workStyleRequiredBy
onet	AnsweringService	1.C.5.a	requiresWorkStyle	workStyleRequiredBy
onet	AnsweringService	1.C.5.b	requiresWorkStyle	workStyleRequiredBy
onet	AnsweringService	1.C.5.c	requiresWorkStyle	workStyleRequiredBy
onet	AnsweringService	1.C.6	requiresWorkStyle	workStyleRequiredBy
onet	AnsweringService	1.C.7.a	requiresWorkStyle	workStyleRequiredBy
onet	AnsweringService	1.C.7.b	requiresWorkStyle	workStyleRequiredBy
onet	ApparelPatternmakers	1.C.1.a	requiresWorkStyle	workStyleRequiredBy
onet	ApparelPatternmakers	1.C.1.b	requiresWorkStyle	workStyleRequiredBy
onet	ApparelPatternmakers	1.C.1.c	requiresWorkStyle	workStyleRequiredBy
onet	ApparelPatternmakers	1.C.2.b	requiresWorkStyle	workStyleRequiredBy
onet	ApparelPatternmakers	1.C.3.a	requiresWorkStyle	workStyleRequiredBy
onet	ApparelPatternmakers	1.C.3.b	requiresWorkStyle	workStyleRequiredBy
onet	ApparelPatternmakers	1.C.3.c	requiresWorkStyle	workStyleRequiredBy
onet	ApparelPatternmakers	1.C.4.a	requiresWorkStyle	workStyleRequiredBy
onet	ApparelPatternmakers	1.C.4.b	requiresWorkStyle	workStyleRequiredBy
onet	ApparelPatternmakers	1.C.4.c	requiresWorkStyle	workStyleRequiredBy
onet	ApparelPatternmakers	1.C.5.a	requiresWorkStyle	workStyleRequiredBy
onet	ApparelPatternmakers	1.C.5.b	requiresWorkStyle	workStyleRequiredBy
onet	ApparelPatternmakers	1.C.5.c	requiresWorkStyle	workStyleRequiredBy
onet	ApparelPatternmakers	1.C.6	requiresWorkStyle	workStyleRequiredBy
onet	ApparelPatternmakers	1.C.7.a	requiresWorkStyle	workStyleRequiredBy
onet	ApparelPatternmakers	1.C.7.b	requiresWorkStyle	workStyleRequiredBy
onet	ApplicatorsVegetation	1.C.1.a	requiresWorkStyle	workStyleRequiredBy
onet	ApplicatorsVegetation	1.C.1.b	requiresWorkStyle	workStyleRequiredBy
onet	ApplicatorsVegetation	1.C.1.c	requiresWorkStyle	workStyleRequiredBy
onet	ApplicatorsVegetation	1.C.2.b	requiresWorkStyle	workStyleRequiredBy
onet	ApplicatorsVegetation	1.C.3.a	requiresWorkStyle	workStyleRequiredBy
onet	ApplicatorsVegetation	1.C.3.b	requiresWorkStyle	workStyleRequiredBy
onet	ApplicatorsVegetation	1.C.3.c	requiresWorkStyle	workStyleRequiredBy
onet	ApplicatorsVegetation	1.C.4.a	requiresWorkStyle	workStyleRequiredBy
onet	ApplicatorsVegetation	1.C.4.b	requiresWorkStyle	workStyleRequiredBy
onet	ApplicatorsVegetation	1.C.4.c	requiresWorkStyle	workStyleRequiredBy
onet	ApplicatorsVegetation	1.C.5.a	requiresWorkStyle	workStyleRequiredBy
onet	ApplicatorsVegetation	1.C.5.b	requiresWorkStyle	workStyleRequiredBy
onet	ApplicatorsVegetation	1.C.5.c	requiresWorkStyle	workStyleRequiredBy
onet	ApplicatorsVegetation	1.C.6	requiresWorkStyle	workStyleRequiredBy
onet	ApplicatorsVegetation	1.C.7.a	requiresWorkStyle	workStyleRequiredBy
onet	ApplicatorsVegetation	1.C.7.b	requiresWorkStyle	workStyleRequiredBy
onet	AquaculturalAnimals	1.C.1.a	requiresWorkStyle	workStyleRequiredBy
onet	AquaculturalAnimals	1.C.1.b	requiresWorkStyle	workStyleRequiredBy
onet	AquaculturalAnimals	1.C.1.c	requiresWorkStyle	workStyleRequiredBy
onet	AquaculturalAnimals	1.C.2.b	requiresWorkStyle	workStyleRequiredBy
onet	AquaculturalAnimals	1.C.3.a	requiresWorkStyle	workStyleRequiredBy
onet	AquaculturalAnimals	1.C.3.b	requiresWorkStyle	workStyleRequiredBy
onet	AquaculturalAnimals	1.C.3.c	requiresWorkStyle	workStyleRequiredBy
onet	AquaculturalAnimals	1.C.4.a	requiresWorkStyle	workStyleRequiredBy
onet	AquaculturalAnimals	1.C.4.b	requiresWorkStyle	workStyleRequiredBy
onet	AquaculturalAnimals	1.C.4.c	requiresWorkStyle	workStyleRequiredBy
onet	AquaculturalAnimals	1.C.5.a	requiresWorkStyle	workStyleRequiredBy
onet	AquaculturalAnimals	1.C.5.b	requiresWorkStyle	workStyleRequiredBy
onet	AquaculturalAnimals	1.C.5.c	requiresWorkStyle	workStyleRequiredBy
onet	AquaculturalAnimals	1.C.6	requiresWorkStyle	workStyleRequiredBy
onet	AquaculturalAnimals	1.C.7.a	requiresWorkStyle	workStyleRequiredBy
onet	AquaculturalAnimals	1.C.7.b	requiresWorkStyle	workStyleRequiredBy
onet	Archeologists	1.C.1.a	requiresWorkStyle	workStyleRequiredBy
onet	Archeologists	1.C.1.b	requiresWorkStyle	workStyleRequiredBy
onet	Archeologists	1.C.1.c	requiresWorkStyle	workStyleRequiredBy
onet	Archeologists	1.C.2.b	requiresWorkStyle	workStyleRequiredBy
onet	Archeologists	1.C.3.a	requiresWorkStyle	workStyleRequiredBy
onet	Archeologists	1.C.3.b	requiresWorkStyle	workStyleRequiredBy
onet	Archeologists	1.C.3.c	requiresWorkStyle	workStyleRequiredBy
onet	Archeologists	1.C.4.a	requiresWorkStyle	workStyleRequiredBy
onet	Archeologists	1.C.4.b	requiresWorkStyle	workStyleRequiredBy
onet	Archeologists	1.C.4.c	requiresWorkStyle	workStyleRequiredBy
onet	Archeologists	1.C.5.a	requiresWorkStyle	workStyleRequiredBy
onet	Archeologists	1.C.5.b	requiresWorkStyle	workStyleRequiredBy
onet	Archeologists	1.C.5.c	requiresWorkStyle	workStyleRequiredBy
onet	Archeologists	1.C.6	requiresWorkStyle	workStyleRequiredBy
onet	Archeologists	1.C.7.a	requiresWorkStyle	workStyleRequiredBy
onet	Archeologists	1.C.7.b	requiresWorkStyle	workStyleRequiredBy
onet	ArcheologyTeachersPostsecondary	1.C.1.a	requiresWorkStyle	workStyleRequiredBy
onet	ArcheologyTeachersPostsecondary	1.C.1.b	requiresWorkStyle	workStyleRequiredBy
onet	ArcheologyTeachersPostsecondary	1.C.1.c	requiresWorkStyle	workStyleRequiredBy
onet	ArcheologyTeachersPostsecondary	1.C.2.b	requiresWorkStyle	workStyleRequiredBy
onet	ArcheologyTeachersPostsecondary	1.C.3.a	requiresWorkStyle	workStyleRequiredBy
onet	ArcheologyTeachersPostsecondary	1.C.3.b	requiresWorkStyle	workStyleRequiredBy
onet	ArcheologyTeachersPostsecondary	1.C.3.c	requiresWorkStyle	workStyleRequiredBy
onet	ArcheologyTeachersPostsecondary	1.C.4.a	requiresWorkStyle	workStyleRequiredBy
onet	ArcheologyTeachersPostsecondary	1.C.4.b	requiresWorkStyle	workStyleRequiredBy
onet	ArcheologyTeachersPostsecondary	1.C.4.c	requiresWorkStyle	workStyleRequiredBy
onet	ArcheologyTeachersPostsecondary	1.C.5.a	requiresWorkStyle	workStyleRequiredBy
onet	ArcheologyTeachersPostsecondary	1.C.5.b	requiresWorkStyle	workStyleRequiredBy
onet	ArcheologyTeachersPostsecondary	1.C.5.c	requiresWorkStyle	workStyleRequiredBy
onet	ArcheologyTeachersPostsecondary	1.C.6	requiresWorkStyle	workStyleRequiredBy
onet	ArcheologyTeachersPostsecondary	1.C.7.a	requiresWorkStyle	workStyleRequiredBy
onet	ArcheologyTeachersPostsecondary	1.C.7.b	requiresWorkStyle	workStyleRequiredBy
onet	ArchitectureTeachersPostsecondary	1.C.1.a	requiresWorkStyle	workStyleRequiredBy
onet	ArchitectureTeachersPostsecondary	1.C.1.b	requiresWorkStyle	workStyleRequiredBy
onet	ArchitectureTeachersPostsecondary	1.C.1.c	requiresWorkStyle	workStyleRequiredBy
onet	ArchitectureTeachersPostsecondary	1.C.2.b	requiresWorkStyle	workStyleRequiredBy
onet	ArchitectureTeachersPostsecondary	1.C.3.a	requiresWorkStyle	workStyleRequiredBy
onet	ArchitectureTeachersPostsecondary	1.C.3.b	requiresWorkStyle	workStyleRequiredBy
onet	ArchitectureTeachersPostsecondary	1.C.3.c	requiresWorkStyle	workStyleRequiredBy
onet	ArchitectureTeachersPostsecondary	1.C.4.a	requiresWorkStyle	workStyleRequiredBy
onet	ArchitectureTeachersPostsecondary	1.C.4.b	requiresWorkStyle	workStyleRequiredBy
onet	ArchitectureTeachersPostsecondary	1.C.4.c	requiresWorkStyle	workStyleRequiredBy
onet	ArchitectureTeachersPostsecondary	1.C.5.a	requiresWorkStyle	workStyleRequiredBy
onet	ArchitectureTeachersPostsecondary	1.C.5.b	requiresWorkStyle	workStyleRequiredBy
onet	ArchitectureTeachersPostsecondary	1.C.5.c	requiresWorkStyle	workStyleRequiredBy
onet	ArchitectureTeachersPostsecondary	1.C.6	requiresWorkStyle	workStyleRequiredBy
onet	ArchitectureTeachersPostsecondary	1.C.7.a	requiresWorkStyle	workStyleRequiredBy
onet	ArchitectureTeachersPostsecondary	1.C.7.b	requiresWorkStyle	workStyleRequiredBy
onet	Archivists	1.C.1.a	requiresWorkStyle	workStyleRequiredBy
onet	Archivists	1.C.1.b	requiresWorkStyle	workStyleRequiredBy
onet	Archivists	1.C.1.c	requiresWorkStyle	workStyleRequiredBy
onet	Archivists	1.C.2.b	requiresWorkStyle	workStyleRequiredBy
onet	Archivists	1.C.3.a	requiresWorkStyle	workStyleRequiredBy
onet	Archivists	1.C.3.b	requiresWorkStyle	workStyleRequiredBy
onet	Archivists	1.C.3.c	requiresWorkStyle	workStyleRequiredBy
onet	Archivists	1.C.4.a	requiresWorkStyle	workStyleRequiredBy
onet	Archivists	1.C.4.b	requiresWorkStyle	workStyleRequiredBy
onet	Archivists	1.C.4.c	requiresWorkStyle	workStyleRequiredBy
onet	Archivists	1.C.5.a	requiresWorkStyle	workStyleRequiredBy
onet	Archivists	1.C.5.b	requiresWorkStyle	workStyleRequiredBy
onet	Archivists	1.C.5.c	requiresWorkStyle	workStyleRequiredBy
onet	Archivists	1.C.6	requiresWorkStyle	workStyleRequiredBy
onet	Archivists	1.C.7.a	requiresWorkStyle	workStyleRequiredBy
onet	Archivists	1.C.7.b	requiresWorkStyle	workStyleRequiredBy
onet	ArtDirectors	1.C.1.a	requiresWorkStyle	workStyleRequiredBy
onet	ArtDirectors	1.C.1.b	requiresWorkStyle	workStyleRequiredBy
onet	ArtDirectors	1.C.1.c	requiresWorkStyle	workStyleRequiredBy
onet	ArtDirectors	1.C.2.b	requiresWorkStyle	workStyleRequiredBy
onet	ArtDirectors	1.C.3.a	requiresWorkStyle	workStyleRequiredBy
onet	ArtDirectors	1.C.3.b	requiresWorkStyle	workStyleRequiredBy
onet	ArtDirectors	1.C.3.c	requiresWorkStyle	workStyleRequiredBy
onet	ArtDirectors	1.C.4.a	requiresWorkStyle	workStyleRequiredBy
onet	ArtDirectors	1.C.4.b	requiresWorkStyle	workStyleRequiredBy
onet	ArtDirectors	1.C.4.c	requiresWorkStyle	workStyleRequiredBy
onet	ArtDirectors	1.C.5.a	requiresWorkStyle	workStyleRequiredBy
onet	ArtDirectors	1.C.5.b	requiresWorkStyle	workStyleRequiredBy
onet	ArtDirectors	1.C.5.c	requiresWorkStyle	workStyleRequiredBy
onet	ArtDirectors	1.C.6	requiresWorkStyle	workStyleRequiredBy
onet	ArtDirectors	1.C.7.a	requiresWorkStyle	workStyleRequiredBy
onet	ArtDirectors	1.C.7.b	requiresWorkStyle	workStyleRequiredBy
onet	ArtTherapists	1.C.1.a	requiresWorkStyle	workStyleRequiredBy
onet	ArtTherapists	1.C.1.b	requiresWorkStyle	workStyleRequiredBy
onet	ArtTherapists	1.C.1.c	requiresWorkStyle	workStyleRequiredBy
onet	ArtTherapists	1.C.2.b	requiresWorkStyle	workStyleRequiredBy
onet	ArtTherapists	1.C.3.a	requiresWorkStyle	workStyleRequiredBy
onet	ArtTherapists	1.C.3.b	requiresWorkStyle	workStyleRequiredBy
onet	ArtTherapists	1.C.3.c	requiresWorkStyle	workStyleRequiredBy
onet	ArtTherapists	1.C.4.a	requiresWorkStyle	workStyleRequiredBy
onet	ArtTherapists	1.C.4.b	requiresWorkStyle	workStyleRequiredBy
onet	ArtTherapists	1.C.4.c	requiresWorkStyle	workStyleRequiredBy
onet	ArtTherapists	1.C.5.a	requiresWorkStyle	workStyleRequiredBy
onet	ArtTherapists	1.C.5.b	requiresWorkStyle	workStyleRequiredBy
onet	ArtTherapists	1.C.5.c	requiresWorkStyle	workStyleRequiredBy
onet	ArtTherapists	1.C.6	requiresWorkStyle	workStyleRequiredBy
onet	ArtTherapists	1.C.7.a	requiresWorkStyle	workStyleRequiredBy
onet	ArtTherapists	1.C.7.b	requiresWorkStyle	workStyleRequiredBy
onet	Assessors	1.C.1.a	requiresWorkStyle	workStyleRequiredBy
onet	Assessors	1.C.1.b	requiresWorkStyle	workStyleRequiredBy
onet	Assessors	1.C.1.c	requiresWorkStyle	workStyleRequiredBy
onet	Assessors	1.C.2.b	requiresWorkStyle	workStyleRequiredBy
onet	Assessors	1.C.3.a	requiresWorkStyle	workStyleRequiredBy
onet	Assessors	1.C.3.b	requiresWorkStyle	workStyleRequiredBy
onet	Assessors	1.C.3.c	requiresWorkStyle	workStyleRequiredBy
onet	Assessors	1.C.4.a	requiresWorkStyle	workStyleRequiredBy
onet	Assessors	1.C.4.b	requiresWorkStyle	workStyleRequiredBy
onet	Assessors	1.C.4.c	requiresWorkStyle	workStyleRequiredBy
onet	Assessors	1.C.5.a	requiresWorkStyle	workStyleRequiredBy
onet	Assessors	1.C.5.b	requiresWorkStyle	workStyleRequiredBy
onet	Assessors	1.C.5.c	requiresWorkStyle	workStyleRequiredBy
onet	Assessors	1.C.6	requiresWorkStyle	workStyleRequiredBy
onet	Assessors	1.C.7.a	requiresWorkStyle	workStyleRequiredBy
onet	Assessors	1.C.7.b	requiresWorkStyle	workStyleRequiredBy
onet	AssessorsOfRealEstate	1.C.1.a	requiresWorkStyle	workStyleRequiredBy
onet	AssessorsOfRealEstate	1.C.1.b	requiresWorkStyle	workStyleRequiredBy
onet	AssessorsOfRealEstate	1.C.1.c	requiresWorkStyle	workStyleRequiredBy
onet	AssessorsOfRealEstate	1.C.2.b	requiresWorkStyle	workStyleRequiredBy
onet	AssessorsOfRealEstate	1.C.3.a	requiresWorkStyle	workStyleRequiredBy
onet	AssessorsOfRealEstate	1.C.3.b	requiresWorkStyle	workStyleRequiredBy
onet	AssessorsOfRealEstate	1.C.3.c	requiresWorkStyle	workStyleRequiredBy
onet	AssessorsOfRealEstate	1.C.4.a	requiresWorkStyle	workStyleRequiredBy
onet	AssessorsOfRealEstate	1.C.4.b	requiresWorkStyle	workStyleRequiredBy
onet	AssessorsOfRealEstate	1.C.4.c	requiresWorkStyle	workStyleRequiredBy
onet	AssessorsOfRealEstate	1.C.5.a	requiresWorkStyle	workStyleRequiredBy
onet	AssessorsOfRealEstate	1.C.5.b	requiresWorkStyle	workStyleRequiredBy
onet	AssessorsOfRealEstate	1.C.5.c	requiresWorkStyle	workStyleRequiredBy
onet	AssessorsOfRealEstate	1.C.6	requiresWorkStyle	workStyleRequiredBy
onet	AssessorsOfRealEstate	1.C.7.a	requiresWorkStyle	workStyleRequiredBy
onet	AssessorsOfRealEstate	1.C.7.b	requiresWorkStyle	workStyleRequiredBy
onet	Astronomers	1.C.1.a	requiresWorkStyle	workStyleRequiredBy
onet	Astronomers	1.C.1.b	requiresWorkStyle	workStyleRequiredBy
onet	Astronomers	1.C.1.c	requiresWorkStyle	workStyleRequiredBy
onet	Astronomers	1.C.2.b	requiresWorkStyle	workStyleRequiredBy
onet	Astronomers	1.C.3.a	requiresWorkStyle	workStyleRequiredBy
onet	Astronomers	1.C.3.b	requiresWorkStyle	workStyleRequiredBy
onet	Astronomers	1.C.3.c	requiresWorkStyle	workStyleRequiredBy
onet	Astronomers	1.C.4.a	requiresWorkStyle	workStyleRequiredBy
onet	Astronomers	1.C.4.b	requiresWorkStyle	workStyleRequiredBy
onet	Astronomers	1.C.4.c	requiresWorkStyle	workStyleRequiredBy
onet	Astronomers	1.C.5.a	requiresWorkStyle	workStyleRequiredBy
onet	Astronomers	1.C.5.b	requiresWorkStyle	workStyleRequiredBy
onet	Astronomers	1.C.5.c	requiresWorkStyle	workStyleRequiredBy
onet	Astronomers	1.C.6	requiresWorkStyle	workStyleRequiredBy
onet	Astronomers	1.C.7.a	requiresWorkStyle	workStyleRequiredBy
onet	Astronomers	1.C.7.b	requiresWorkStyle	workStyleRequiredBy
onet	Athletes	1.C.1.a	requiresWorkStyle	workStyleRequiredBy
onet	Athletes	1.C.1.b	requiresWorkStyle	workStyleRequiredBy
onet	Athletes	1.C.1.c	requiresWorkStyle	workStyleRequiredBy
onet	Athletes	1.C.2.b	requiresWorkStyle	workStyleRequiredBy
onet	Athletes	1.C.3.a	requiresWorkStyle	workStyleRequiredBy
onet	Athletes	1.C.3.b	requiresWorkStyle	workStyleRequiredBy
onet	Athletes	1.C.3.c	requiresWorkStyle	workStyleRequiredBy
onet	Athletes	1.C.4.a	requiresWorkStyle	workStyleRequiredBy
onet	Athletes	1.C.4.b	requiresWorkStyle	workStyleRequiredBy
onet	Athletes	1.C.4.c	requiresWorkStyle	workStyleRequiredBy
onet	Athletes	1.C.5.a	requiresWorkStyle	workStyleRequiredBy
onet	Athletes	1.C.5.b	requiresWorkStyle	workStyleRequiredBy
onet	Athletes	1.C.5.c	requiresWorkStyle	workStyleRequiredBy
onet	Athletes	1.C.6	requiresWorkStyle	workStyleRequiredBy
onet	Athletes	1.C.7.a	requiresWorkStyle	workStyleRequiredBy
onet	Athletes	1.C.7.b	requiresWorkStyle	workStyleRequiredBy
onet	AthleticTrainers	1.C.1.a	requiresWorkStyle	workStyleRequiredBy
onet	AthleticTrainers	1.C.1.b	requiresWorkStyle	workStyleRequiredBy
onet	AthleticTrainers	1.C.1.c	requiresWorkStyle	workStyleRequiredBy
onet	AthleticTrainers	1.C.2.b	requiresWorkStyle	workStyleRequiredBy
onet	AthleticTrainers	1.C.3.a	requiresWorkStyle	workStyleRequiredBy
onet	AthleticTrainers	1.C.3.b	requiresWorkStyle	workStyleRequiredBy
onet	AthleticTrainers	1.C.3.c	requiresWorkStyle	workStyleRequiredBy
onet	AthleticTrainers	1.C.4.a	requiresWorkStyle	workStyleRequiredBy
onet	AthleticTrainers	1.C.4.b	requiresWorkStyle	workStyleRequiredBy
onet	AthleticTrainers	1.C.4.c	requiresWorkStyle	workStyleRequiredBy
onet	AthleticTrainers	1.C.5.a	requiresWorkStyle	workStyleRequiredBy
onet	AthleticTrainers	1.C.5.b	requiresWorkStyle	workStyleRequiredBy
onet	AthleticTrainers	1.C.5.c	requiresWorkStyle	workStyleRequiredBy
onet	AthleticTrainers	1.C.6	requiresWorkStyle	workStyleRequiredBy
onet	AthleticTrainers	1.C.7.a	requiresWorkStyle	workStyleRequiredBy
onet	AthleticTrainers	1.C.7.b	requiresWorkStyle	workStyleRequiredBy
onet	Audiologists	1.C.1.a	requiresWorkStyle	workStyleRequiredBy
onet	Audiologists	1.C.1.b	requiresWorkStyle	workStyleRequiredBy
onet	Audiologists	1.C.1.c	requiresWorkStyle	workStyleRequiredBy
onet	Audiologists	1.C.2.b	requiresWorkStyle	workStyleRequiredBy
onet	Audiologists	1.C.3.a	requiresWorkStyle	workStyleRequiredBy
onet	Audiologists	1.C.3.b	requiresWorkStyle	workStyleRequiredBy
onet	Audiologists	1.C.3.c	requiresWorkStyle	workStyleRequiredBy
onet	Audiologists	1.C.4.a	requiresWorkStyle	workStyleRequiredBy
onet	Audiologists	1.C.4.b	requiresWorkStyle	workStyleRequiredBy
onet	Audiologists	1.C.4.c	requiresWorkStyle	workStyleRequiredBy
onet	Audiologists	1.C.5.a	requiresWorkStyle	workStyleRequiredBy
onet	Audiologists	1.C.5.b	requiresWorkStyle	workStyleRequiredBy
onet	Audiologists	1.C.5.c	requiresWorkStyle	workStyleRequiredBy
onet	Audiologists	1.C.6	requiresWorkStyle	workStyleRequiredBy
onet	Audiologists	1.C.7.a	requiresWorkStyle	workStyleRequiredBy
onet	Audiologists	1.C.7.b	requiresWorkStyle	workStyleRequiredBy
onet	AuditingClerks	1.C.1.a	requiresWorkStyle	workStyleRequiredBy
onet	AuditingClerks	1.C.1.b	requiresWorkStyle	workStyleRequiredBy
onet	AuditingClerks	1.C.1.c	requiresWorkStyle	workStyleRequiredBy
onet	AuditingClerks	1.C.2.b	requiresWorkStyle	workStyleRequiredBy
onet	AuditingClerks	1.C.3.a	requiresWorkStyle	workStyleRequiredBy
onet	AuditingClerks	1.C.3.b	requiresWorkStyle	workStyleRequiredBy
onet	AuditingClerks	1.C.3.c	requiresWorkStyle	workStyleRequiredBy
onet	AuditingClerks	1.C.4.a	requiresWorkStyle	workStyleRequiredBy
onet	AuditingClerks	1.C.4.b	requiresWorkStyle	workStyleRequiredBy
onet	AuditingClerks	1.C.4.c	requiresWorkStyle	workStyleRequiredBy
onet	AuditingClerks	1.C.5.a	requiresWorkStyle	workStyleRequiredBy
onet	AuditingClerks	1.C.5.b	requiresWorkStyle	workStyleRequiredBy
onet	AuditingClerks	1.C.5.c	requiresWorkStyle	workStyleRequiredBy
onet	AuditingClerks	1.C.6	requiresWorkStyle	workStyleRequiredBy
onet	AuditingClerks	1.C.7.a	requiresWorkStyle	workStyleRequiredBy
onet	AuditingClerks	1.C.7.b	requiresWorkStyle	workStyleRequiredBy
onet	Auditors	1.C.1.a	requiresWorkStyle	workStyleRequiredBy
onet	Auditors	1.C.1.b	requiresWorkStyle	workStyleRequiredBy
onet	Auditors	1.C.1.c	requiresWorkStyle	workStyleRequiredBy
onet	Auditors	1.C.2.b	requiresWorkStyle	workStyleRequiredBy
onet	Auditors	1.C.3.a	requiresWorkStyle	workStyleRequiredBy
onet	Auditors	1.C.3.b	requiresWorkStyle	workStyleRequiredBy
onet	Auditors	1.C.3.c	requiresWorkStyle	workStyleRequiredBy
onet	Auditors	1.C.4.a	requiresWorkStyle	workStyleRequiredBy
onet	Auditors	1.C.4.b	requiresWorkStyle	workStyleRequiredBy
onet	Auditors	1.C.4.c	requiresWorkStyle	workStyleRequiredBy
onet	Auditors	1.C.5.a	requiresWorkStyle	workStyleRequiredBy
onet	Auditors	1.C.5.b	requiresWorkStyle	workStyleRequiredBy
onet	Auditors	1.C.5.c	requiresWorkStyle	workStyleRequiredBy
onet	Auditors	1.C.6	requiresWorkStyle	workStyleRequiredBy
onet	Auditors	1.C.7.a	requiresWorkStyle	workStyleRequiredBy
onet	Auditors	1.C.7.b	requiresWorkStyle	workStyleRequiredBy
onet	Authors	1.C.1.a	requiresWorkStyle	workStyleRequiredBy
onet	Authors	1.C.1.b	requiresWorkStyle	workStyleRequiredBy
onet	Authors	1.C.1.c	requiresWorkStyle	workStyleRequiredBy
onet	Authors	1.C.2.b	requiresWorkStyle	workStyleRequiredBy
onet	Authors	1.C.3.a	requiresWorkStyle	workStyleRequiredBy
onet	Authors	1.C.3.b	requiresWorkStyle	workStyleRequiredBy
onet	Authors	1.C.3.c	requiresWorkStyle	workStyleRequiredBy
onet	Authors	1.C.4.a	requiresWorkStyle	workStyleRequiredBy
onet	Authors	1.C.4.b	requiresWorkStyle	workStyleRequiredBy
onet	Authors	1.C.4.c	requiresWorkStyle	workStyleRequiredBy
onet	Authors	1.C.5.a	requiresWorkStyle	workStyleRequiredBy
onet	Authors	1.C.5.b	requiresWorkStyle	workStyleRequiredBy
onet	Authors	1.C.5.c	requiresWorkStyle	workStyleRequiredBy
onet	Authors	1.C.6	requiresWorkStyle	workStyleRequiredBy
onet	Authors	1.C.7.a	requiresWorkStyle	workStyleRequiredBy
onet	Authors	1.C.7.b	requiresWorkStyle	workStyleRequiredBy
onet	AutomotiveEngineeringTechnicians	1.C.1.a	requiresWorkStyle	workStyleRequiredBy
onet	AutomotiveEngineeringTechnicians	1.C.1.b	requiresWorkStyle	workStyleRequiredBy
onet	AutomotiveEngineeringTechnicians	1.C.1.c	requiresWorkStyle	workStyleRequiredBy
onet	AutomotiveEngineeringTechnicians	1.C.2.b	requiresWorkStyle	workStyleRequiredBy
onet	AutomotiveEngineeringTechnicians	1.C.3.a	requiresWorkStyle	workStyleRequiredBy
onet	AutomotiveEngineeringTechnicians	1.C.3.b	requiresWorkStyle	workStyleRequiredBy
onet	AutomotiveEngineeringTechnicians	1.C.3.c	requiresWorkStyle	workStyleRequiredBy
onet	AutomotiveEngineeringTechnicians	1.C.4.a	requiresWorkStyle	workStyleRequiredBy
onet	AutomotiveEngineeringTechnicians	1.C.4.b	requiresWorkStyle	workStyleRequiredBy
onet	AutomotiveEngineeringTechnicians	1.C.4.c	requiresWorkStyle	workStyleRequiredBy
onet	AutomotiveEngineeringTechnicians	1.C.5.a	requiresWorkStyle	workStyleRequiredBy
onet	AutomotiveEngineeringTechnicians	1.C.5.b	requiresWorkStyle	workStyleRequiredBy
onet	AutomotiveEngineeringTechnicians	1.C.5.c	requiresWorkStyle	workStyleRequiredBy
onet	AutomotiveEngineeringTechnicians	1.C.6	requiresWorkStyle	workStyleRequiredBy
onet	AutomotiveEngineeringTechnicians	1.C.7.a	requiresWorkStyle	workStyleRequiredBy
onet	AutomotiveEngineeringTechnicians	1.C.7.b	requiresWorkStyle	workStyleRequiredBy
onet	AutomotiveEngineers	1.C.1.a	requiresWorkStyle	workStyleRequiredBy
onet	AutomotiveEngineers	1.C.1.b	requiresWorkStyle	workStyleRequiredBy
onet	AutomotiveEngineers	1.C.1.c	requiresWorkStyle	workStyleRequiredBy
onet	AutomotiveEngineers	1.C.2.b	requiresWorkStyle	workStyleRequiredBy
onet	AutomotiveEngineers	1.C.3.a	requiresWorkStyle	workStyleRequiredBy
onet	AutomotiveEngineers	1.C.3.b	requiresWorkStyle	workStyleRequiredBy
onet	AutomotiveEngineers	1.C.3.c	requiresWorkStyle	workStyleRequiredBy
onet	AutomotiveEngineers	1.C.4.a	requiresWorkStyle	workStyleRequiredBy
onet	AutomotiveEngineers	1.C.4.b	requiresWorkStyle	workStyleRequiredBy
onet	AutomotiveEngineers	1.C.4.c	requiresWorkStyle	workStyleRequiredBy
onet	AutomotiveEngineers	1.C.5.a	requiresWorkStyle	workStyleRequiredBy
onet	AutomotiveEngineers	1.C.5.b	requiresWorkStyle	workStyleRequiredBy
onet	AutomotiveEngineers	1.C.5.c	requiresWorkStyle	workStyleRequiredBy
onet	AutomotiveEngineers	1.C.6	requiresWorkStyle	workStyleRequiredBy
onet	AutomotiveEngineers	1.C.7.a	requiresWorkStyle	workStyleRequiredBy
onet	AutomotiveEngineers	1.C.7.b	requiresWorkStyle	workStyleRequiredBy
onet	Aviation	1.C.1.a	requiresWorkStyle	workStyleRequiredBy
onet	Aviation	1.C.1.b	requiresWorkStyle	workStyleRequiredBy
onet	Aviation	1.C.1.c	requiresWorkStyle	workStyleRequiredBy
onet	Aviation	1.C.2.b	requiresWorkStyle	workStyleRequiredBy
onet	Aviation	1.C.3.a	requiresWorkStyle	workStyleRequiredBy
onet	Aviation	1.C.3.b	requiresWorkStyle	workStyleRequiredBy
onet	Aviation	1.C.3.c	requiresWorkStyle	workStyleRequiredBy
onet	Aviation	1.C.4.a	requiresWorkStyle	workStyleRequiredBy
onet	Aviation	1.C.4.b	requiresWorkStyle	workStyleRequiredBy
onet	Aviation	1.C.4.c	requiresWorkStyle	workStyleRequiredBy
onet	Aviation	1.C.5.a	requiresWorkStyle	workStyleRequiredBy
onet	Aviation	1.C.5.b	requiresWorkStyle	workStyleRequiredBy
onet	Aviation	1.C.5.c	requiresWorkStyle	workStyleRequiredBy
onet	Aviation	1.C.6	requiresWorkStyle	workStyleRequiredBy
onet	Aviation	1.C.7.a	requiresWorkStyle	workStyleRequiredBy
onet	Aviation	1.C.7.b	requiresWorkStyle	workStyleRequiredBy
onet	AviationInspectors	1.C.1.a	requiresWorkStyle	workStyleRequiredBy
onet	AviationInspectors	1.C.1.b	requiresWorkStyle	workStyleRequiredBy
onet	AviationInspectors	1.C.1.c	requiresWorkStyle	workStyleRequiredBy
onet	AviationInspectors	1.C.2.b	requiresWorkStyle	workStyleRequiredBy
onet	AviationInspectors	1.C.3.a	requiresWorkStyle	workStyleRequiredBy
onet	AviationInspectors	1.C.3.b	requiresWorkStyle	workStyleRequiredBy
onet	AviationInspectors	1.C.3.c	requiresWorkStyle	workStyleRequiredBy
onet	AviationInspectors	1.C.4.a	requiresWorkStyle	workStyleRequiredBy
onet	AviationInspectors	1.C.4.b	requiresWorkStyle	workStyleRequiredBy
onet	AviationInspectors	1.C.4.c	requiresWorkStyle	workStyleRequiredBy
onet	AviationInspectors	1.C.5.a	requiresWorkStyle	workStyleRequiredBy
onet	AviationInspectors	1.C.5.b	requiresWorkStyle	workStyleRequiredBy
onet	AviationInspectors	1.C.5.c	requiresWorkStyle	workStyleRequiredBy
onet	AviationInspectors	1.C.6	requiresWorkStyle	workStyleRequiredBy
onet	AviationInspectors	1.C.7.a	requiresWorkStyle	workStyleRequiredBy
onet	AviationInspectors	1.C.7.b	requiresWorkStyle	workStyleRequiredBy
onet	AvionicsTechnicians	1.C.1.a	requiresWorkStyle	workStyleRequiredBy
onet	AvionicsTechnicians	1.C.1.b	requiresWorkStyle	workStyleRequiredBy
onet	AvionicsTechnicians	1.C.1.c	requiresWorkStyle	workStyleRequiredBy
onet	AvionicsTechnicians	1.C.2.b	requiresWorkStyle	workStyleRequiredBy
onet	AvionicsTechnicians	1.C.3.a	requiresWorkStyle	workStyleRequiredBy
onet	AvionicsTechnicians	1.C.3.b	requiresWorkStyle	workStyleRequiredBy
onet	AvionicsTechnicians	1.C.3.c	requiresWorkStyle	workStyleRequiredBy
onet	AvionicsTechnicians	1.C.4.a	requiresWorkStyle	workStyleRequiredBy
onet	AvionicsTechnicians	1.C.4.b	requiresWorkStyle	workStyleRequiredBy
onet	AvionicsTechnicians	1.C.4.c	requiresWorkStyle	workStyleRequiredBy
onet	AvionicsTechnicians	1.C.5.a	requiresWorkStyle	workStyleRequiredBy
onet	AvionicsTechnicians	1.C.5.b	requiresWorkStyle	workStyleRequiredBy
onet	AvionicsTechnicians	1.C.5.c	requiresWorkStyle	workStyleRequiredBy
onet	AvionicsTechnicians	1.C.6	requiresWorkStyle	workStyleRequiredBy
onet	AvionicsTechnicians	1.C.7.a	requiresWorkStyle	workStyleRequiredBy
onet	AvionicsTechnicians	1.C.7.b	requiresWorkStyle	workStyleRequiredBy
onet	Bailiffs	1.C.1.a	requiresWorkStyle	workStyleRequiredBy
onet	Bailiffs	1.C.1.b	requiresWorkStyle	workStyleRequiredBy
onet	Bailiffs	1.C.1.c	requiresWorkStyle	workStyleRequiredBy
onet	Bailiffs	1.C.2.b	requiresWorkStyle	workStyleRequiredBy
onet	Bailiffs	1.C.3.a	requiresWorkStyle	workStyleRequiredBy
onet	Bailiffs	1.C.3.b	requiresWorkStyle	workStyleRequiredBy
onet	Bailiffs	1.C.3.c	requiresWorkStyle	workStyleRequiredBy
onet	Bailiffs	1.C.4.a	requiresWorkStyle	workStyleRequiredBy
onet	Bailiffs	1.C.4.b	requiresWorkStyle	workStyleRequiredBy
onet	Bailiffs	1.C.4.c	requiresWorkStyle	workStyleRequiredBy
onet	Bailiffs	1.C.5.a	requiresWorkStyle	workStyleRequiredBy
onet	Bailiffs	1.C.5.b	requiresWorkStyle	workStyleRequiredBy
onet	Bailiffs	1.C.5.c	requiresWorkStyle	workStyleRequiredBy
onet	Bailiffs	1.C.6	requiresWorkStyle	workStyleRequiredBy
onet	Bailiffs	1.C.7.a	requiresWorkStyle	workStyleRequiredBy
onet	Bailiffs	1.C.7.b	requiresWorkStyle	workStyleRequiredBy
onet	Bakers	1.C.1.a	requiresWorkStyle	workStyleRequiredBy
onet	Bakers	1.C.1.b	requiresWorkStyle	workStyleRequiredBy
onet	Bakers	1.C.1.c	requiresWorkStyle	workStyleRequiredBy
onet	Bakers	1.C.2.b	requiresWorkStyle	workStyleRequiredBy
onet	Bakers	1.C.3.a	requiresWorkStyle	workStyleRequiredBy
onet	Bakers	1.C.3.b	requiresWorkStyle	workStyleRequiredBy
onet	Bakers	1.C.3.c	requiresWorkStyle	workStyleRequiredBy
onet	Bakers	1.C.4.a	requiresWorkStyle	workStyleRequiredBy
onet	Bakers	1.C.4.b	requiresWorkStyle	workStyleRequiredBy
onet	Bakers	1.C.4.c	requiresWorkStyle	workStyleRequiredBy
onet	Bakers	1.C.5.a	requiresWorkStyle	workStyleRequiredBy
onet	Bakers	1.C.5.b	requiresWorkStyle	workStyleRequiredBy
onet	Bakers	1.C.5.c	requiresWorkStyle	workStyleRequiredBy
onet	Bakers	1.C.6	requiresWorkStyle	workStyleRequiredBy
onet	Bakers	1.C.7.a	requiresWorkStyle	workStyleRequiredBy
onet	Bakers	1.C.7.b	requiresWorkStyle	workStyleRequiredBy
onet	Barbers	1.C.1.a	requiresWorkStyle	workStyleRequiredBy
onet	Barbers	1.C.1.b	requiresWorkStyle	workStyleRequiredBy
onet	Barbers	1.C.1.c	requiresWorkStyle	workStyleRequiredBy
onet	Barbers	1.C.2.b	requiresWorkStyle	workStyleRequiredBy
onet	Barbers	1.C.3.a	requiresWorkStyle	workStyleRequiredBy
onet	Barbers	1.C.3.b	requiresWorkStyle	workStyleRequiredBy
onet	Barbers	1.C.3.c	requiresWorkStyle	workStyleRequiredBy
onet	Barbers	1.C.4.a	requiresWorkStyle	workStyleRequiredBy
onet	Barbers	1.C.4.b	requiresWorkStyle	workStyleRequiredBy
onet	Barbers	1.C.4.c	requiresWorkStyle	workStyleRequiredBy
onet	Barbers	1.C.5.a	requiresWorkStyle	workStyleRequiredBy
onet	Barbers	1.C.5.b	requiresWorkStyle	workStyleRequiredBy
onet	Barbers	1.C.5.c	requiresWorkStyle	workStyleRequiredBy
onet	Barbers	1.C.6	requiresWorkStyle	workStyleRequiredBy
onet	Barbers	1.C.7.a	requiresWorkStyle	workStyleRequiredBy
onet	Barbers	1.C.7.b	requiresWorkStyle	workStyleRequiredBy
onet	Baristas	1.C.1.a	requiresWorkStyle	workStyleRequiredBy
onet	Baristas	1.C.1.b	requiresWorkStyle	workStyleRequiredBy
onet	Baristas	1.C.1.c	requiresWorkStyle	workStyleRequiredBy
onet	Baristas	1.C.2.b	requiresWorkStyle	workStyleRequiredBy
onet	Baristas	1.C.3.a	requiresWorkStyle	workStyleRequiredBy
onet	Baristas	1.C.3.b	requiresWorkStyle	workStyleRequiredBy
onet	Baristas	1.C.3.c	requiresWorkStyle	workStyleRequiredBy
onet	Baristas	1.C.4.a	requiresWorkStyle	workStyleRequiredBy
onet	Baristas	1.C.4.b	requiresWorkStyle	workStyleRequiredBy
onet	Baristas	1.C.4.c	requiresWorkStyle	workStyleRequiredBy
onet	Baristas	1.C.5.a	requiresWorkStyle	workStyleRequiredBy
onet	Baristas	1.C.5.b	requiresWorkStyle	workStyleRequiredBy
onet	Baristas	1.C.5.c	requiresWorkStyle	workStyleRequiredBy
onet	Baristas	1.C.6	requiresWorkStyle	workStyleRequiredBy
onet	Baristas	1.C.7.a	requiresWorkStyle	workStyleRequiredBy
onet	Baristas	1.C.7.b	requiresWorkStyle	workStyleRequiredBy
onet	BartenderHelpers	1.C.1.a	requiresWorkStyle	workStyleRequiredBy
onet	BartenderHelpers	1.C.1.b	requiresWorkStyle	workStyleRequiredBy
onet	BartenderHelpers	1.C.1.c	requiresWorkStyle	workStyleRequiredBy
onet	BartenderHelpers	1.C.2.b	requiresWorkStyle	workStyleRequiredBy
onet	BartenderHelpers	1.C.3.a	requiresWorkStyle	workStyleRequiredBy
onet	BartenderHelpers	1.C.3.b	requiresWorkStyle	workStyleRequiredBy
onet	BartenderHelpers	1.C.3.c	requiresWorkStyle	workStyleRequiredBy
onet	BartenderHelpers	1.C.4.a	requiresWorkStyle	workStyleRequiredBy
onet	BartenderHelpers	1.C.4.b	requiresWorkStyle	workStyleRequiredBy
onet	BartenderHelpers	1.C.4.c	requiresWorkStyle	workStyleRequiredBy
onet	BartenderHelpers	1.C.5.a	requiresWorkStyle	workStyleRequiredBy
onet	BartenderHelpers	1.C.5.b	requiresWorkStyle	workStyleRequiredBy
onet	BartenderHelpers	1.C.5.c	requiresWorkStyle	workStyleRequiredBy
onet	BartenderHelpers	1.C.6	requiresWorkStyle	workStyleRequiredBy
onet	BartenderHelpers	1.C.7.a	requiresWorkStyle	workStyleRequiredBy
onet	BartenderHelpers	1.C.7.b	requiresWorkStyle	workStyleRequiredBy
onet	Bartenders	1.C.1.a	requiresWorkStyle	workStyleRequiredBy
onet	Bartenders	1.C.1.b	requiresWorkStyle	workStyleRequiredBy
onet	Bartenders	1.C.1.c	requiresWorkStyle	workStyleRequiredBy
onet	Bartenders	1.C.2.b	requiresWorkStyle	workStyleRequiredBy
onet	Bartenders	1.C.3.a	requiresWorkStyle	workStyleRequiredBy
onet	Bartenders	1.C.3.b	requiresWorkStyle	workStyleRequiredBy
onet	Bartenders	1.C.3.c	requiresWorkStyle	workStyleRequiredBy
onet	Bartenders	1.C.4.a	requiresWorkStyle	workStyleRequiredBy
onet	Bartenders	1.C.4.b	requiresWorkStyle	workStyleRequiredBy
onet	Bartenders	1.C.4.c	requiresWorkStyle	workStyleRequiredBy
onet	Bartenders	1.C.5.a	requiresWorkStyle	workStyleRequiredBy
onet	Bartenders	1.C.5.b	requiresWorkStyle	workStyleRequiredBy
onet	Bartenders	1.C.5.c	requiresWorkStyle	workStyleRequiredBy
onet	Bartenders	1.C.6	requiresWorkStyle	workStyleRequiredBy
onet	Bartenders	1.C.7.a	requiresWorkStyle	workStyleRequiredBy
onet	Bartenders	1.C.7.b	requiresWorkStyle	workStyleRequiredBy
onet	BehavioralDisorderCounselors	1.C.1.a	requiresWorkStyle	workStyleRequiredBy
onet	BehavioralDisorderCounselors	1.C.1.b	requiresWorkStyle	workStyleRequiredBy
onet	BehavioralDisorderCounselors	1.C.1.c	requiresWorkStyle	workStyleRequiredBy
onet	BehavioralDisorderCounselors	1.C.2.b	requiresWorkStyle	workStyleRequiredBy
onet	BehavioralDisorderCounselors	1.C.3.a	requiresWorkStyle	workStyleRequiredBy
onet	BehavioralDisorderCounselors	1.C.3.b	requiresWorkStyle	workStyleRequiredBy
onet	BehavioralDisorderCounselors	1.C.3.c	requiresWorkStyle	workStyleRequiredBy
onet	BehavioralDisorderCounselors	1.C.4.a	requiresWorkStyle	workStyleRequiredBy
onet	BehavioralDisorderCounselors	1.C.4.b	requiresWorkStyle	workStyleRequiredBy
onet	BehavioralDisorderCounselors	1.C.4.c	requiresWorkStyle	workStyleRequiredBy
onet	BehavioralDisorderCounselors	1.C.5.a	requiresWorkStyle	workStyleRequiredBy
onet	BehavioralDisorderCounselors	1.C.5.b	requiresWorkStyle	workStyleRequiredBy
onet	BehavioralDisorderCounselors	1.C.5.c	requiresWorkStyle	workStyleRequiredBy
onet	BehavioralDisorderCounselors	1.C.6	requiresWorkStyle	workStyleRequiredBy
onet	BehavioralDisorderCounselors	1.C.7.a	requiresWorkStyle	workStyleRequiredBy
onet	BehavioralDisorderCounselors	1.C.7.b	requiresWorkStyle	workStyleRequiredBy
onet	Bellhops	1.C.1.a	requiresWorkStyle	workStyleRequiredBy
onet	Bellhops	1.C.1.b	requiresWorkStyle	workStyleRequiredBy
onet	Bellhops	1.C.1.c	requiresWorkStyle	workStyleRequiredBy
onet	Bellhops	1.C.2.b	requiresWorkStyle	workStyleRequiredBy
onet	Bellhops	1.C.3.a	requiresWorkStyle	workStyleRequiredBy
onet	Bellhops	1.C.3.b	requiresWorkStyle	workStyleRequiredBy
onet	Bellhops	1.C.3.c	requiresWorkStyle	workStyleRequiredBy
onet	Bellhops	1.C.4.a	requiresWorkStyle	workStyleRequiredBy
onet	Bellhops	1.C.4.b	requiresWorkStyle	workStyleRequiredBy
onet	Bellhops	1.C.4.c	requiresWorkStyle	workStyleRequiredBy
onet	Bellhops	1.C.5.a	requiresWorkStyle	workStyleRequiredBy
onet	Bellhops	1.C.5.b	requiresWorkStyle	workStyleRequiredBy
onet	Bellhops	1.C.5.c	requiresWorkStyle	workStyleRequiredBy
onet	Bellhops	1.C.6	requiresWorkStyle	workStyleRequiredBy
onet	Bellhops	1.C.7.a	requiresWorkStyle	workStyleRequiredBy
onet	Bellhops	1.C.7.b	requiresWorkStyle	workStyleRequiredBy
onet	BenchCarpenters	1.C.1.a	requiresWorkStyle	workStyleRequiredBy
onet	BenchCarpenters	1.C.1.b	requiresWorkStyle	workStyleRequiredBy
onet	BenchCarpenters	1.C.1.c	requiresWorkStyle	workStyleRequiredBy
onet	BenchCarpenters	1.C.2.b	requiresWorkStyle	workStyleRequiredBy
onet	BenchCarpenters	1.C.3.a	requiresWorkStyle	workStyleRequiredBy
onet	BenchCarpenters	1.C.3.b	requiresWorkStyle	workStyleRequiredBy
onet	BenchCarpenters	1.C.3.c	requiresWorkStyle	workStyleRequiredBy
onet	BenchCarpenters	1.C.4.a	requiresWorkStyle	workStyleRequiredBy
onet	BenchCarpenters	1.C.4.b	requiresWorkStyle	workStyleRequiredBy
onet	BenchCarpenters	1.C.4.c	requiresWorkStyle	workStyleRequiredBy
onet	BenchCarpenters	1.C.5.a	requiresWorkStyle	workStyleRequiredBy
onet	BenchCarpenters	1.C.5.b	requiresWorkStyle	workStyleRequiredBy
onet	BenchCarpenters	1.C.5.c	requiresWorkStyle	workStyleRequiredBy
onet	BenchCarpenters	1.C.6	requiresWorkStyle	workStyleRequiredBy
onet	BenchCarpenters	1.C.7.a	requiresWorkStyle	workStyleRequiredBy
onet	BenchCarpenters	1.C.7.b	requiresWorkStyle	workStyleRequiredBy
onet	BenefitsManagers	1.C.1.a	requiresWorkStyle	workStyleRequiredBy
onet	BenefitsManagers	1.C.1.b	requiresWorkStyle	workStyleRequiredBy
onet	BenefitsManagers	1.C.1.c	requiresWorkStyle	workStyleRequiredBy
onet	BenefitsManagers	1.C.2.b	requiresWorkStyle	workStyleRequiredBy
onet	BenefitsManagers	1.C.3.a	requiresWorkStyle	workStyleRequiredBy
onet	BenefitsManagers	1.C.3.b	requiresWorkStyle	workStyleRequiredBy
onet	BenefitsManagers	1.C.3.c	requiresWorkStyle	workStyleRequiredBy
onet	BenefitsManagers	1.C.4.a	requiresWorkStyle	workStyleRequiredBy
onet	BenefitsManagers	1.C.4.b	requiresWorkStyle	workStyleRequiredBy
onet	BenefitsManagers	1.C.4.c	requiresWorkStyle	workStyleRequiredBy
onet	BenefitsManagers	1.C.5.a	requiresWorkStyle	workStyleRequiredBy
onet	BenefitsManagers	1.C.5.b	requiresWorkStyle	workStyleRequiredBy
onet	BenefitsManagers	1.C.5.c	requiresWorkStyle	workStyleRequiredBy
onet	BenefitsManagers	1.C.6	requiresWorkStyle	workStyleRequiredBy
onet	BenefitsManagers	1.C.7.a	requiresWorkStyle	workStyleRequiredBy
onet	BenefitsManagers	1.C.7.b	requiresWorkStyle	workStyleRequiredBy
onet	BicycleRepairers	1.C.1.a	requiresWorkStyle	workStyleRequiredBy
onet	BicycleRepairers	1.C.1.b	requiresWorkStyle	workStyleRequiredBy
onet	BicycleRepairers	1.C.1.c	requiresWorkStyle	workStyleRequiredBy
onet	BicycleRepairers	1.C.2.b	requiresWorkStyle	workStyleRequiredBy
onet	BicycleRepairers	1.C.3.a	requiresWorkStyle	workStyleRequiredBy
onet	BicycleRepairers	1.C.3.b	requiresWorkStyle	workStyleRequiredBy
onet	BicycleRepairers	1.C.3.c	requiresWorkStyle	workStyleRequiredBy
onet	BicycleRepairers	1.C.4.a	requiresWorkStyle	workStyleRequiredBy
onet	BicycleRepairers	1.C.4.b	requiresWorkStyle	workStyleRequiredBy
onet	BicycleRepairers	1.C.4.c	requiresWorkStyle	workStyleRequiredBy
onet	BicycleRepairers	1.C.5.a	requiresWorkStyle	workStyleRequiredBy
onet	BicycleRepairers	1.C.5.b	requiresWorkStyle	workStyleRequiredBy
onet	BicycleRepairers	1.C.5.c	requiresWorkStyle	workStyleRequiredBy
onet	BicycleRepairers	1.C.6	requiresWorkStyle	workStyleRequiredBy
onet	BicycleRepairers	1.C.7.a	requiresWorkStyle	workStyleRequiredBy
onet	BicycleRepairers	1.C.7.b	requiresWorkStyle	workStyleRequiredBy
onet	BiofuelsProcessingTechnicians	1.C.1.a	requiresWorkStyle	workStyleRequiredBy
onet	BiofuelsProcessingTechnicians	1.C.1.b	requiresWorkStyle	workStyleRequiredBy
onet	BiofuelsProcessingTechnicians	1.C.1.c	requiresWorkStyle	workStyleRequiredBy
onet	BiofuelsProcessingTechnicians	1.C.2.b	requiresWorkStyle	workStyleRequiredBy
onet	BiofuelsProcessingTechnicians	1.C.3.a	requiresWorkStyle	workStyleRequiredBy
onet	BiofuelsProcessingTechnicians	1.C.3.b	requiresWorkStyle	workStyleRequiredBy
onet	BiofuelsProcessingTechnicians	1.C.3.c	requiresWorkStyle	workStyleRequiredBy
onet	BiofuelsProcessingTechnicians	1.C.4.a	requiresWorkStyle	workStyleRequiredBy
onet	BiofuelsProcessingTechnicians	1.C.4.b	requiresWorkStyle	workStyleRequiredBy
onet	BiofuelsProcessingTechnicians	1.C.4.c	requiresWorkStyle	workStyleRequiredBy
onet	BiofuelsProcessingTechnicians	1.C.5.a	requiresWorkStyle	workStyleRequiredBy
onet	BiofuelsProcessingTechnicians	1.C.5.b	requiresWorkStyle	workStyleRequiredBy
onet	BiofuelsProcessingTechnicians	1.C.5.c	requiresWorkStyle	workStyleRequiredBy
onet	BiofuelsProcessingTechnicians	1.C.6	requiresWorkStyle	workStyleRequiredBy
onet	BiofuelsProcessingTechnicians	1.C.7.a	requiresWorkStyle	workStyleRequiredBy
onet	BiofuelsProcessingTechnicians	1.C.7.b	requiresWorkStyle	workStyleRequiredBy
onet	BiofuelsProductionManagers	1.C.1.a	requiresWorkStyle	workStyleRequiredBy
onet	BiofuelsProductionManagers	1.C.1.b	requiresWorkStyle	workStyleRequiredBy
onet	BiofuelsProductionManagers	1.C.1.c	requiresWorkStyle	workStyleRequiredBy
onet	BiofuelsProductionManagers	1.C.2.b	requiresWorkStyle	workStyleRequiredBy
onet	BiofuelsProductionManagers	1.C.3.a	requiresWorkStyle	workStyleRequiredBy
onet	BiofuelsProductionManagers	1.C.3.b	requiresWorkStyle	workStyleRequiredBy
onet	BiofuelsProductionManagers	1.C.3.c	requiresWorkStyle	workStyleRequiredBy
onet	BiofuelsProductionManagers	1.C.4.a	requiresWorkStyle	workStyleRequiredBy
onet	BiofuelsProductionManagers	1.C.4.b	requiresWorkStyle	workStyleRequiredBy
onet	BiofuelsProductionManagers	1.C.4.c	requiresWorkStyle	workStyleRequiredBy
onet	BiofuelsProductionManagers	1.C.5.a	requiresWorkStyle	workStyleRequiredBy
onet	BiofuelsProductionManagers	1.C.5.b	requiresWorkStyle	workStyleRequiredBy
onet	BiofuelsProductionManagers	1.C.5.c	requiresWorkStyle	workStyleRequiredBy
onet	BiofuelsProductionManagers	1.C.6	requiresWorkStyle	workStyleRequiredBy
onet	BiofuelsProductionManagers	1.C.7.a	requiresWorkStyle	workStyleRequiredBy
onet	BiofuelsProductionManagers	1.C.7.b	requiresWorkStyle	workStyleRequiredBy
onet	BioinformaticsScientists	1.C.1.a	requiresWorkStyle	workStyleRequiredBy
onet	BioinformaticsScientists	1.C.1.b	requiresWorkStyle	workStyleRequiredBy
onet	BioinformaticsScientists	1.C.1.c	requiresWorkStyle	workStyleRequiredBy
onet	BioinformaticsScientists	1.C.2.b	requiresWorkStyle	workStyleRequiredBy
onet	BioinformaticsScientists	1.C.3.a	requiresWorkStyle	workStyleRequiredBy
onet	BioinformaticsScientists	1.C.3.b	requiresWorkStyle	workStyleRequiredBy
onet	BioinformaticsScientists	1.C.3.c	requiresWorkStyle	workStyleRequiredBy
onet	BioinformaticsScientists	1.C.4.a	requiresWorkStyle	workStyleRequiredBy
onet	BioinformaticsScientists	1.C.4.b	requiresWorkStyle	workStyleRequiredBy
onet	BioinformaticsScientists	1.C.4.c	requiresWorkStyle	workStyleRequiredBy
onet	BioinformaticsScientists	1.C.5.a	requiresWorkStyle	workStyleRequiredBy
onet	BioinformaticsScientists	1.C.5.b	requiresWorkStyle	workStyleRequiredBy
onet	BioinformaticsScientists	1.C.5.c	requiresWorkStyle	workStyleRequiredBy
onet	BioinformaticsScientists	1.C.6	requiresWorkStyle	workStyleRequiredBy
onet	BioinformaticsScientists	1.C.7.a	requiresWorkStyle	workStyleRequiredBy
onet	BioinformaticsScientists	1.C.7.b	requiresWorkStyle	workStyleRequiredBy
onet	BioinformaticsTechnicians	1.C.1.a	requiresWorkStyle	workStyleRequiredBy
onet	BioinformaticsTechnicians	1.C.1.b	requiresWorkStyle	workStyleRequiredBy
onet	BioinformaticsTechnicians	1.C.1.c	requiresWorkStyle	workStyleRequiredBy
onet	BioinformaticsTechnicians	1.C.2.b	requiresWorkStyle	workStyleRequiredBy
onet	BioinformaticsTechnicians	1.C.3.a	requiresWorkStyle	workStyleRequiredBy
onet	BioinformaticsTechnicians	1.C.3.b	requiresWorkStyle	workStyleRequiredBy
onet	BioinformaticsTechnicians	1.C.3.c	requiresWorkStyle	workStyleRequiredBy
onet	BioinformaticsTechnicians	1.C.4.a	requiresWorkStyle	workStyleRequiredBy
onet	BioinformaticsTechnicians	1.C.4.b	requiresWorkStyle	workStyleRequiredBy
onet	BioinformaticsTechnicians	1.C.4.c	requiresWorkStyle	workStyleRequiredBy
onet	BioinformaticsTechnicians	1.C.5.a	requiresWorkStyle	workStyleRequiredBy
onet	BioinformaticsTechnicians	1.C.5.b	requiresWorkStyle	workStyleRequiredBy
onet	BioinformaticsTechnicians	1.C.5.c	requiresWorkStyle	workStyleRequiredBy
onet	BioinformaticsTechnicians	1.C.6	requiresWorkStyle	workStyleRequiredBy
onet	BioinformaticsTechnicians	1.C.7.a	requiresWorkStyle	workStyleRequiredBy
onet	BioinformaticsTechnicians	1.C.7.b	requiresWorkStyle	workStyleRequiredBy
onet	BiologicalScienceTeachersPostsecondary	1.C.1.a	requiresWorkStyle	workStyleRequiredBy
onet	BiologicalScienceTeachersPostsecondary	1.C.1.b	requiresWorkStyle	workStyleRequiredBy
onet	BiologicalScienceTeachersPostsecondary	1.C.1.c	requiresWorkStyle	workStyleRequiredBy
onet	BiologicalScienceTeachersPostsecondary	1.C.2.b	requiresWorkStyle	workStyleRequiredBy
onet	BiologicalScienceTeachersPostsecondary	1.C.3.a	requiresWorkStyle	workStyleRequiredBy
onet	BiologicalScienceTeachersPostsecondary	1.C.3.b	requiresWorkStyle	workStyleRequiredBy
onet	BiologicalScienceTeachersPostsecondary	1.C.3.c	requiresWorkStyle	workStyleRequiredBy
onet	BiologicalScienceTeachersPostsecondary	1.C.4.a	requiresWorkStyle	workStyleRequiredBy
onet	BiologicalScienceTeachersPostsecondary	1.C.4.b	requiresWorkStyle	workStyleRequiredBy
onet	BiologicalScienceTeachersPostsecondary	1.C.4.c	requiresWorkStyle	workStyleRequiredBy
onet	BiologicalScienceTeachersPostsecondary	1.C.5.a	requiresWorkStyle	workStyleRequiredBy
onet	BiologicalScienceTeachersPostsecondary	1.C.5.b	requiresWorkStyle	workStyleRequiredBy
onet	BiologicalScienceTeachersPostsecondary	1.C.5.c	requiresWorkStyle	workStyleRequiredBy
onet	BiologicalScienceTeachersPostsecondary	1.C.6	requiresWorkStyle	workStyleRequiredBy
onet	BiologicalScienceTeachersPostsecondary	1.C.7.a	requiresWorkStyle	workStyleRequiredBy
onet	BiologicalScienceTeachersPostsecondary	1.C.7.b	requiresWorkStyle	workStyleRequiredBy
onet	BiologicalTechnicians	1.C.1.a	requiresWorkStyle	workStyleRequiredBy
onet	BiologicalTechnicians	1.C.1.b	requiresWorkStyle	workStyleRequiredBy
onet	BiologicalTechnicians	1.C.1.c	requiresWorkStyle	workStyleRequiredBy
onet	BiologicalTechnicians	1.C.2.b	requiresWorkStyle	workStyleRequiredBy
onet	BiologicalTechnicians	1.C.3.a	requiresWorkStyle	workStyleRequiredBy
onet	BiologicalTechnicians	1.C.3.b	requiresWorkStyle	workStyleRequiredBy
onet	BiologicalTechnicians	1.C.3.c	requiresWorkStyle	workStyleRequiredBy
onet	BiologicalTechnicians	1.C.4.a	requiresWorkStyle	workStyleRequiredBy
onet	BiologicalTechnicians	1.C.4.b	requiresWorkStyle	workStyleRequiredBy
onet	BiologicalTechnicians	1.C.4.c	requiresWorkStyle	workStyleRequiredBy
onet	BiologicalTechnicians	1.C.5.a	requiresWorkStyle	workStyleRequiredBy
onet	BiologicalTechnicians	1.C.5.b	requiresWorkStyle	workStyleRequiredBy
onet	BiologicalTechnicians	1.C.5.c	requiresWorkStyle	workStyleRequiredBy
onet	BiologicalTechnicians	1.C.6	requiresWorkStyle	workStyleRequiredBy
onet	BiologicalTechnicians	1.C.7.a	requiresWorkStyle	workStyleRequiredBy
onet	BiologicalTechnicians	1.C.7.b	requiresWorkStyle	workStyleRequiredBy
onet	Biologists	1.C.1.a	requiresWorkStyle	workStyleRequiredBy
onet	Biologists	1.C.1.b	requiresWorkStyle	workStyleRequiredBy
onet	Biologists	1.C.1.c	requiresWorkStyle	workStyleRequiredBy
onet	Biologists	1.C.2.b	requiresWorkStyle	workStyleRequiredBy
onet	Biologists	1.C.3.a	requiresWorkStyle	workStyleRequiredBy
onet	Biologists	1.C.3.b	requiresWorkStyle	workStyleRequiredBy
onet	Biologists	1.C.3.c	requiresWorkStyle	workStyleRequiredBy
onet	Biologists	1.C.4.a	requiresWorkStyle	workStyleRequiredBy
onet	Biologists	1.C.4.b	requiresWorkStyle	workStyleRequiredBy
onet	Biologists	1.C.4.c	requiresWorkStyle	workStyleRequiredBy
onet	Biologists	1.C.5.a	requiresWorkStyle	workStyleRequiredBy
onet	Biologists	1.C.5.b	requiresWorkStyle	workStyleRequiredBy
onet	Biologists	1.C.5.c	requiresWorkStyle	workStyleRequiredBy
onet	Biologists	1.C.6	requiresWorkStyle	workStyleRequiredBy
onet	Biologists	1.C.7.a	requiresWorkStyle	workStyleRequiredBy
onet	Biologists	1.C.7.b	requiresWorkStyle	workStyleRequiredBy
onet	BiomassPlantTechnicians	1.C.1.a	requiresWorkStyle	workStyleRequiredBy
onet	BiomassPlantTechnicians	1.C.1.b	requiresWorkStyle	workStyleRequiredBy
onet	BiomassPlantTechnicians	1.C.1.c	requiresWorkStyle	workStyleRequiredBy
onet	BiomassPlantTechnicians	1.C.2.b	requiresWorkStyle	workStyleRequiredBy
onet	BiomassPlantTechnicians	1.C.3.a	requiresWorkStyle	workStyleRequiredBy
onet	BiomassPlantTechnicians	1.C.3.b	requiresWorkStyle	workStyleRequiredBy
onet	BiomassPlantTechnicians	1.C.3.c	requiresWorkStyle	workStyleRequiredBy
onet	BiomassPlantTechnicians	1.C.4.a	requiresWorkStyle	workStyleRequiredBy
onet	BiomassPlantTechnicians	1.C.4.b	requiresWorkStyle	workStyleRequiredBy
onet	BiomassPlantTechnicians	1.C.4.c	requiresWorkStyle	workStyleRequiredBy
onet	BiomassPlantTechnicians	1.C.5.a	requiresWorkStyle	workStyleRequiredBy
onet	BiomassPlantTechnicians	1.C.5.b	requiresWorkStyle	workStyleRequiredBy
onet	BiomassPlantTechnicians	1.C.5.c	requiresWorkStyle	workStyleRequiredBy
onet	BiomassPlantTechnicians	1.C.6	requiresWorkStyle	workStyleRequiredBy
onet	BiomassPlantTechnicians	1.C.7.a	requiresWorkStyle	workStyleRequiredBy
onet	BiomassPlantTechnicians	1.C.7.b	requiresWorkStyle	workStyleRequiredBy
onet	BiomassPowerPlantManagers	1.C.1.a	requiresWorkStyle	workStyleRequiredBy
onet	BiomassPowerPlantManagers	1.C.1.b	requiresWorkStyle	workStyleRequiredBy
onet	BiomassPowerPlantManagers	1.C.1.c	requiresWorkStyle	workStyleRequiredBy
onet	BiomassPowerPlantManagers	1.C.2.b	requiresWorkStyle	workStyleRequiredBy
onet	BiomassPowerPlantManagers	1.C.3.a	requiresWorkStyle	workStyleRequiredBy
onet	BiomassPowerPlantManagers	1.C.3.b	requiresWorkStyle	workStyleRequiredBy
onet	BiomassPowerPlantManagers	1.C.3.c	requiresWorkStyle	workStyleRequiredBy
onet	BiomassPowerPlantManagers	1.C.4.a	requiresWorkStyle	workStyleRequiredBy
onet	BiomassPowerPlantManagers	1.C.4.b	requiresWorkStyle	workStyleRequiredBy
onet	BiomassPowerPlantManagers	1.C.4.c	requiresWorkStyle	workStyleRequiredBy
onet	BiomassPowerPlantManagers	1.C.5.a	requiresWorkStyle	workStyleRequiredBy
onet	BiomassPowerPlantManagers	1.C.5.b	requiresWorkStyle	workStyleRequiredBy
onet	BiomassPowerPlantManagers	1.C.5.c	requiresWorkStyle	workStyleRequiredBy
onet	BiomassPowerPlantManagers	1.C.6	requiresWorkStyle	workStyleRequiredBy
onet	BiomassPowerPlantManagers	1.C.7.a	requiresWorkStyle	workStyleRequiredBy
onet	BiomassPowerPlantManagers	1.C.7.b	requiresWorkStyle	workStyleRequiredBy
onet	BiomedicalEngineers	1.C.1.a	requiresWorkStyle	workStyleRequiredBy
onet	BiomedicalEngineers	1.C.1.b	requiresWorkStyle	workStyleRequiredBy
onet	BiomedicalEngineers	1.C.1.c	requiresWorkStyle	workStyleRequiredBy
onet	BiomedicalEngineers	1.C.2.b	requiresWorkStyle	workStyleRequiredBy
onet	BiomedicalEngineers	1.C.3.a	requiresWorkStyle	workStyleRequiredBy
onet	BiomedicalEngineers	1.C.3.b	requiresWorkStyle	workStyleRequiredBy
onet	BiomedicalEngineers	1.C.3.c	requiresWorkStyle	workStyleRequiredBy
onet	BiomedicalEngineers	1.C.4.a	requiresWorkStyle	workStyleRequiredBy
onet	BiomedicalEngineers	1.C.4.b	requiresWorkStyle	workStyleRequiredBy
onet	BiomedicalEngineers	1.C.4.c	requiresWorkStyle	workStyleRequiredBy
onet	BiomedicalEngineers	1.C.5.a	requiresWorkStyle	workStyleRequiredBy
onet	BiomedicalEngineers	1.C.5.b	requiresWorkStyle	workStyleRequiredBy
onet	BiomedicalEngineers	1.C.5.c	requiresWorkStyle	workStyleRequiredBy
onet	BiomedicalEngineers	1.C.6	requiresWorkStyle	workStyleRequiredBy
onet	BiomedicalEngineers	1.C.7.a	requiresWorkStyle	workStyleRequiredBy
onet	BiomedicalEngineers	1.C.7.b	requiresWorkStyle	workStyleRequiredBy
onet	Biophysicists	1.C.1.a	requiresWorkStyle	workStyleRequiredBy
onet	Biophysicists	1.C.1.b	requiresWorkStyle	workStyleRequiredBy
onet	Biophysicists	1.C.1.c	requiresWorkStyle	workStyleRequiredBy
onet	Biophysicists	1.C.2.b	requiresWorkStyle	workStyleRequiredBy
onet	Biophysicists	1.C.3.a	requiresWorkStyle	workStyleRequiredBy
onet	Biophysicists	1.C.3.b	requiresWorkStyle	workStyleRequiredBy
onet	Biophysicists	1.C.3.c	requiresWorkStyle	workStyleRequiredBy
onet	Biophysicists	1.C.4.a	requiresWorkStyle	workStyleRequiredBy
onet	Biophysicists	1.C.4.b	requiresWorkStyle	workStyleRequiredBy
onet	Biophysicists	1.C.4.c	requiresWorkStyle	workStyleRequiredBy
onet	Biophysicists	1.C.5.a	requiresWorkStyle	workStyleRequiredBy
onet	Biophysicists	1.C.5.b	requiresWorkStyle	workStyleRequiredBy
onet	Biophysicists	1.C.5.c	requiresWorkStyle	workStyleRequiredBy
onet	Biophysicists	1.C.6	requiresWorkStyle	workStyleRequiredBy
onet	Biophysicists	1.C.7.a	requiresWorkStyle	workStyleRequiredBy
onet	Biophysicists	1.C.7.b	requiresWorkStyle	workStyleRequiredBy
onet	Biostatisticians	1.C.1.a	requiresWorkStyle	workStyleRequiredBy
onet	Biostatisticians	1.C.1.b	requiresWorkStyle	workStyleRequiredBy
onet	Biostatisticians	1.C.1.c	requiresWorkStyle	workStyleRequiredBy
onet	Biostatisticians	1.C.2.b	requiresWorkStyle	workStyleRequiredBy
onet	Biostatisticians	1.C.3.a	requiresWorkStyle	workStyleRequiredBy
onet	Biostatisticians	1.C.3.b	requiresWorkStyle	workStyleRequiredBy
onet	Biostatisticians	1.C.3.c	requiresWorkStyle	workStyleRequiredBy
onet	Biostatisticians	1.C.4.a	requiresWorkStyle	workStyleRequiredBy
onet	Biostatisticians	1.C.4.b	requiresWorkStyle	workStyleRequiredBy
onet	Biostatisticians	1.C.4.c	requiresWorkStyle	workStyleRequiredBy
onet	Biostatisticians	1.C.5.a	requiresWorkStyle	workStyleRequiredBy
onet	Biostatisticians	1.C.5.b	requiresWorkStyle	workStyleRequiredBy
onet	Biostatisticians	1.C.5.c	requiresWorkStyle	workStyleRequiredBy
onet	Biostatisticians	1.C.6	requiresWorkStyle	workStyleRequiredBy
onet	Biostatisticians	1.C.7.a	requiresWorkStyle	workStyleRequiredBy
onet	Biostatisticians	1.C.7.b	requiresWorkStyle	workStyleRequiredBy
onet	Blasters	1.C.1.a	requiresWorkStyle	workStyleRequiredBy
onet	Blasters	1.C.1.b	requiresWorkStyle	workStyleRequiredBy
onet	Blasters	1.C.1.c	requiresWorkStyle	workStyleRequiredBy
onet	Blasters	1.C.2.b	requiresWorkStyle	workStyleRequiredBy
onet	Blasters	1.C.3.a	requiresWorkStyle	workStyleRequiredBy
onet	Blasters	1.C.3.b	requiresWorkStyle	workStyleRequiredBy
onet	Blasters	1.C.3.c	requiresWorkStyle	workStyleRequiredBy
onet	Blasters	1.C.4.a	requiresWorkStyle	workStyleRequiredBy
onet	Blasters	1.C.4.b	requiresWorkStyle	workStyleRequiredBy
onet	Blasters	1.C.4.c	requiresWorkStyle	workStyleRequiredBy
onet	Blasters	1.C.5.a	requiresWorkStyle	workStyleRequiredBy
onet	Blasters	1.C.5.b	requiresWorkStyle	workStyleRequiredBy
onet	Blasters	1.C.5.c	requiresWorkStyle	workStyleRequiredBy
onet	Blasters	1.C.6	requiresWorkStyle	workStyleRequiredBy
onet	Blasters	1.C.7.a	requiresWorkStyle	workStyleRequiredBy
onet	Blasters	1.C.7.b	requiresWorkStyle	workStyleRequiredBy
onet	Blockmasons	1.C.1.a	requiresWorkStyle	workStyleRequiredBy
onet	Blockmasons	1.C.1.b	requiresWorkStyle	workStyleRequiredBy
onet	Blockmasons	1.C.1.c	requiresWorkStyle	workStyleRequiredBy
onet	Blockmasons	1.C.2.b	requiresWorkStyle	workStyleRequiredBy
onet	Blockmasons	1.C.3.a	requiresWorkStyle	workStyleRequiredBy
onet	Blockmasons	1.C.3.b	requiresWorkStyle	workStyleRequiredBy
onet	Blockmasons	1.C.3.c	requiresWorkStyle	workStyleRequiredBy
onet	Blockmasons	1.C.4.a	requiresWorkStyle	workStyleRequiredBy
onet	Blockmasons	1.C.4.b	requiresWorkStyle	workStyleRequiredBy
onet	Blockmasons	1.C.4.c	requiresWorkStyle	workStyleRequiredBy
onet	Blockmasons	1.C.5.a	requiresWorkStyle	workStyleRequiredBy
onet	Blockmasons	1.C.5.b	requiresWorkStyle	workStyleRequiredBy
onet	Blockmasons	1.C.5.c	requiresWorkStyle	workStyleRequiredBy
onet	Blockmasons	1.C.6	requiresWorkStyle	workStyleRequiredBy
onet	Blockmasons	1.C.7.a	requiresWorkStyle	workStyleRequiredBy
onet	Blockmasons	1.C.7.b	requiresWorkStyle	workStyleRequiredBy
onet	BoilerOperators	1.C.1.a	requiresWorkStyle	workStyleRequiredBy
onet	BoilerOperators	1.C.1.b	requiresWorkStyle	workStyleRequiredBy
onet	BoilerOperators	1.C.1.c	requiresWorkStyle	workStyleRequiredBy
onet	BoilerOperators	1.C.2.b	requiresWorkStyle	workStyleRequiredBy
onet	BoilerOperators	1.C.3.a	requiresWorkStyle	workStyleRequiredBy
onet	BoilerOperators	1.C.3.b	requiresWorkStyle	workStyleRequiredBy
onet	BoilerOperators	1.C.3.c	requiresWorkStyle	workStyleRequiredBy
onet	BoilerOperators	1.C.4.a	requiresWorkStyle	workStyleRequiredBy
onet	BoilerOperators	1.C.4.b	requiresWorkStyle	workStyleRequiredBy
onet	BoilerOperators	1.C.4.c	requiresWorkStyle	workStyleRequiredBy
onet	BoilerOperators	1.C.5.a	requiresWorkStyle	workStyleRequiredBy
onet	BoilerOperators	1.C.5.b	requiresWorkStyle	workStyleRequiredBy
onet	BoilerOperators	1.C.5.c	requiresWorkStyle	workStyleRequiredBy
onet	BoilerOperators	1.C.6	requiresWorkStyle	workStyleRequiredBy
onet	BoilerOperators	1.C.7.a	requiresWorkStyle	workStyleRequiredBy
onet	BoilerOperators	1.C.7.b	requiresWorkStyle	workStyleRequiredBy
onet	Boilermakers	1.C.1.a	requiresWorkStyle	workStyleRequiredBy
onet	Boilermakers	1.C.1.b	requiresWorkStyle	workStyleRequiredBy
onet	Boilermakers	1.C.1.c	requiresWorkStyle	workStyleRequiredBy
onet	Boilermakers	1.C.2.b	requiresWorkStyle	workStyleRequiredBy
onet	Boilermakers	1.C.3.a	requiresWorkStyle	workStyleRequiredBy
onet	Boilermakers	1.C.3.b	requiresWorkStyle	workStyleRequiredBy
onet	Boilermakers	1.C.3.c	requiresWorkStyle	workStyleRequiredBy
onet	Boilermakers	1.C.4.a	requiresWorkStyle	workStyleRequiredBy
onet	Boilermakers	1.C.4.b	requiresWorkStyle	workStyleRequiredBy
onet	Boilermakers	1.C.4.c	requiresWorkStyle	workStyleRequiredBy
onet	Boilermakers	1.C.5.a	requiresWorkStyle	workStyleRequiredBy
onet	Boilermakers	1.C.5.b	requiresWorkStyle	workStyleRequiredBy
onet	Boilermakers	1.C.5.c	requiresWorkStyle	workStyleRequiredBy
onet	Boilermakers	1.C.6	requiresWorkStyle	workStyleRequiredBy
onet	Boilermakers	1.C.7.a	requiresWorkStyle	workStyleRequiredBy
onet	Boilermakers	1.C.7.b	requiresWorkStyle	workStyleRequiredBy
onet	BoothCashiers	1.C.1.a	requiresWorkStyle	workStyleRequiredBy
onet	BoothCashiers	1.C.1.b	requiresWorkStyle	workStyleRequiredBy
onet	BoothCashiers	1.C.1.c	requiresWorkStyle	workStyleRequiredBy
onet	BoothCashiers	1.C.2.b	requiresWorkStyle	workStyleRequiredBy
onet	BoothCashiers	1.C.3.a	requiresWorkStyle	workStyleRequiredBy
onet	BoothCashiers	1.C.3.b	requiresWorkStyle	workStyleRequiredBy
onet	BoothCashiers	1.C.3.c	requiresWorkStyle	workStyleRequiredBy
onet	BoothCashiers	1.C.4.a	requiresWorkStyle	workStyleRequiredBy
onet	BoothCashiers	1.C.4.b	requiresWorkStyle	workStyleRequiredBy
onet	BoothCashiers	1.C.4.c	requiresWorkStyle	workStyleRequiredBy
onet	BoothCashiers	1.C.5.a	requiresWorkStyle	workStyleRequiredBy
onet	BoothCashiers	1.C.5.b	requiresWorkStyle	workStyleRequiredBy
onet	BoothCashiers	1.C.5.c	requiresWorkStyle	workStyleRequiredBy
onet	BoothCashiers	1.C.6	requiresWorkStyle	workStyleRequiredBy
onet	BoothCashiers	1.C.7.a	requiresWorkStyle	workStyleRequiredBy
onet	BoothCashiers	1.C.7.b	requiresWorkStyle	workStyleRequiredBy
onet	BorderProtectionOfficers	1.C.1.a	requiresWorkStyle	workStyleRequiredBy
onet	BorderProtectionOfficers	1.C.1.b	requiresWorkStyle	workStyleRequiredBy
onet	BorderProtectionOfficers	1.C.1.c	requiresWorkStyle	workStyleRequiredBy
onet	BorderProtectionOfficers	1.C.2.b	requiresWorkStyle	workStyleRequiredBy
onet	BorderProtectionOfficers	1.C.3.a	requiresWorkStyle	workStyleRequiredBy
onet	BorderProtectionOfficers	1.C.3.b	requiresWorkStyle	workStyleRequiredBy
onet	BorderProtectionOfficers	1.C.3.c	requiresWorkStyle	workStyleRequiredBy
onet	BorderProtectionOfficers	1.C.4.a	requiresWorkStyle	workStyleRequiredBy
onet	BorderProtectionOfficers	1.C.4.b	requiresWorkStyle	workStyleRequiredBy
onet	BorderProtectionOfficers	1.C.4.c	requiresWorkStyle	workStyleRequiredBy
onet	BorderProtectionOfficers	1.C.5.a	requiresWorkStyle	workStyleRequiredBy
onet	BorderProtectionOfficers	1.C.5.b	requiresWorkStyle	workStyleRequiredBy
onet	BorderProtectionOfficers	1.C.5.c	requiresWorkStyle	workStyleRequiredBy
onet	BorderProtectionOfficers	1.C.6	requiresWorkStyle	workStyleRequiredBy
onet	BorderProtectionOfficers	1.C.7.a	requiresWorkStyle	workStyleRequiredBy
onet	BorderProtectionOfficers	1.C.7.b	requiresWorkStyle	workStyleRequiredBy
onet	Brazers	1.C.1.a	requiresWorkStyle	workStyleRequiredBy
onet	Brazers	1.C.1.b	requiresWorkStyle	workStyleRequiredBy
onet	Brazers	1.C.1.c	requiresWorkStyle	workStyleRequiredBy
onet	Brazers	1.C.2.b	requiresWorkStyle	workStyleRequiredBy
onet	Brazers	1.C.3.a	requiresWorkStyle	workStyleRequiredBy
onet	Brazers	1.C.3.b	requiresWorkStyle	workStyleRequiredBy
onet	Brazers	1.C.3.c	requiresWorkStyle	workStyleRequiredBy
onet	Brazers	1.C.4.a	requiresWorkStyle	workStyleRequiredBy
onet	Brazers	1.C.4.b	requiresWorkStyle	workStyleRequiredBy
onet	Brazers	1.C.4.c	requiresWorkStyle	workStyleRequiredBy
onet	Brazers	1.C.5.a	requiresWorkStyle	workStyleRequiredBy
onet	Brazers	1.C.5.b	requiresWorkStyle	workStyleRequiredBy
onet	Brazers	1.C.5.c	requiresWorkStyle	workStyleRequiredBy
onet	Brazers	1.C.6	requiresWorkStyle	workStyleRequiredBy
onet	Brazers	1.C.7.a	requiresWorkStyle	workStyleRequiredBy
onet	Brazers	1.C.7.b	requiresWorkStyle	workStyleRequiredBy
onet	Brickmasons	1.C.1.a	requiresWorkStyle	workStyleRequiredBy
onet	Brickmasons	1.C.1.b	requiresWorkStyle	workStyleRequiredBy
onet	Brickmasons	1.C.1.c	requiresWorkStyle	workStyleRequiredBy
onet	Brickmasons	1.C.2.b	requiresWorkStyle	workStyleRequiredBy
onet	Brickmasons	1.C.3.a	requiresWorkStyle	workStyleRequiredBy
onet	Brickmasons	1.C.3.b	requiresWorkStyle	workStyleRequiredBy
onet	Brickmasons	1.C.3.c	requiresWorkStyle	workStyleRequiredBy
onet	Brickmasons	1.C.4.a	requiresWorkStyle	workStyleRequiredBy
onet	Brickmasons	1.C.4.b	requiresWorkStyle	workStyleRequiredBy
onet	Brickmasons	1.C.4.c	requiresWorkStyle	workStyleRequiredBy
onet	Brickmasons	1.C.5.a	requiresWorkStyle	workStyleRequiredBy
onet	Brickmasons	1.C.5.b	requiresWorkStyle	workStyleRequiredBy
onet	Brickmasons	1.C.5.c	requiresWorkStyle	workStyleRequiredBy
onet	Brickmasons	1.C.6	requiresWorkStyle	workStyleRequiredBy
onet	Brickmasons	1.C.7.a	requiresWorkStyle	workStyleRequiredBy
onet	Brickmasons	1.C.7.b	requiresWorkStyle	workStyleRequiredBy
onet	BroadcastTechnicians	1.C.1.a	requiresWorkStyle	workStyleRequiredBy
onet	BroadcastTechnicians	1.C.1.b	requiresWorkStyle	workStyleRequiredBy
onet	BroadcastTechnicians	1.C.1.c	requiresWorkStyle	workStyleRequiredBy
onet	BroadcastTechnicians	1.C.2.b	requiresWorkStyle	workStyleRequiredBy
onet	BroadcastTechnicians	1.C.3.a	requiresWorkStyle	workStyleRequiredBy
onet	BroadcastTechnicians	1.C.3.b	requiresWorkStyle	workStyleRequiredBy
onet	BroadcastTechnicians	1.C.3.c	requiresWorkStyle	workStyleRequiredBy
onet	BroadcastTechnicians	1.C.4.a	requiresWorkStyle	workStyleRequiredBy
onet	BroadcastTechnicians	1.C.4.b	requiresWorkStyle	workStyleRequiredBy
onet	BroadcastTechnicians	1.C.4.c	requiresWorkStyle	workStyleRequiredBy
onet	BroadcastTechnicians	1.C.5.a	requiresWorkStyle	workStyleRequiredBy
onet	BroadcastTechnicians	1.C.5.b	requiresWorkStyle	workStyleRequiredBy
onet	BroadcastTechnicians	1.C.5.c	requiresWorkStyle	workStyleRequiredBy
onet	BroadcastTechnicians	1.C.6	requiresWorkStyle	workStyleRequiredBy
onet	BroadcastTechnicians	1.C.7.a	requiresWorkStyle	workStyleRequiredBy
onet	BroadcastTechnicians	1.C.7.b	requiresWorkStyle	workStyleRequiredBy
onet	BrokerageClerks	1.C.1.a	requiresWorkStyle	workStyleRequiredBy
onet	BrokerageClerks	1.C.1.b	requiresWorkStyle	workStyleRequiredBy
onet	BrokerageClerks	1.C.1.c	requiresWorkStyle	workStyleRequiredBy
onet	BrokerageClerks	1.C.2.b	requiresWorkStyle	workStyleRequiredBy
onet	BrokerageClerks	1.C.3.a	requiresWorkStyle	workStyleRequiredBy
onet	BrokerageClerks	1.C.3.b	requiresWorkStyle	workStyleRequiredBy
onet	BrokerageClerks	1.C.3.c	requiresWorkStyle	workStyleRequiredBy
onet	BrokerageClerks	1.C.4.a	requiresWorkStyle	workStyleRequiredBy
onet	BrokerageClerks	1.C.4.b	requiresWorkStyle	workStyleRequiredBy
onet	BrokerageClerks	1.C.4.c	requiresWorkStyle	workStyleRequiredBy
onet	BrokerageClerks	1.C.5.a	requiresWorkStyle	workStyleRequiredBy
onet	BrokerageClerks	1.C.5.b	requiresWorkStyle	workStyleRequiredBy
onet	BrokerageClerks	1.C.5.c	requiresWorkStyle	workStyleRequiredBy
onet	BrokerageClerks	1.C.6	requiresWorkStyle	workStyleRequiredBy
onet	BrokerageClerks	1.C.7.a	requiresWorkStyle	workStyleRequiredBy
onet	BrokerageClerks	1.C.7.b	requiresWorkStyle	workStyleRequiredBy
onet	BudgetAnalysts	1.C.1.a	requiresWorkStyle	workStyleRequiredBy
onet	BudgetAnalysts	1.C.1.b	requiresWorkStyle	workStyleRequiredBy
onet	BudgetAnalysts	1.C.1.c	requiresWorkStyle	workStyleRequiredBy
onet	BudgetAnalysts	1.C.2.b	requiresWorkStyle	workStyleRequiredBy
onet	BudgetAnalysts	1.C.3.a	requiresWorkStyle	workStyleRequiredBy
onet	BudgetAnalysts	1.C.3.b	requiresWorkStyle	workStyleRequiredBy
onet	BudgetAnalysts	1.C.3.c	requiresWorkStyle	workStyleRequiredBy
onet	BudgetAnalysts	1.C.4.a	requiresWorkStyle	workStyleRequiredBy
onet	BudgetAnalysts	1.C.4.b	requiresWorkStyle	workStyleRequiredBy
onet	BudgetAnalysts	1.C.4.c	requiresWorkStyle	workStyleRequiredBy
onet	BudgetAnalysts	1.C.5.a	requiresWorkStyle	workStyleRequiredBy
onet	BudgetAnalysts	1.C.5.b	requiresWorkStyle	workStyleRequiredBy
onet	BudgetAnalysts	1.C.5.c	requiresWorkStyle	workStyleRequiredBy
onet	BudgetAnalysts	1.C.6	requiresWorkStyle	workStyleRequiredBy
onet	BudgetAnalysts	1.C.7.a	requiresWorkStyle	workStyleRequiredBy
onet	BudgetAnalysts	1.C.7.b	requiresWorkStyle	workStyleRequiredBy
onet	BuildingInspectors	1.C.1.a	requiresWorkStyle	workStyleRequiredBy
onet	BuildingInspectors	1.C.1.b	requiresWorkStyle	workStyleRequiredBy
onet	BuildingInspectors	1.C.1.c	requiresWorkStyle	workStyleRequiredBy
onet	BuildingInspectors	1.C.2.b	requiresWorkStyle	workStyleRequiredBy
onet	BuildingInspectors	1.C.3.a	requiresWorkStyle	workStyleRequiredBy
onet	BuildingInspectors	1.C.3.b	requiresWorkStyle	workStyleRequiredBy
onet	BuildingInspectors	1.C.3.c	requiresWorkStyle	workStyleRequiredBy
onet	BuildingInspectors	1.C.4.a	requiresWorkStyle	workStyleRequiredBy
onet	BuildingInspectors	1.C.4.b	requiresWorkStyle	workStyleRequiredBy
onet	BuildingInspectors	1.C.4.c	requiresWorkStyle	workStyleRequiredBy
onet	BuildingInspectors	1.C.5.a	requiresWorkStyle	workStyleRequiredBy
onet	BuildingInspectors	1.C.5.b	requiresWorkStyle	workStyleRequiredBy
onet	BuildingInspectors	1.C.5.c	requiresWorkStyle	workStyleRequiredBy
onet	BuildingInspectors	1.C.6	requiresWorkStyle	workStyleRequiredBy
onet	BuildingInspectors	1.C.7.a	requiresWorkStyle	workStyleRequiredBy
onet	BuildingInspectors	1.C.7.b	requiresWorkStyle	workStyleRequiredBy
onet	BusDriversSchool	1.C.1.a	requiresWorkStyle	workStyleRequiredBy
onet	BusDriversSchool	1.C.1.b	requiresWorkStyle	workStyleRequiredBy
onet	BusDriversSchool	1.C.1.c	requiresWorkStyle	workStyleRequiredBy
onet	BusDriversSchool	1.C.2.b	requiresWorkStyle	workStyleRequiredBy
onet	BusDriversSchool	1.C.3.a	requiresWorkStyle	workStyleRequiredBy
onet	BusDriversSchool	1.C.3.b	requiresWorkStyle	workStyleRequiredBy
onet	BusDriversSchool	1.C.3.c	requiresWorkStyle	workStyleRequiredBy
onet	BusDriversSchool	1.C.4.a	requiresWorkStyle	workStyleRequiredBy
onet	BusDriversSchool	1.C.4.b	requiresWorkStyle	workStyleRequiredBy
onet	BusDriversSchool	1.C.4.c	requiresWorkStyle	workStyleRequiredBy
onet	BusDriversSchool	1.C.5.a	requiresWorkStyle	workStyleRequiredBy
onet	BusDriversSchool	1.C.5.b	requiresWorkStyle	workStyleRequiredBy
onet	BusDriversSchool	1.C.5.c	requiresWorkStyle	workStyleRequiredBy
onet	BusDriversSchool	1.C.6	requiresWorkStyle	workStyleRequiredBy
onet	BusDriversSchool	1.C.7.a	requiresWorkStyle	workStyleRequiredBy
onet	BusDriversSchool	1.C.7.b	requiresWorkStyle	workStyleRequiredBy
onet	BusinessContinuityPlanners	1.C.1.a	requiresWorkStyle	workStyleRequiredBy
onet	BusinessContinuityPlanners	1.C.1.b	requiresWorkStyle	workStyleRequiredBy
onet	BusinessContinuityPlanners	1.C.1.c	requiresWorkStyle	workStyleRequiredBy
onet	BusinessContinuityPlanners	1.C.2.b	requiresWorkStyle	workStyleRequiredBy
onet	BusinessContinuityPlanners	1.C.3.a	requiresWorkStyle	workStyleRequiredBy
onet	BusinessContinuityPlanners	1.C.3.b	requiresWorkStyle	workStyleRequiredBy
onet	BusinessContinuityPlanners	1.C.3.c	requiresWorkStyle	workStyleRequiredBy
onet	BusinessContinuityPlanners	1.C.4.a	requiresWorkStyle	workStyleRequiredBy
onet	BusinessContinuityPlanners	1.C.4.b	requiresWorkStyle	workStyleRequiredBy
onet	BusinessContinuityPlanners	1.C.4.c	requiresWorkStyle	workStyleRequiredBy
onet	BusinessContinuityPlanners	1.C.5.a	requiresWorkStyle	workStyleRequiredBy
onet	BusinessContinuityPlanners	1.C.5.b	requiresWorkStyle	workStyleRequiredBy
onet	BusinessContinuityPlanners	1.C.5.c	requiresWorkStyle	workStyleRequiredBy
onet	BusinessContinuityPlanners	1.C.6	requiresWorkStyle	workStyleRequiredBy
onet	BusinessContinuityPlanners	1.C.7.a	requiresWorkStyle	workStyleRequiredBy
onet	BusinessContinuityPlanners	1.C.7.b	requiresWorkStyle	workStyleRequiredBy
onet	BusinessIntelligenceAnalysts	1.C.1.a	requiresWorkStyle	workStyleRequiredBy
onet	BusinessIntelligenceAnalysts	1.C.1.b	requiresWorkStyle	workStyleRequiredBy
onet	BusinessIntelligenceAnalysts	1.C.1.c	requiresWorkStyle	workStyleRequiredBy
onet	BusinessIntelligenceAnalysts	1.C.2.b	requiresWorkStyle	workStyleRequiredBy
onet	BusinessIntelligenceAnalysts	1.C.3.a	requiresWorkStyle	workStyleRequiredBy
onet	BusinessIntelligenceAnalysts	1.C.3.b	requiresWorkStyle	workStyleRequiredBy
onet	BusinessIntelligenceAnalysts	1.C.3.c	requiresWorkStyle	workStyleRequiredBy
onet	BusinessIntelligenceAnalysts	1.C.4.a	requiresWorkStyle	workStyleRequiredBy
onet	BusinessIntelligenceAnalysts	1.C.4.b	requiresWorkStyle	workStyleRequiredBy
onet	BusinessIntelligenceAnalysts	1.C.4.c	requiresWorkStyle	workStyleRequiredBy
onet	BusinessIntelligenceAnalysts	1.C.5.a	requiresWorkStyle	workStyleRequiredBy
onet	BusinessIntelligenceAnalysts	1.C.5.b	requiresWorkStyle	workStyleRequiredBy
onet	BusinessIntelligenceAnalysts	1.C.5.c	requiresWorkStyle	workStyleRequiredBy
onet	BusinessIntelligenceAnalysts	1.C.6	requiresWorkStyle	workStyleRequiredBy
onet	BusinessIntelligenceAnalysts	1.C.7.a	requiresWorkStyle	workStyleRequiredBy
onet	BusinessIntelligenceAnalysts	1.C.7.b	requiresWorkStyle	workStyleRequiredBy
onet	BusinessProperty	1.C.1.a	requiresWorkStyle	workStyleRequiredBy
onet	BusinessProperty	1.C.1.b	requiresWorkStyle	workStyleRequiredBy
onet	BusinessProperty	1.C.1.c	requiresWorkStyle	workStyleRequiredBy
onet	BusinessProperty	1.C.2.b	requiresWorkStyle	workStyleRequiredBy
onet	BusinessProperty	1.C.3.a	requiresWorkStyle	workStyleRequiredBy
onet	BusinessProperty	1.C.3.b	requiresWorkStyle	workStyleRequiredBy
onet	BusinessProperty	1.C.3.c	requiresWorkStyle	workStyleRequiredBy
onet	BusinessProperty	1.C.4.a	requiresWorkStyle	workStyleRequiredBy
onet	BusinessProperty	1.C.4.b	requiresWorkStyle	workStyleRequiredBy
onet	BusinessProperty	1.C.4.c	requiresWorkStyle	workStyleRequiredBy
onet	BusinessProperty	1.C.5.a	requiresWorkStyle	workStyleRequiredBy
onet	BusinessProperty	1.C.5.b	requiresWorkStyle	workStyleRequiredBy
onet	BusinessProperty	1.C.5.c	requiresWorkStyle	workStyleRequiredBy
onet	BusinessProperty	1.C.6	requiresWorkStyle	workStyleRequiredBy
onet	BusinessProperty	1.C.7.a	requiresWorkStyle	workStyleRequiredBy
onet	BusinessProperty	1.C.7.b	requiresWorkStyle	workStyleRequiredBy
onet	BusinessTeachersPostsecondary	1.C.1.a	requiresWorkStyle	workStyleRequiredBy
onet	BusinessTeachersPostsecondary	1.C.1.b	requiresWorkStyle	workStyleRequiredBy
onet	BusinessTeachersPostsecondary	1.C.1.c	requiresWorkStyle	workStyleRequiredBy
onet	BusinessTeachersPostsecondary	1.C.2.b	requiresWorkStyle	workStyleRequiredBy
onet	BusinessTeachersPostsecondary	1.C.3.a	requiresWorkStyle	workStyleRequiredBy
onet	BusinessTeachersPostsecondary	1.C.3.b	requiresWorkStyle	workStyleRequiredBy
onet	BusinessTeachersPostsecondary	1.C.3.c	requiresWorkStyle	workStyleRequiredBy
onet	BusinessTeachersPostsecondary	1.C.4.a	requiresWorkStyle	workStyleRequiredBy
onet	BusinessTeachersPostsecondary	1.C.4.b	requiresWorkStyle	workStyleRequiredBy
onet	BusinessTeachersPostsecondary	1.C.4.c	requiresWorkStyle	workStyleRequiredBy
onet	BusinessTeachersPostsecondary	1.C.5.a	requiresWorkStyle	workStyleRequiredBy
onet	BusinessTeachersPostsecondary	1.C.5.b	requiresWorkStyle	workStyleRequiredBy
onet	BusinessTeachersPostsecondary	1.C.5.c	requiresWorkStyle	workStyleRequiredBy
onet	BusinessTeachersPostsecondary	1.C.6	requiresWorkStyle	workStyleRequiredBy
onet	BusinessTeachersPostsecondary	1.C.7.a	requiresWorkStyle	workStyleRequiredBy
onet	BusinessTeachersPostsecondary	1.C.7.b	requiresWorkStyle	workStyleRequiredBy
onet	Cafeteria	1.C.1.a	requiresWorkStyle	workStyleRequiredBy
onet	Cafeteria	1.C.1.b	requiresWorkStyle	workStyleRequiredBy
onet	Cafeteria	1.C.1.c	requiresWorkStyle	workStyleRequiredBy
onet	Cafeteria	1.C.2.b	requiresWorkStyle	workStyleRequiredBy
onet	Cafeteria	1.C.3.a	requiresWorkStyle	workStyleRequiredBy
onet	Cafeteria	1.C.3.b	requiresWorkStyle	workStyleRequiredBy
onet	Cafeteria	1.C.3.c	requiresWorkStyle	workStyleRequiredBy
onet	Cafeteria	1.C.4.a	requiresWorkStyle	workStyleRequiredBy
onet	Cafeteria	1.C.4.b	requiresWorkStyle	workStyleRequiredBy
onet	Cafeteria	1.C.4.c	requiresWorkStyle	workStyleRequiredBy
onet	Cafeteria	1.C.5.a	requiresWorkStyle	workStyleRequiredBy
onet	Cafeteria	1.C.5.b	requiresWorkStyle	workStyleRequiredBy
onet	Cafeteria	1.C.5.c	requiresWorkStyle	workStyleRequiredBy
onet	Cafeteria	1.C.6	requiresWorkStyle	workStyleRequiredBy
onet	Cafeteria	1.C.7.a	requiresWorkStyle	workStyleRequiredBy
onet	Cafeteria	1.C.7.b	requiresWorkStyle	workStyleRequiredBy
onet	CareerTechnicalEducation	1.C.1.a	requiresWorkStyle	workStyleRequiredBy
onet	CareerTechnicalEducation	1.C.1.b	requiresWorkStyle	workStyleRequiredBy
onet	CareerTechnicalEducation	1.C.1.c	requiresWorkStyle	workStyleRequiredBy
onet	CareerTechnicalEducation	1.C.2.b	requiresWorkStyle	workStyleRequiredBy
onet	CareerTechnicalEducation	1.C.3.a	requiresWorkStyle	workStyleRequiredBy
onet	CareerTechnicalEducation	1.C.3.b	requiresWorkStyle	workStyleRequiredBy
onet	CareerTechnicalEducation	1.C.3.c	requiresWorkStyle	workStyleRequiredBy
onet	CareerTechnicalEducation	1.C.4.a	requiresWorkStyle	workStyleRequiredBy
onet	CareerTechnicalEducation	1.C.4.b	requiresWorkStyle	workStyleRequiredBy
onet	CareerTechnicalEducation	1.C.4.c	requiresWorkStyle	workStyleRequiredBy
onet	CareerTechnicalEducation	1.C.5.a	requiresWorkStyle	workStyleRequiredBy
onet	CareerTechnicalEducation	1.C.5.b	requiresWorkStyle	workStyleRequiredBy
onet	CareerTechnicalEducation	1.C.5.c	requiresWorkStyle	workStyleRequiredBy
onet	CareerTechnicalEducation	1.C.6	requiresWorkStyle	workStyleRequiredBy
onet	CareerTechnicalEducation	1.C.7.a	requiresWorkStyle	workStyleRequiredBy
onet	CareerTechnicalEducation	1.C.7.b	requiresWorkStyle	workStyleRequiredBy
onet	CareerTechnicalEducationTeachersMiddleSchool	1.C.1.a	requiresWorkStyle	workStyleRequiredBy
onet	CareerTechnicalEducationTeachersMiddleSchool	1.C.1.b	requiresWorkStyle	workStyleRequiredBy
onet	CareerTechnicalEducationTeachersMiddleSchool	1.C.1.c	requiresWorkStyle	workStyleRequiredBy
onet	CareerTechnicalEducationTeachersMiddleSchool	1.C.2.b	requiresWorkStyle	workStyleRequiredBy
onet	CareerTechnicalEducationTeachersMiddleSchool	1.C.3.a	requiresWorkStyle	workStyleRequiredBy
onet	CareerTechnicalEducationTeachersMiddleSchool	1.C.3.b	requiresWorkStyle	workStyleRequiredBy
onet	CareerTechnicalEducationTeachersMiddleSchool	1.C.3.c	requiresWorkStyle	workStyleRequiredBy
onet	CareerTechnicalEducationTeachersMiddleSchool	1.C.4.a	requiresWorkStyle	workStyleRequiredBy
onet	CareerTechnicalEducationTeachersMiddleSchool	1.C.4.b	requiresWorkStyle	workStyleRequiredBy
onet	CareerTechnicalEducationTeachersMiddleSchool	1.C.4.c	requiresWorkStyle	workStyleRequiredBy
onet	CareerTechnicalEducationTeachersMiddleSchool	1.C.5.a	requiresWorkStyle	workStyleRequiredBy
onet	CareerTechnicalEducationTeachersMiddleSchool	1.C.5.b	requiresWorkStyle	workStyleRequiredBy
onet	CareerTechnicalEducationTeachersMiddleSchool	1.C.5.c	requiresWorkStyle	workStyleRequiredBy
onet	CareerTechnicalEducationTeachersMiddleSchool	1.C.6	requiresWorkStyle	workStyleRequiredBy
onet	CareerTechnicalEducationTeachersMiddleSchool	1.C.7.a	requiresWorkStyle	workStyleRequiredBy
onet	CareerTechnicalEducationTeachersMiddleSchool	1.C.7.b	requiresWorkStyle	workStyleRequiredBy
onet	CareerTechnicalEducationTeachersPostsecondary	1.C.1.a	requiresWorkStyle	workStyleRequiredBy
onet	CareerTechnicalEducationTeachersPostsecondary	1.C.1.b	requiresWorkStyle	workStyleRequiredBy
onet	CareerTechnicalEducationTeachersPostsecondary	1.C.1.c	requiresWorkStyle	workStyleRequiredBy
onet	CareerTechnicalEducationTeachersPostsecondary	1.C.2.b	requiresWorkStyle	workStyleRequiredBy
onet	CareerTechnicalEducationTeachersPostsecondary	1.C.3.a	requiresWorkStyle	workStyleRequiredBy
onet	CareerTechnicalEducationTeachersPostsecondary	1.C.3.b	requiresWorkStyle	workStyleRequiredBy
onet	CareerTechnicalEducationTeachersPostsecondary	1.C.3.c	requiresWorkStyle	workStyleRequiredBy
onet	CareerTechnicalEducationTeachersPostsecondary	1.C.4.a	requiresWorkStyle	workStyleRequiredBy
onet	CareerTechnicalEducationTeachersPostsecondary	1.C.4.b	requiresWorkStyle	workStyleRequiredBy
onet	CareerTechnicalEducationTeachersPostsecondary	1.C.4.c	requiresWorkStyle	workStyleRequiredBy
onet	CareerTechnicalEducationTeachersPostsecondary	1.C.5.a	requiresWorkStyle	workStyleRequiredBy
onet	CareerTechnicalEducationTeachersPostsecondary	1.C.5.b	requiresWorkStyle	workStyleRequiredBy
onet	CareerTechnicalEducationTeachersPostsecondary	1.C.5.c	requiresWorkStyle	workStyleRequiredBy
onet	CareerTechnicalEducationTeachersPostsecondary	1.C.6	requiresWorkStyle	workStyleRequiredBy
onet	CareerTechnicalEducationTeachersPostsecondary	1.C.7.a	requiresWorkStyle	workStyleRequiredBy
onet	CareerTechnicalEducationTeachersPostsecondary	1.C.7.b	requiresWorkStyle	workStyleRequiredBy
onet	CareerTechnicalEducationTeachersSecondarySchool	1.C.1.a	requiresWorkStyle	workStyleRequiredBy
onet	CareerTechnicalEducationTeachersSecondarySchool	1.C.1.b	requiresWorkStyle	workStyleRequiredBy
onet	CareerTechnicalEducationTeachersSecondarySchool	1.C.1.c	requiresWorkStyle	workStyleRequiredBy
onet	CareerTechnicalEducationTeachersSecondarySchool	1.C.2.b	requiresWorkStyle	workStyleRequiredBy
onet	CareerTechnicalEducationTeachersSecondarySchool	1.C.3.a	requiresWorkStyle	workStyleRequiredBy
onet	CareerTechnicalEducationTeachersSecondarySchool	1.C.3.b	requiresWorkStyle	workStyleRequiredBy
onet	CareerTechnicalEducationTeachersSecondarySchool	1.C.3.c	requiresWorkStyle	workStyleRequiredBy
onet	CareerTechnicalEducationTeachersSecondarySchool	1.C.4.a	requiresWorkStyle	workStyleRequiredBy
onet	CareerTechnicalEducationTeachersSecondarySchool	1.C.4.b	requiresWorkStyle	workStyleRequiredBy
onet	CareerTechnicalEducationTeachersSecondarySchool	1.C.4.c	requiresWorkStyle	workStyleRequiredBy
onet	CareerTechnicalEducationTeachersSecondarySchool	1.C.5.a	requiresWorkStyle	workStyleRequiredBy
onet	CareerTechnicalEducationTeachersSecondarySchool	1.C.5.b	requiresWorkStyle	workStyleRequiredBy
onet	CareerTechnicalEducationTeachersSecondarySchool	1.C.5.c	requiresWorkStyle	workStyleRequiredBy
onet	CareerTechnicalEducationTeachersSecondarySchool	1.C.6	requiresWorkStyle	workStyleRequiredBy
onet	CareerTechnicalEducationTeachersSecondarySchool	1.C.7.a	requiresWorkStyle	workStyleRequiredBy
onet	CareerTechnicalEducationTeachersSecondarySchool	1.C.7.b	requiresWorkStyle	workStyleRequiredBy
onet	Carpenters	1.C.1.a	requiresWorkStyle	workStyleRequiredBy
onet	Carpenters	1.C.1.b	requiresWorkStyle	workStyleRequiredBy
onet	Carpenters	1.C.1.c	requiresWorkStyle	workStyleRequiredBy
onet	Carpenters	1.C.2.b	requiresWorkStyle	workStyleRequiredBy
onet	Carpenters	1.C.3.a	requiresWorkStyle	workStyleRequiredBy
onet	Carpenters	1.C.3.b	requiresWorkStyle	workStyleRequiredBy
onet	Carpenters	1.C.3.c	requiresWorkStyle	workStyleRequiredBy
onet	Carpenters	1.C.4.a	requiresWorkStyle	workStyleRequiredBy
onet	Carpenters	1.C.4.b	requiresWorkStyle	workStyleRequiredBy
onet	Carpenters	1.C.4.c	requiresWorkStyle	workStyleRequiredBy
onet	Carpenters	1.C.5.a	requiresWorkStyle	workStyleRequiredBy
onet	Carpenters	1.C.5.b	requiresWorkStyle	workStyleRequiredBy
onet	Carpenters	1.C.5.c	requiresWorkStyle	workStyleRequiredBy
onet	Carpenters	1.C.6	requiresWorkStyle	workStyleRequiredBy
onet	Carpenters	1.C.7.a	requiresWorkStyle	workStyleRequiredBy
onet	Carpenters	1.C.7.b	requiresWorkStyle	workStyleRequiredBy
onet	CarpetInstallers	1.C.1.a	requiresWorkStyle	workStyleRequiredBy
onet	CarpetInstallers	1.C.1.b	requiresWorkStyle	workStyleRequiredBy
onet	CarpetInstallers	1.C.1.c	requiresWorkStyle	workStyleRequiredBy
onet	CarpetInstallers	1.C.2.b	requiresWorkStyle	workStyleRequiredBy
onet	CarpetInstallers	1.C.3.a	requiresWorkStyle	workStyleRequiredBy
onet	CarpetInstallers	1.C.3.b	requiresWorkStyle	workStyleRequiredBy
onet	CarpetInstallers	1.C.3.c	requiresWorkStyle	workStyleRequiredBy
onet	CarpetInstallers	1.C.4.a	requiresWorkStyle	workStyleRequiredBy
onet	CarpetInstallers	1.C.4.b	requiresWorkStyle	workStyleRequiredBy
onet	CarpetInstallers	1.C.4.c	requiresWorkStyle	workStyleRequiredBy
onet	CarpetInstallers	1.C.5.a	requiresWorkStyle	workStyleRequiredBy
onet	CarpetInstallers	1.C.5.b	requiresWorkStyle	workStyleRequiredBy
onet	CarpetInstallers	1.C.5.c	requiresWorkStyle	workStyleRequiredBy
onet	CarpetInstallers	1.C.6	requiresWorkStyle	workStyleRequiredBy
onet	CarpetInstallers	1.C.7.a	requiresWorkStyle	workStyleRequiredBy
onet	CarpetInstallers	1.C.7.b	requiresWorkStyle	workStyleRequiredBy
onet	CarversManufacturing	1.C.1.a	requiresWorkStyle	workStyleRequiredBy
onet	CarversManufacturing	1.C.1.b	requiresWorkStyle	workStyleRequiredBy
onet	CarversManufacturing	1.C.1.c	requiresWorkStyle	workStyleRequiredBy
onet	CarversManufacturing	1.C.2.b	requiresWorkStyle	workStyleRequiredBy
onet	CarversManufacturing	1.C.3.a	requiresWorkStyle	workStyleRequiredBy
onet	CarversManufacturing	1.C.3.b	requiresWorkStyle	workStyleRequiredBy
onet	CarversManufacturing	1.C.3.c	requiresWorkStyle	workStyleRequiredBy
onet	CarversManufacturing	1.C.4.a	requiresWorkStyle	workStyleRequiredBy
onet	CarversManufacturing	1.C.4.b	requiresWorkStyle	workStyleRequiredBy
onet	CarversManufacturing	1.C.4.c	requiresWorkStyle	workStyleRequiredBy
onet	CarversManufacturing	1.C.5.a	requiresWorkStyle	workStyleRequiredBy
onet	CarversManufacturing	1.C.5.b	requiresWorkStyle	workStyleRequiredBy
onet	CarversManufacturing	1.C.5.c	requiresWorkStyle	workStyleRequiredBy
onet	CarversManufacturing	1.C.6	requiresWorkStyle	workStyleRequiredBy
onet	CarversManufacturing	1.C.7.a	requiresWorkStyle	workStyleRequiredBy
onet	CarversManufacturing	1.C.7.b	requiresWorkStyle	workStyleRequiredBy
onet	Cashiers	1.C.1.a	requiresWorkStyle	workStyleRequiredBy
onet	Cashiers	1.C.1.b	requiresWorkStyle	workStyleRequiredBy
onet	Cashiers	1.C.1.c	requiresWorkStyle	workStyleRequiredBy
onet	Cashiers	1.C.2.b	requiresWorkStyle	workStyleRequiredBy
onet	Cashiers	1.C.3.a	requiresWorkStyle	workStyleRequiredBy
onet	Cashiers	1.C.3.b	requiresWorkStyle	workStyleRequiredBy
onet	Cashiers	1.C.3.c	requiresWorkStyle	workStyleRequiredBy
onet	Cashiers	1.C.4.a	requiresWorkStyle	workStyleRequiredBy
onet	Cashiers	1.C.4.b	requiresWorkStyle	workStyleRequiredBy
onet	Cashiers	1.C.4.c	requiresWorkStyle	workStyleRequiredBy
onet	Cashiers	1.C.5.a	requiresWorkStyle	workStyleRequiredBy
onet	Cashiers	1.C.5.b	requiresWorkStyle	workStyleRequiredBy
onet	Cashiers	1.C.5.c	requiresWorkStyle	workStyleRequiredBy
onet	Cashiers	1.C.6	requiresWorkStyle	workStyleRequiredBy
onet	Cashiers	1.C.7.a	requiresWorkStyle	workStyleRequiredBy
onet	Cashiers	1.C.7.b	requiresWorkStyle	workStyleRequiredBy
onet	CastersMetal	1.C.1.a	requiresWorkStyle	workStyleRequiredBy
onet	CastersMetal	1.C.1.b	requiresWorkStyle	workStyleRequiredBy
onet	CastersMetal	1.C.1.c	requiresWorkStyle	workStyleRequiredBy
onet	CastersMetal	1.C.2.b	requiresWorkStyle	workStyleRequiredBy
onet	CastersMetal	1.C.3.a	requiresWorkStyle	workStyleRequiredBy
onet	CastersMetal	1.C.3.b	requiresWorkStyle	workStyleRequiredBy
onet	CastersMetal	1.C.3.c	requiresWorkStyle	workStyleRequiredBy
onet	CastersMetal	1.C.4.a	requiresWorkStyle	workStyleRequiredBy
onet	CastersMetal	1.C.4.b	requiresWorkStyle	workStyleRequiredBy
onet	CastersMetal	1.C.4.c	requiresWorkStyle	workStyleRequiredBy
onet	CastersMetal	1.C.5.a	requiresWorkStyle	workStyleRequiredBy
onet	CastersMetal	1.C.5.b	requiresWorkStyle	workStyleRequiredBy
onet	CastersMetal	1.C.5.c	requiresWorkStyle	workStyleRequiredBy
onet	CastersMetal	1.C.6	requiresWorkStyle	workStyleRequiredBy
onet	CastersMetal	1.C.7.a	requiresWorkStyle	workStyleRequiredBy
onet	CastersMetal	1.C.7.b	requiresWorkStyle	workStyleRequiredBy
onet	CeilingTileInstallers	1.C.1.a	requiresWorkStyle	workStyleRequiredBy
onet	CeilingTileInstallers	1.C.1.b	requiresWorkStyle	workStyleRequiredBy
onet	CeilingTileInstallers	1.C.1.c	requiresWorkStyle	workStyleRequiredBy
onet	CeilingTileInstallers	1.C.2.b	requiresWorkStyle	workStyleRequiredBy
onet	CeilingTileInstallers	1.C.3.a	requiresWorkStyle	workStyleRequiredBy
onet	CeilingTileInstallers	1.C.3.b	requiresWorkStyle	workStyleRequiredBy
onet	CeilingTileInstallers	1.C.3.c	requiresWorkStyle	workStyleRequiredBy
onet	CeilingTileInstallers	1.C.4.a	requiresWorkStyle	workStyleRequiredBy
onet	CeilingTileInstallers	1.C.4.b	requiresWorkStyle	workStyleRequiredBy
onet	CeilingTileInstallers	1.C.4.c	requiresWorkStyle	workStyleRequiredBy
onet	CeilingTileInstallers	1.C.5.a	requiresWorkStyle	workStyleRequiredBy
onet	CeilingTileInstallers	1.C.5.b	requiresWorkStyle	workStyleRequiredBy
onet	CeilingTileInstallers	1.C.5.c	requiresWorkStyle	workStyleRequiredBy
onet	CeilingTileInstallers	1.C.6	requiresWorkStyle	workStyleRequiredBy
onet	CeilingTileInstallers	1.C.7.a	requiresWorkStyle	workStyleRequiredBy
onet	CeilingTileInstallers	1.C.7.b	requiresWorkStyle	workStyleRequiredBy
onet	CellularBiologists	1.C.1.a	requiresWorkStyle	workStyleRequiredBy
onet	CellularBiologists	1.C.1.b	requiresWorkStyle	workStyleRequiredBy
onet	CellularBiologists	1.C.1.c	requiresWorkStyle	workStyleRequiredBy
onet	CellularBiologists	1.C.2.b	requiresWorkStyle	workStyleRequiredBy
onet	CellularBiologists	1.C.3.a	requiresWorkStyle	workStyleRequiredBy
onet	CellularBiologists	1.C.3.b	requiresWorkStyle	workStyleRequiredBy
onet	CellularBiologists	1.C.3.c	requiresWorkStyle	workStyleRequiredBy
onet	CellularBiologists	1.C.4.a	requiresWorkStyle	workStyleRequiredBy
onet	CellularBiologists	1.C.4.b	requiresWorkStyle	workStyleRequiredBy
onet	CellularBiologists	1.C.4.c	requiresWorkStyle	workStyleRequiredBy
onet	CellularBiologists	1.C.5.a	requiresWorkStyle	workStyleRequiredBy
onet	CellularBiologists	1.C.5.b	requiresWorkStyle	workStyleRequiredBy
onet	CellularBiologists	1.C.5.c	requiresWorkStyle	workStyleRequiredBy
onet	CellularBiologists	1.C.6	requiresWorkStyle	workStyleRequiredBy
onet	CellularBiologists	1.C.7.a	requiresWorkStyle	workStyleRequiredBy
onet	CellularBiologists	1.C.7.b	requiresWorkStyle	workStyleRequiredBy
onet	Changers	1.C.1.a	requiresWorkStyle	workStyleRequiredBy
onet	Changers	1.C.1.b	requiresWorkStyle	workStyleRequiredBy
onet	Changers	1.C.1.c	requiresWorkStyle	workStyleRequiredBy
onet	Changers	1.C.2.b	requiresWorkStyle	workStyleRequiredBy
onet	Changers	1.C.3.a	requiresWorkStyle	workStyleRequiredBy
onet	Changers	1.C.3.b	requiresWorkStyle	workStyleRequiredBy
onet	Changers	1.C.3.c	requiresWorkStyle	workStyleRequiredBy
onet	Changers	1.C.4.a	requiresWorkStyle	workStyleRequiredBy
onet	Changers	1.C.4.b	requiresWorkStyle	workStyleRequiredBy
onet	Changers	1.C.4.c	requiresWorkStyle	workStyleRequiredBy
onet	Changers	1.C.5.a	requiresWorkStyle	workStyleRequiredBy
onet	Changers	1.C.5.b	requiresWorkStyle	workStyleRequiredBy
onet	Changers	1.C.5.c	requiresWorkStyle	workStyleRequiredBy
onet	Changers	1.C.6	requiresWorkStyle	workStyleRequiredBy
onet	Changers	1.C.7.a	requiresWorkStyle	workStyleRequiredBy
onet	Changers	1.C.7.b	requiresWorkStyle	workStyleRequiredBy
onet	Chauffeurs	1.C.1.a	requiresWorkStyle	workStyleRequiredBy
onet	Chauffeurs	1.C.1.b	requiresWorkStyle	workStyleRequiredBy
onet	Chauffeurs	1.C.1.c	requiresWorkStyle	workStyleRequiredBy
onet	Chauffeurs	1.C.2.b	requiresWorkStyle	workStyleRequiredBy
onet	Chauffeurs	1.C.3.a	requiresWorkStyle	workStyleRequiredBy
onet	Chauffeurs	1.C.3.b	requiresWorkStyle	workStyleRequiredBy
onet	Chauffeurs	1.C.3.c	requiresWorkStyle	workStyleRequiredBy
onet	Chauffeurs	1.C.4.a	requiresWorkStyle	workStyleRequiredBy
onet	Chauffeurs	1.C.4.b	requiresWorkStyle	workStyleRequiredBy
onet	Chauffeurs	1.C.4.c	requiresWorkStyle	workStyleRequiredBy
onet	Chauffeurs	1.C.5.a	requiresWorkStyle	workStyleRequiredBy
onet	Chauffeurs	1.C.5.b	requiresWorkStyle	workStyleRequiredBy
onet	Chauffeurs	1.C.5.c	requiresWorkStyle	workStyleRequiredBy
onet	Chauffeurs	1.C.6	requiresWorkStyle	workStyleRequiredBy
onet	Chauffeurs	1.C.7.a	requiresWorkStyle	workStyleRequiredBy
onet	Chauffeurs	1.C.7.b	requiresWorkStyle	workStyleRequiredBy
onet	ChemicalEngineers	1.C.1.a	requiresWorkStyle	workStyleRequiredBy
onet	ChemicalEngineers	1.C.1.b	requiresWorkStyle	workStyleRequiredBy
onet	ChemicalEngineers	1.C.1.c	requiresWorkStyle	workStyleRequiredBy
onet	ChemicalEngineers	1.C.2.b	requiresWorkStyle	workStyleRequiredBy
onet	ChemicalEngineers	1.C.3.a	requiresWorkStyle	workStyleRequiredBy
onet	ChemicalEngineers	1.C.3.b	requiresWorkStyle	workStyleRequiredBy
onet	ChemicalEngineers	1.C.3.c	requiresWorkStyle	workStyleRequiredBy
onet	ChemicalEngineers	1.C.4.a	requiresWorkStyle	workStyleRequiredBy
onet	ChemicalEngineers	1.C.4.b	requiresWorkStyle	workStyleRequiredBy
onet	ChemicalEngineers	1.C.4.c	requiresWorkStyle	workStyleRequiredBy
onet	ChemicalEngineers	1.C.5.a	requiresWorkStyle	workStyleRequiredBy
onet	ChemicalEngineers	1.C.5.b	requiresWorkStyle	workStyleRequiredBy
onet	ChemicalEngineers	1.C.5.c	requiresWorkStyle	workStyleRequiredBy
onet	ChemicalEngineers	1.C.6	requiresWorkStyle	workStyleRequiredBy
onet	ChemicalEngineers	1.C.7.a	requiresWorkStyle	workStyleRequiredBy
onet	ChemicalEngineers	1.C.7.b	requiresWorkStyle	workStyleRequiredBy
onet	ChemicalTechnicians	1.C.1.a	requiresWorkStyle	workStyleRequiredBy
onet	ChemicalTechnicians	1.C.1.b	requiresWorkStyle	workStyleRequiredBy
onet	ChemicalTechnicians	1.C.1.c	requiresWorkStyle	workStyleRequiredBy
onet	ChemicalTechnicians	1.C.2.b	requiresWorkStyle	workStyleRequiredBy
onet	ChemicalTechnicians	1.C.3.a	requiresWorkStyle	workStyleRequiredBy
onet	ChemicalTechnicians	1.C.3.b	requiresWorkStyle	workStyleRequiredBy
onet	ChemicalTechnicians	1.C.3.c	requiresWorkStyle	workStyleRequiredBy
onet	ChemicalTechnicians	1.C.4.a	requiresWorkStyle	workStyleRequiredBy
onet	ChemicalTechnicians	1.C.4.b	requiresWorkStyle	workStyleRequiredBy
onet	ChemicalTechnicians	1.C.4.c	requiresWorkStyle	workStyleRequiredBy
onet	ChemicalTechnicians	1.C.5.a	requiresWorkStyle	workStyleRequiredBy
onet	ChemicalTechnicians	1.C.5.b	requiresWorkStyle	workStyleRequiredBy
onet	ChemicalTechnicians	1.C.5.c	requiresWorkStyle	workStyleRequiredBy
onet	ChemicalTechnicians	1.C.6	requiresWorkStyle	workStyleRequiredBy
onet	ChemicalTechnicians	1.C.7.a	requiresWorkStyle	workStyleRequiredBy
onet	ChemicalTechnicians	1.C.7.b	requiresWorkStyle	workStyleRequiredBy
onet	ChemistryTeachersPostsecondary	1.C.1.a	requiresWorkStyle	workStyleRequiredBy
onet	ChemistryTeachersPostsecondary	1.C.1.b	requiresWorkStyle	workStyleRequiredBy
onet	ChemistryTeachersPostsecondary	1.C.1.c	requiresWorkStyle	workStyleRequiredBy
onet	ChemistryTeachersPostsecondary	1.C.2.b	requiresWorkStyle	workStyleRequiredBy
onet	ChemistryTeachersPostsecondary	1.C.3.a	requiresWorkStyle	workStyleRequiredBy
onet	ChemistryTeachersPostsecondary	1.C.3.b	requiresWorkStyle	workStyleRequiredBy
onet	ChemistryTeachersPostsecondary	1.C.3.c	requiresWorkStyle	workStyleRequiredBy
onet	ChemistryTeachersPostsecondary	1.C.4.a	requiresWorkStyle	workStyleRequiredBy
onet	ChemistryTeachersPostsecondary	1.C.4.b	requiresWorkStyle	workStyleRequiredBy
onet	ChemistryTeachersPostsecondary	1.C.4.c	requiresWorkStyle	workStyleRequiredBy
onet	ChemistryTeachersPostsecondary	1.C.5.a	requiresWorkStyle	workStyleRequiredBy
onet	ChemistryTeachersPostsecondary	1.C.5.b	requiresWorkStyle	workStyleRequiredBy
onet	ChemistryTeachersPostsecondary	1.C.5.c	requiresWorkStyle	workStyleRequiredBy
onet	ChemistryTeachersPostsecondary	1.C.6	requiresWorkStyle	workStyleRequiredBy
onet	ChemistryTeachersPostsecondary	1.C.7.a	requiresWorkStyle	workStyleRequiredBy
onet	ChemistryTeachersPostsecondary	1.C.7.b	requiresWorkStyle	workStyleRequiredBy
onet	Chemists	1.C.1.a	requiresWorkStyle	workStyleRequiredBy
onet	Chemists	1.C.1.b	requiresWorkStyle	workStyleRequiredBy
onet	Chemists	1.C.1.c	requiresWorkStyle	workStyleRequiredBy
onet	Chemists	1.C.2.b	requiresWorkStyle	workStyleRequiredBy
onet	Chemists	1.C.3.a	requiresWorkStyle	workStyleRequiredBy
onet	Chemists	1.C.3.b	requiresWorkStyle	workStyleRequiredBy
onet	Chemists	1.C.3.c	requiresWorkStyle	workStyleRequiredBy
onet	Chemists	1.C.4.a	requiresWorkStyle	workStyleRequiredBy
onet	Chemists	1.C.4.b	requiresWorkStyle	workStyleRequiredBy
onet	Chemists	1.C.4.c	requiresWorkStyle	workStyleRequiredBy
onet	Chemists	1.C.5.a	requiresWorkStyle	workStyleRequiredBy
onet	Chemists	1.C.5.b	requiresWorkStyle	workStyleRequiredBy
onet	Chemists	1.C.5.c	requiresWorkStyle	workStyleRequiredBy
onet	Chemists	1.C.6	requiresWorkStyle	workStyleRequiredBy
onet	Chemists	1.C.7.a	requiresWorkStyle	workStyleRequiredBy
onet	Chemists	1.C.7.b	requiresWorkStyle	workStyleRequiredBy
onet	ChiefExecutives	1.C.1.a	requiresWorkStyle	workStyleRequiredBy
onet	ChiefExecutives	1.C.1.b	requiresWorkStyle	workStyleRequiredBy
onet	ChiefExecutives	1.C.1.c	requiresWorkStyle	workStyleRequiredBy
onet	ChiefExecutives	1.C.2.b	requiresWorkStyle	workStyleRequiredBy
onet	ChiefExecutives	1.C.3.a	requiresWorkStyle	workStyleRequiredBy
onet	ChiefExecutives	1.C.3.b	requiresWorkStyle	workStyleRequiredBy
onet	ChiefExecutives	1.C.3.c	requiresWorkStyle	workStyleRequiredBy
onet	ChiefExecutives	1.C.4.a	requiresWorkStyle	workStyleRequiredBy
onet	ChiefExecutives	1.C.4.b	requiresWorkStyle	workStyleRequiredBy
onet	ChiefExecutives	1.C.4.c	requiresWorkStyle	workStyleRequiredBy
onet	ChiefExecutives	1.C.5.a	requiresWorkStyle	workStyleRequiredBy
onet	ChiefExecutives	1.C.5.b	requiresWorkStyle	workStyleRequiredBy
onet	ChiefExecutives	1.C.5.c	requiresWorkStyle	workStyleRequiredBy
onet	ChiefExecutives	1.C.6	requiresWorkStyle	workStyleRequiredBy
onet	ChiefExecutives	1.C.7.a	requiresWorkStyle	workStyleRequiredBy
onet	ChiefExecutives	1.C.7.b	requiresWorkStyle	workStyleRequiredBy
onet	ChiefSustainabilityOfficers	1.C.1.a	requiresWorkStyle	workStyleRequiredBy
onet	ChiefSustainabilityOfficers	1.C.1.b	requiresWorkStyle	workStyleRequiredBy
onet	ChiefSustainabilityOfficers	1.C.1.c	requiresWorkStyle	workStyleRequiredBy
onet	ChiefSustainabilityOfficers	1.C.2.b	requiresWorkStyle	workStyleRequiredBy
onet	ChiefSustainabilityOfficers	1.C.3.a	requiresWorkStyle	workStyleRequiredBy
onet	ChiefSustainabilityOfficers	1.C.3.b	requiresWorkStyle	workStyleRequiredBy
onet	ChiefSustainabilityOfficers	1.C.3.c	requiresWorkStyle	workStyleRequiredBy
onet	ChiefSustainabilityOfficers	1.C.4.a	requiresWorkStyle	workStyleRequiredBy
onet	ChiefSustainabilityOfficers	1.C.4.b	requiresWorkStyle	workStyleRequiredBy
onet	ChiefSustainabilityOfficers	1.C.4.c	requiresWorkStyle	workStyleRequiredBy
onet	ChiefSustainabilityOfficers	1.C.5.a	requiresWorkStyle	workStyleRequiredBy
onet	ChiefSustainabilityOfficers	1.C.5.b	requiresWorkStyle	workStyleRequiredBy
onet	ChiefSustainabilityOfficers	1.C.5.c	requiresWorkStyle	workStyleRequiredBy
onet	ChiefSustainabilityOfficers	1.C.6	requiresWorkStyle	workStyleRequiredBy
onet	ChiefSustainabilityOfficers	1.C.7.a	requiresWorkStyle	workStyleRequiredBy
onet	ChiefSustainabilityOfficers	1.C.7.b	requiresWorkStyle	workStyleRequiredBy
onet	ChildcareWorkers	1.C.1.a	requiresWorkStyle	workStyleRequiredBy
onet	ChildcareWorkers	1.C.1.b	requiresWorkStyle	workStyleRequiredBy
onet	ChildcareWorkers	1.C.1.c	requiresWorkStyle	workStyleRequiredBy
onet	ChildcareWorkers	1.C.2.b	requiresWorkStyle	workStyleRequiredBy
onet	ChildcareWorkers	1.C.3.a	requiresWorkStyle	workStyleRequiredBy
onet	ChildcareWorkers	1.C.3.b	requiresWorkStyle	workStyleRequiredBy
onet	ChildcareWorkers	1.C.3.c	requiresWorkStyle	workStyleRequiredBy
onet	ChildcareWorkers	1.C.4.a	requiresWorkStyle	workStyleRequiredBy
onet	ChildcareWorkers	1.C.4.b	requiresWorkStyle	workStyleRequiredBy
onet	ChildcareWorkers	1.C.4.c	requiresWorkStyle	workStyleRequiredBy
onet	ChildcareWorkers	1.C.5.a	requiresWorkStyle	workStyleRequiredBy
onet	ChildcareWorkers	1.C.5.b	requiresWorkStyle	workStyleRequiredBy
onet	ChildcareWorkers	1.C.5.c	requiresWorkStyle	workStyleRequiredBy
onet	ChildcareWorkers	1.C.6	requiresWorkStyle	workStyleRequiredBy
onet	ChildcareWorkers	1.C.7.a	requiresWorkStyle	workStyleRequiredBy
onet	ChildcareWorkers	1.C.7.b	requiresWorkStyle	workStyleRequiredBy
onet	Chiropractors	1.C.1.a	requiresWorkStyle	workStyleRequiredBy
onet	Chiropractors	1.C.1.b	requiresWorkStyle	workStyleRequiredBy
onet	Chiropractors	1.C.1.c	requiresWorkStyle	workStyleRequiredBy
onet	Chiropractors	1.C.2.b	requiresWorkStyle	workStyleRequiredBy
onet	Chiropractors	1.C.3.a	requiresWorkStyle	workStyleRequiredBy
onet	Chiropractors	1.C.3.b	requiresWorkStyle	workStyleRequiredBy
onet	Chiropractors	1.C.3.c	requiresWorkStyle	workStyleRequiredBy
onet	Chiropractors	1.C.4.a	requiresWorkStyle	workStyleRequiredBy
onet	Chiropractors	1.C.4.b	requiresWorkStyle	workStyleRequiredBy
onet	Chiropractors	1.C.4.c	requiresWorkStyle	workStyleRequiredBy
onet	Chiropractors	1.C.5.a	requiresWorkStyle	workStyleRequiredBy
onet	Chiropractors	1.C.5.b	requiresWorkStyle	workStyleRequiredBy
onet	Chiropractors	1.C.5.c	requiresWorkStyle	workStyleRequiredBy
onet	Chiropractors	1.C.6	requiresWorkStyle	workStyleRequiredBy
onet	Chiropractors	1.C.7.a	requiresWorkStyle	workStyleRequiredBy
onet	Chiropractors	1.C.7.b	requiresWorkStyle	workStyleRequiredBy
onet	Choreographers	1.C.1.a	requiresWorkStyle	workStyleRequiredBy
onet	Choreographers	1.C.1.b	requiresWorkStyle	workStyleRequiredBy
onet	Choreographers	1.C.1.c	requiresWorkStyle	workStyleRequiredBy
onet	Choreographers	1.C.2.b	requiresWorkStyle	workStyleRequiredBy
onet	Choreographers	1.C.3.a	requiresWorkStyle	workStyleRequiredBy
onet	Choreographers	1.C.3.b	requiresWorkStyle	workStyleRequiredBy
onet	Choreographers	1.C.3.c	requiresWorkStyle	workStyleRequiredBy
onet	Choreographers	1.C.4.a	requiresWorkStyle	workStyleRequiredBy
onet	Choreographers	1.C.4.b	requiresWorkStyle	workStyleRequiredBy
onet	Choreographers	1.C.4.c	requiresWorkStyle	workStyleRequiredBy
onet	Choreographers	1.C.5.a	requiresWorkStyle	workStyleRequiredBy
onet	Choreographers	1.C.5.b	requiresWorkStyle	workStyleRequiredBy
onet	Choreographers	1.C.5.c	requiresWorkStyle	workStyleRequiredBy
onet	Choreographers	1.C.6	requiresWorkStyle	workStyleRequiredBy
onet	Choreographers	1.C.7.a	requiresWorkStyle	workStyleRequiredBy
onet	Choreographers	1.C.7.b	requiresWorkStyle	workStyleRequiredBy
onet	CivilDrafters	1.C.1.a	requiresWorkStyle	workStyleRequiredBy
onet	CivilDrafters	1.C.1.b	requiresWorkStyle	workStyleRequiredBy
onet	CivilDrafters	1.C.1.c	requiresWorkStyle	workStyleRequiredBy
onet	CivilDrafters	1.C.2.b	requiresWorkStyle	workStyleRequiredBy
onet	CivilDrafters	1.C.3.a	requiresWorkStyle	workStyleRequiredBy
onet	CivilDrafters	1.C.3.b	requiresWorkStyle	workStyleRequiredBy
onet	CivilDrafters	1.C.3.c	requiresWorkStyle	workStyleRequiredBy
onet	CivilDrafters	1.C.4.a	requiresWorkStyle	workStyleRequiredBy
onet	CivilDrafters	1.C.4.b	requiresWorkStyle	workStyleRequiredBy
onet	CivilDrafters	1.C.4.c	requiresWorkStyle	workStyleRequiredBy
onet	CivilDrafters	1.C.5.a	requiresWorkStyle	workStyleRequiredBy
onet	CivilDrafters	1.C.5.b	requiresWorkStyle	workStyleRequiredBy
onet	CivilDrafters	1.C.5.c	requiresWorkStyle	workStyleRequiredBy
onet	CivilDrafters	1.C.6	requiresWorkStyle	workStyleRequiredBy
onet	CivilDrafters	1.C.7.a	requiresWorkStyle	workStyleRequiredBy
onet	CivilDrafters	1.C.7.b	requiresWorkStyle	workStyleRequiredBy
onet	CivilEngineers	1.C.1.a	requiresWorkStyle	workStyleRequiredBy
onet	CivilEngineers	1.C.1.b	requiresWorkStyle	workStyleRequiredBy
onet	CivilEngineers	1.C.1.c	requiresWorkStyle	workStyleRequiredBy
onet	CivilEngineers	1.C.2.b	requiresWorkStyle	workStyleRequiredBy
onet	CivilEngineers	1.C.3.a	requiresWorkStyle	workStyleRequiredBy
onet	CivilEngineers	1.C.3.b	requiresWorkStyle	workStyleRequiredBy
onet	CivilEngineers	1.C.3.c	requiresWorkStyle	workStyleRequiredBy
onet	CivilEngineers	1.C.4.a	requiresWorkStyle	workStyleRequiredBy
onet	CivilEngineers	1.C.4.b	requiresWorkStyle	workStyleRequiredBy
onet	CivilEngineers	1.C.4.c	requiresWorkStyle	workStyleRequiredBy
onet	CivilEngineers	1.C.5.a	requiresWorkStyle	workStyleRequiredBy
onet	CivilEngineers	1.C.5.b	requiresWorkStyle	workStyleRequiredBy
onet	CivilEngineers	1.C.5.c	requiresWorkStyle	workStyleRequiredBy
onet	CivilEngineers	1.C.6	requiresWorkStyle	workStyleRequiredBy
onet	CivilEngineers	1.C.7.a	requiresWorkStyle	workStyleRequiredBy
onet	CivilEngineers	1.C.7.b	requiresWorkStyle	workStyleRequiredBy
onet	Clergy	1.C.1.a	requiresWorkStyle	workStyleRequiredBy
onet	Clergy	1.C.1.b	requiresWorkStyle	workStyleRequiredBy
onet	Clergy	1.C.1.c	requiresWorkStyle	workStyleRequiredBy
onet	Clergy	1.C.2.b	requiresWorkStyle	workStyleRequiredBy
onet	Clergy	1.C.3.a	requiresWorkStyle	workStyleRequiredBy
onet	Clergy	1.C.3.b	requiresWorkStyle	workStyleRequiredBy
onet	Clergy	1.C.3.c	requiresWorkStyle	workStyleRequiredBy
onet	Clergy	1.C.4.a	requiresWorkStyle	workStyleRequiredBy
onet	Clergy	1.C.4.b	requiresWorkStyle	workStyleRequiredBy
onet	Clergy	1.C.4.c	requiresWorkStyle	workStyleRequiredBy
onet	Clergy	1.C.5.a	requiresWorkStyle	workStyleRequiredBy
onet	Clergy	1.C.5.b	requiresWorkStyle	workStyleRequiredBy
onet	Clergy	1.C.5.c	requiresWorkStyle	workStyleRequiredBy
onet	Clergy	1.C.6	requiresWorkStyle	workStyleRequiredBy
onet	Clergy	1.C.7.a	requiresWorkStyle	workStyleRequiredBy
onet	Clergy	1.C.7.b	requiresWorkStyle	workStyleRequiredBy
onet	Clerks	1.C.1.a	requiresWorkStyle	workStyleRequiredBy
onet	Clerks	1.C.1.b	requiresWorkStyle	workStyleRequiredBy
onet	Clerks	1.C.1.c	requiresWorkStyle	workStyleRequiredBy
onet	Clerks	1.C.2.b	requiresWorkStyle	workStyleRequiredBy
onet	Clerks	1.C.3.a	requiresWorkStyle	workStyleRequiredBy
onet	Clerks	1.C.3.b	requiresWorkStyle	workStyleRequiredBy
onet	Clerks	1.C.3.c	requiresWorkStyle	workStyleRequiredBy
onet	Clerks	1.C.4.a	requiresWorkStyle	workStyleRequiredBy
onet	Clerks	1.C.4.b	requiresWorkStyle	workStyleRequiredBy
onet	Clerks	1.C.4.c	requiresWorkStyle	workStyleRequiredBy
onet	Clerks	1.C.5.a	requiresWorkStyle	workStyleRequiredBy
onet	Clerks	1.C.5.b	requiresWorkStyle	workStyleRequiredBy
onet	Clerks	1.C.5.c	requiresWorkStyle	workStyleRequiredBy
onet	Clerks	1.C.6	requiresWorkStyle	workStyleRequiredBy
onet	Clerks	1.C.7.a	requiresWorkStyle	workStyleRequiredBy
onet	Clerks	1.C.7.b	requiresWorkStyle	workStyleRequiredBy
onet	ClimateChangePolicyAnalysts	1.C.1.a	requiresWorkStyle	workStyleRequiredBy
onet	ClimateChangePolicyAnalysts	1.C.1.b	requiresWorkStyle	workStyleRequiredBy
onet	ClimateChangePolicyAnalysts	1.C.1.c	requiresWorkStyle	workStyleRequiredBy
onet	ClimateChangePolicyAnalysts	1.C.2.b	requiresWorkStyle	workStyleRequiredBy
onet	ClimateChangePolicyAnalysts	1.C.3.a	requiresWorkStyle	workStyleRequiredBy
onet	ClimateChangePolicyAnalysts	1.C.3.b	requiresWorkStyle	workStyleRequiredBy
onet	ClimateChangePolicyAnalysts	1.C.3.c	requiresWorkStyle	workStyleRequiredBy
onet	ClimateChangePolicyAnalysts	1.C.4.a	requiresWorkStyle	workStyleRequiredBy
onet	ClimateChangePolicyAnalysts	1.C.4.b	requiresWorkStyle	workStyleRequiredBy
onet	ClimateChangePolicyAnalysts	1.C.4.c	requiresWorkStyle	workStyleRequiredBy
onet	ClimateChangePolicyAnalysts	1.C.5.a	requiresWorkStyle	workStyleRequiredBy
onet	ClimateChangePolicyAnalysts	1.C.5.b	requiresWorkStyle	workStyleRequiredBy
onet	ClimateChangePolicyAnalysts	1.C.5.c	requiresWorkStyle	workStyleRequiredBy
onet	ClimateChangePolicyAnalysts	1.C.6	requiresWorkStyle	workStyleRequiredBy
onet	ClimateChangePolicyAnalysts	1.C.7.a	requiresWorkStyle	workStyleRequiredBy
onet	ClimateChangePolicyAnalysts	1.C.7.b	requiresWorkStyle	workStyleRequiredBy
onet	ClinicalDataManagers	1.C.1.a	requiresWorkStyle	workStyleRequiredBy
onet	ClinicalDataManagers	1.C.1.b	requiresWorkStyle	workStyleRequiredBy
onet	ClinicalDataManagers	1.C.1.c	requiresWorkStyle	workStyleRequiredBy
onet	ClinicalDataManagers	1.C.2.b	requiresWorkStyle	workStyleRequiredBy
onet	ClinicalDataManagers	1.C.3.a	requiresWorkStyle	workStyleRequiredBy
onet	ClinicalDataManagers	1.C.3.b	requiresWorkStyle	workStyleRequiredBy
onet	ClinicalDataManagers	1.C.3.c	requiresWorkStyle	workStyleRequiredBy
onet	ClinicalDataManagers	1.C.4.a	requiresWorkStyle	workStyleRequiredBy
onet	ClinicalDataManagers	1.C.4.b	requiresWorkStyle	workStyleRequiredBy
onet	ClinicalDataManagers	1.C.4.c	requiresWorkStyle	workStyleRequiredBy
onet	ClinicalDataManagers	1.C.5.a	requiresWorkStyle	workStyleRequiredBy
onet	ClinicalDataManagers	1.C.5.b	requiresWorkStyle	workStyleRequiredBy
onet	ClinicalDataManagers	1.C.5.c	requiresWorkStyle	workStyleRequiredBy
onet	ClinicalDataManagers	1.C.6	requiresWorkStyle	workStyleRequiredBy
onet	ClinicalDataManagers	1.C.7.a	requiresWorkStyle	workStyleRequiredBy
onet	ClinicalDataManagers	1.C.7.b	requiresWorkStyle	workStyleRequiredBy
onet	ClinicalLaboratoryTechnicians	1.C.1.a	requiresWorkStyle	workStyleRequiredBy
onet	ClinicalLaboratoryTechnicians	1.C.1.b	requiresWorkStyle	workStyleRequiredBy
onet	ClinicalLaboratoryTechnicians	1.C.1.c	requiresWorkStyle	workStyleRequiredBy
onet	ClinicalLaboratoryTechnicians	1.C.2.b	requiresWorkStyle	workStyleRequiredBy
onet	ClinicalLaboratoryTechnicians	1.C.3.a	requiresWorkStyle	workStyleRequiredBy
onet	ClinicalLaboratoryTechnicians	1.C.3.b	requiresWorkStyle	workStyleRequiredBy
onet	ClinicalLaboratoryTechnicians	1.C.3.c	requiresWorkStyle	workStyleRequiredBy
onet	ClinicalLaboratoryTechnicians	1.C.4.a	requiresWorkStyle	workStyleRequiredBy
onet	ClinicalLaboratoryTechnicians	1.C.4.b	requiresWorkStyle	workStyleRequiredBy
onet	ClinicalLaboratoryTechnicians	1.C.4.c	requiresWorkStyle	workStyleRequiredBy
onet	ClinicalLaboratoryTechnicians	1.C.5.a	requiresWorkStyle	workStyleRequiredBy
onet	ClinicalLaboratoryTechnicians	1.C.5.b	requiresWorkStyle	workStyleRequiredBy
onet	ClinicalLaboratoryTechnicians	1.C.5.c	requiresWorkStyle	workStyleRequiredBy
onet	ClinicalLaboratoryTechnicians	1.C.6	requiresWorkStyle	workStyleRequiredBy
onet	ClinicalLaboratoryTechnicians	1.C.7.a	requiresWorkStyle	workStyleRequiredBy
onet	ClinicalLaboratoryTechnicians	1.C.7.b	requiresWorkStyle	workStyleRequiredBy
onet	ClinicalLaboratoryTechnologists	1.C.1.a	requiresWorkStyle	workStyleRequiredBy
onet	ClinicalLaboratoryTechnologists	1.C.1.b	requiresWorkStyle	workStyleRequiredBy
onet	ClinicalLaboratoryTechnologists	1.C.1.c	requiresWorkStyle	workStyleRequiredBy
onet	ClinicalLaboratoryTechnologists	1.C.2.b	requiresWorkStyle	workStyleRequiredBy
onet	ClinicalLaboratoryTechnologists	1.C.3.a	requiresWorkStyle	workStyleRequiredBy
onet	ClinicalLaboratoryTechnologists	1.C.3.b	requiresWorkStyle	workStyleRequiredBy
onet	ClinicalLaboratoryTechnologists	1.C.3.c	requiresWorkStyle	workStyleRequiredBy
onet	ClinicalLaboratoryTechnologists	1.C.4.a	requiresWorkStyle	workStyleRequiredBy
onet	ClinicalLaboratoryTechnologists	1.C.4.b	requiresWorkStyle	workStyleRequiredBy
onet	ClinicalLaboratoryTechnologists	1.C.4.c	requiresWorkStyle	workStyleRequiredBy
onet	ClinicalLaboratoryTechnologists	1.C.5.a	requiresWorkStyle	workStyleRequiredBy
onet	ClinicalLaboratoryTechnologists	1.C.5.b	requiresWorkStyle	workStyleRequiredBy
onet	ClinicalLaboratoryTechnologists	1.C.5.c	requiresWorkStyle	workStyleRequiredBy
onet	ClinicalLaboratoryTechnologists	1.C.6	requiresWorkStyle	workStyleRequiredBy
onet	ClinicalLaboratoryTechnologists	1.C.7.a	requiresWorkStyle	workStyleRequiredBy
onet	ClinicalLaboratoryTechnologists	1.C.7.b	requiresWorkStyle	workStyleRequiredBy
onet	ClinicalNeuropsychologists	1.C.1.a	requiresWorkStyle	workStyleRequiredBy
onet	ClinicalNeuropsychologists	1.C.1.b	requiresWorkStyle	workStyleRequiredBy
onet	ClinicalNeuropsychologists	1.C.1.c	requiresWorkStyle	workStyleRequiredBy
onet	ClinicalNeuropsychologists	1.C.2.b	requiresWorkStyle	workStyleRequiredBy
onet	ClinicalNeuropsychologists	1.C.3.a	requiresWorkStyle	workStyleRequiredBy
onet	ClinicalNeuropsychologists	1.C.3.b	requiresWorkStyle	workStyleRequiredBy
onet	ClinicalNeuropsychologists	1.C.3.c	requiresWorkStyle	workStyleRequiredBy
onet	ClinicalNeuropsychologists	1.C.4.a	requiresWorkStyle	workStyleRequiredBy
onet	ClinicalNeuropsychologists	1.C.4.b	requiresWorkStyle	workStyleRequiredBy
onet	ClinicalNeuropsychologists	1.C.4.c	requiresWorkStyle	workStyleRequiredBy
onet	ClinicalNeuropsychologists	1.C.5.a	requiresWorkStyle	workStyleRequiredBy
onet	ClinicalNeuropsychologists	1.C.5.b	requiresWorkStyle	workStyleRequiredBy
onet	ClinicalNeuropsychologists	1.C.5.c	requiresWorkStyle	workStyleRequiredBy
onet	ClinicalNeuropsychologists	1.C.6	requiresWorkStyle	workStyleRequiredBy
onet	ClinicalNeuropsychologists	1.C.7.a	requiresWorkStyle	workStyleRequiredBy
onet	ClinicalNeuropsychologists	1.C.7.b	requiresWorkStyle	workStyleRequiredBy
onet	ClinicalNurseSpecialists	1.C.1.a	requiresWorkStyle	workStyleRequiredBy
onet	ClinicalNurseSpecialists	1.C.1.b	requiresWorkStyle	workStyleRequiredBy
onet	ClinicalNurseSpecialists	1.C.1.c	requiresWorkStyle	workStyleRequiredBy
onet	ClinicalNurseSpecialists	1.C.2.b	requiresWorkStyle	workStyleRequiredBy
onet	ClinicalNurseSpecialists	1.C.3.a	requiresWorkStyle	workStyleRequiredBy
onet	ClinicalNurseSpecialists	1.C.3.b	requiresWorkStyle	workStyleRequiredBy
onet	ClinicalNurseSpecialists	1.C.3.c	requiresWorkStyle	workStyleRequiredBy
onet	ClinicalNurseSpecialists	1.C.4.a	requiresWorkStyle	workStyleRequiredBy
onet	ClinicalNurseSpecialists	1.C.4.b	requiresWorkStyle	workStyleRequiredBy
onet	ClinicalNurseSpecialists	1.C.4.c	requiresWorkStyle	workStyleRequiredBy
onet	ClinicalNurseSpecialists	1.C.5.a	requiresWorkStyle	workStyleRequiredBy
onet	ClinicalNurseSpecialists	1.C.5.b	requiresWorkStyle	workStyleRequiredBy
onet	ClinicalNurseSpecialists	1.C.5.c	requiresWorkStyle	workStyleRequiredBy
onet	ClinicalNurseSpecialists	1.C.6	requiresWorkStyle	workStyleRequiredBy
onet	ClinicalNurseSpecialists	1.C.7.a	requiresWorkStyle	workStyleRequiredBy
onet	ClinicalNurseSpecialists	1.C.7.b	requiresWorkStyle	workStyleRequiredBy
onet	ClinicalResearchCoordinators	1.C.1.a	requiresWorkStyle	workStyleRequiredBy
onet	ClinicalResearchCoordinators	1.C.1.b	requiresWorkStyle	workStyleRequiredBy
onet	ClinicalResearchCoordinators	1.C.1.c	requiresWorkStyle	workStyleRequiredBy
onet	ClinicalResearchCoordinators	1.C.2.b	requiresWorkStyle	workStyleRequiredBy
onet	ClinicalResearchCoordinators	1.C.3.a	requiresWorkStyle	workStyleRequiredBy
onet	ClinicalResearchCoordinators	1.C.3.b	requiresWorkStyle	workStyleRequiredBy
onet	ClinicalResearchCoordinators	1.C.3.c	requiresWorkStyle	workStyleRequiredBy
onet	ClinicalResearchCoordinators	1.C.4.a	requiresWorkStyle	workStyleRequiredBy
onet	ClinicalResearchCoordinators	1.C.4.b	requiresWorkStyle	workStyleRequiredBy
onet	ClinicalResearchCoordinators	1.C.4.c	requiresWorkStyle	workStyleRequiredBy
onet	ClinicalResearchCoordinators	1.C.5.a	requiresWorkStyle	workStyleRequiredBy
onet	ClinicalResearchCoordinators	1.C.5.b	requiresWorkStyle	workStyleRequiredBy
onet	ClinicalResearchCoordinators	1.C.5.c	requiresWorkStyle	workStyleRequiredBy
onet	ClinicalResearchCoordinators	1.C.6	requiresWorkStyle	workStyleRequiredBy
onet	ClinicalResearchCoordinators	1.C.7.a	requiresWorkStyle	workStyleRequiredBy
onet	ClinicalResearchCoordinators	1.C.7.b	requiresWorkStyle	workStyleRequiredBy
onet	ClockRepairers	1.C.1.a	requiresWorkStyle	workStyleRequiredBy
onet	ClockRepairers	1.C.1.b	requiresWorkStyle	workStyleRequiredBy
onet	ClockRepairers	1.C.1.c	requiresWorkStyle	workStyleRequiredBy
onet	ClockRepairers	1.C.2.b	requiresWorkStyle	workStyleRequiredBy
onet	ClockRepairers	1.C.3.a	requiresWorkStyle	workStyleRequiredBy
onet	ClockRepairers	1.C.3.b	requiresWorkStyle	workStyleRequiredBy
onet	ClockRepairers	1.C.3.c	requiresWorkStyle	workStyleRequiredBy
onet	ClockRepairers	1.C.4.a	requiresWorkStyle	workStyleRequiredBy
onet	ClockRepairers	1.C.4.b	requiresWorkStyle	workStyleRequiredBy
onet	ClockRepairers	1.C.4.c	requiresWorkStyle	workStyleRequiredBy
onet	ClockRepairers	1.C.5.a	requiresWorkStyle	workStyleRequiredBy
onet	ClockRepairers	1.C.5.b	requiresWorkStyle	workStyleRequiredBy
onet	ClockRepairers	1.C.5.c	requiresWorkStyle	workStyleRequiredBy
onet	ClockRepairers	1.C.6	requiresWorkStyle	workStyleRequiredBy
onet	ClockRepairers	1.C.7.a	requiresWorkStyle	workStyleRequiredBy
onet	ClockRepairers	1.C.7.b	requiresWorkStyle	workStyleRequiredBy
onet	CoffeeShop	1.C.1.a	requiresWorkStyle	workStyleRequiredBy
onet	CoffeeShop	1.C.1.b	requiresWorkStyle	workStyleRequiredBy
onet	CoffeeShop	1.C.1.c	requiresWorkStyle	workStyleRequiredBy
onet	CoffeeShop	1.C.2.b	requiresWorkStyle	workStyleRequiredBy
onet	CoffeeShop	1.C.3.a	requiresWorkStyle	workStyleRequiredBy
onet	CoffeeShop	1.C.3.b	requiresWorkStyle	workStyleRequiredBy
onet	CoffeeShop	1.C.3.c	requiresWorkStyle	workStyleRequiredBy
onet	CoffeeShop	1.C.4.a	requiresWorkStyle	workStyleRequiredBy
onet	CoffeeShop	1.C.4.b	requiresWorkStyle	workStyleRequiredBy
onet	CoffeeShop	1.C.4.c	requiresWorkStyle	workStyleRequiredBy
onet	CoffeeShop	1.C.5.a	requiresWorkStyle	workStyleRequiredBy
onet	CoffeeShop	1.C.5.b	requiresWorkStyle	workStyleRequiredBy
onet	CoffeeShop	1.C.5.c	requiresWorkStyle	workStyleRequiredBy
onet	CoffeeShop	1.C.6	requiresWorkStyle	workStyleRequiredBy
onet	CoffeeShop	1.C.7.a	requiresWorkStyle	workStyleRequiredBy
onet	CoffeeShop	1.C.7.b	requiresWorkStyle	workStyleRequiredBy
onet	CommercialDivers	1.C.1.a	requiresWorkStyle	workStyleRequiredBy
onet	CommercialDivers	1.C.1.b	requiresWorkStyle	workStyleRequiredBy
onet	CommercialDivers	1.C.1.c	requiresWorkStyle	workStyleRequiredBy
onet	CommercialDivers	1.C.2.b	requiresWorkStyle	workStyleRequiredBy
onet	CommercialDivers	1.C.3.a	requiresWorkStyle	workStyleRequiredBy
onet	CommercialDivers	1.C.3.b	requiresWorkStyle	workStyleRequiredBy
onet	CommercialDivers	1.C.3.c	requiresWorkStyle	workStyleRequiredBy
onet	CommercialDivers	1.C.4.a	requiresWorkStyle	workStyleRequiredBy
onet	CommercialDivers	1.C.4.b	requiresWorkStyle	workStyleRequiredBy
onet	CommercialDivers	1.C.4.c	requiresWorkStyle	workStyleRequiredBy
onet	CommercialDivers	1.C.5.a	requiresWorkStyle	workStyleRequiredBy
onet	CommercialDivers	1.C.5.b	requiresWorkStyle	workStyleRequiredBy
onet	CommercialDivers	1.C.5.c	requiresWorkStyle	workStyleRequiredBy
onet	CommercialDivers	1.C.6	requiresWorkStyle	workStyleRequiredBy
onet	CommercialDivers	1.C.7.a	requiresWorkStyle	workStyleRequiredBy
onet	CommercialDivers	1.C.7.b	requiresWorkStyle	workStyleRequiredBy
onet	CommercialPilots	1.C.1.a	requiresWorkStyle	workStyleRequiredBy
onet	CommercialPilots	1.C.1.b	requiresWorkStyle	workStyleRequiredBy
onet	CommercialPilots	1.C.1.c	requiresWorkStyle	workStyleRequiredBy
onet	CommercialPilots	1.C.2.b	requiresWorkStyle	workStyleRequiredBy
onet	CommercialPilots	1.C.3.a	requiresWorkStyle	workStyleRequiredBy
onet	CommercialPilots	1.C.3.b	requiresWorkStyle	workStyleRequiredBy
onet	CommercialPilots	1.C.3.c	requiresWorkStyle	workStyleRequiredBy
onet	CommercialPilots	1.C.4.a	requiresWorkStyle	workStyleRequiredBy
onet	CommercialPilots	1.C.4.b	requiresWorkStyle	workStyleRequiredBy
onet	CommercialPilots	1.C.4.c	requiresWorkStyle	workStyleRequiredBy
onet	CommercialPilots	1.C.5.a	requiresWorkStyle	workStyleRequiredBy
onet	CommercialPilots	1.C.5.b	requiresWorkStyle	workStyleRequiredBy
onet	CommercialPilots	1.C.5.c	requiresWorkStyle	workStyleRequiredBy
onet	CommercialPilots	1.C.6	requiresWorkStyle	workStyleRequiredBy
onet	CommercialPilots	1.C.7.a	requiresWorkStyle	workStyleRequiredBy
onet	CommercialPilots	1.C.7.b	requiresWorkStyle	workStyleRequiredBy
onet	CommunicationsTeachersPostsecondary	1.C.1.a	requiresWorkStyle	workStyleRequiredBy
onet	CommunicationsTeachersPostsecondary	1.C.1.b	requiresWorkStyle	workStyleRequiredBy
onet	CommunicationsTeachersPostsecondary	1.C.1.c	requiresWorkStyle	workStyleRequiredBy
onet	CommunicationsTeachersPostsecondary	1.C.2.b	requiresWorkStyle	workStyleRequiredBy
onet	CommunicationsTeachersPostsecondary	1.C.3.a	requiresWorkStyle	workStyleRequiredBy
onet	CommunicationsTeachersPostsecondary	1.C.3.b	requiresWorkStyle	workStyleRequiredBy
onet	CommunicationsTeachersPostsecondary	1.C.3.c	requiresWorkStyle	workStyleRequiredBy
onet	CommunicationsTeachersPostsecondary	1.C.4.a	requiresWorkStyle	workStyleRequiredBy
onet	CommunicationsTeachersPostsecondary	1.C.4.b	requiresWorkStyle	workStyleRequiredBy
onet	CommunicationsTeachersPostsecondary	1.C.4.c	requiresWorkStyle	workStyleRequiredBy
onet	CommunicationsTeachersPostsecondary	1.C.5.a	requiresWorkStyle	workStyleRequiredBy
onet	CommunicationsTeachersPostsecondary	1.C.5.b	requiresWorkStyle	workStyleRequiredBy
onet	CommunicationsTeachersPostsecondary	1.C.5.c	requiresWorkStyle	workStyleRequiredBy
onet	CommunicationsTeachersPostsecondary	1.C.6	requiresWorkStyle	workStyleRequiredBy
onet	CommunicationsTeachersPostsecondary	1.C.7.a	requiresWorkStyle	workStyleRequiredBy
onet	CommunicationsTeachersPostsecondary	1.C.7.b	requiresWorkStyle	workStyleRequiredBy
onet	CommunityAssociationManagers	1.C.1.a	requiresWorkStyle	workStyleRequiredBy
onet	CommunityAssociationManagers	1.C.1.b	requiresWorkStyle	workStyleRequiredBy
onet	CommunityAssociationManagers	1.C.1.c	requiresWorkStyle	workStyleRequiredBy
onet	CommunityAssociationManagers	1.C.2.b	requiresWorkStyle	workStyleRequiredBy
onet	CommunityAssociationManagers	1.C.3.a	requiresWorkStyle	workStyleRequiredBy
onet	CommunityAssociationManagers	1.C.3.b	requiresWorkStyle	workStyleRequiredBy
onet	CommunityAssociationManagers	1.C.3.c	requiresWorkStyle	workStyleRequiredBy
onet	CommunityAssociationManagers	1.C.4.a	requiresWorkStyle	workStyleRequiredBy
onet	CommunityAssociationManagers	1.C.4.b	requiresWorkStyle	workStyleRequiredBy
onet	CommunityAssociationManagers	1.C.4.c	requiresWorkStyle	workStyleRequiredBy
onet	CommunityAssociationManagers	1.C.5.a	requiresWorkStyle	workStyleRequiredBy
onet	CommunityAssociationManagers	1.C.5.b	requiresWorkStyle	workStyleRequiredBy
onet	CommunityAssociationManagers	1.C.5.c	requiresWorkStyle	workStyleRequiredBy
onet	CommunityAssociationManagers	1.C.6	requiresWorkStyle	workStyleRequiredBy
onet	CommunityAssociationManagers	1.C.7.a	requiresWorkStyle	workStyleRequiredBy
onet	CommunityAssociationManagers	1.C.7.b	requiresWorkStyle	workStyleRequiredBy
onet	CommunityHealthWorkers	1.C.1.a	requiresWorkStyle	workStyleRequiredBy
onet	CommunityHealthWorkers	1.C.1.b	requiresWorkStyle	workStyleRequiredBy
onet	CommunityHealthWorkers	1.C.1.c	requiresWorkStyle	workStyleRequiredBy
onet	CommunityHealthWorkers	1.C.2.b	requiresWorkStyle	workStyleRequiredBy
onet	CommunityHealthWorkers	1.C.3.a	requiresWorkStyle	workStyleRequiredBy
onet	CommunityHealthWorkers	1.C.3.b	requiresWorkStyle	workStyleRequiredBy
onet	CommunityHealthWorkers	1.C.3.c	requiresWorkStyle	workStyleRequiredBy
onet	CommunityHealthWorkers	1.C.4.a	requiresWorkStyle	workStyleRequiredBy
onet	CommunityHealthWorkers	1.C.4.b	requiresWorkStyle	workStyleRequiredBy
onet	CommunityHealthWorkers	1.C.4.c	requiresWorkStyle	workStyleRequiredBy
onet	CommunityHealthWorkers	1.C.5.a	requiresWorkStyle	workStyleRequiredBy
onet	CommunityHealthWorkers	1.C.5.b	requiresWorkStyle	workStyleRequiredBy
onet	CommunityHealthWorkers	1.C.5.c	requiresWorkStyle	workStyleRequiredBy
onet	CommunityHealthWorkers	1.C.6	requiresWorkStyle	workStyleRequiredBy
onet	CommunityHealthWorkers	1.C.7.a	requiresWorkStyle	workStyleRequiredBy
onet	CommunityHealthWorkers	1.C.7.b	requiresWorkStyle	workStyleRequiredBy
onet	CommunityServiceManagers	1.C.1.a	requiresWorkStyle	workStyleRequiredBy
onet	CommunityServiceManagers	1.C.1.b	requiresWorkStyle	workStyleRequiredBy
onet	CommunityServiceManagers	1.C.1.c	requiresWorkStyle	workStyleRequiredBy
onet	CommunityServiceManagers	1.C.2.b	requiresWorkStyle	workStyleRequiredBy
onet	CommunityServiceManagers	1.C.3.a	requiresWorkStyle	workStyleRequiredBy
onet	CommunityServiceManagers	1.C.3.b	requiresWorkStyle	workStyleRequiredBy
onet	CommunityServiceManagers	1.C.3.c	requiresWorkStyle	workStyleRequiredBy
onet	CommunityServiceManagers	1.C.4.a	requiresWorkStyle	workStyleRequiredBy
onet	CommunityServiceManagers	1.C.4.b	requiresWorkStyle	workStyleRequiredBy
onet	CommunityServiceManagers	1.C.4.c	requiresWorkStyle	workStyleRequiredBy
onet	CommunityServiceManagers	1.C.5.a	requiresWorkStyle	workStyleRequiredBy
onet	CommunityServiceManagers	1.C.5.b	requiresWorkStyle	workStyleRequiredBy
onet	CommunityServiceManagers	1.C.5.c	requiresWorkStyle	workStyleRequiredBy
onet	CommunityServiceManagers	1.C.6	requiresWorkStyle	workStyleRequiredBy
onet	CommunityServiceManagers	1.C.7.a	requiresWorkStyle	workStyleRequiredBy
onet	CommunityServiceManagers	1.C.7.b	requiresWorkStyle	workStyleRequiredBy
onet	ComplianceManagers	1.C.1.a	requiresWorkStyle	workStyleRequiredBy
onet	ComplianceManagers	1.C.1.b	requiresWorkStyle	workStyleRequiredBy
onet	ComplianceManagers	1.C.1.c	requiresWorkStyle	workStyleRequiredBy
onet	ComplianceManagers	1.C.2.b	requiresWorkStyle	workStyleRequiredBy
onet	ComplianceManagers	1.C.3.a	requiresWorkStyle	workStyleRequiredBy
onet	ComplianceManagers	1.C.3.b	requiresWorkStyle	workStyleRequiredBy
onet	ComplianceManagers	1.C.3.c	requiresWorkStyle	workStyleRequiredBy
onet	ComplianceManagers	1.C.4.a	requiresWorkStyle	workStyleRequiredBy
onet	ComplianceManagers	1.C.4.b	requiresWorkStyle	workStyleRequiredBy
onet	ComplianceManagers	1.C.4.c	requiresWorkStyle	workStyleRequiredBy
onet	ComplianceManagers	1.C.5.a	requiresWorkStyle	workStyleRequiredBy
onet	ComplianceManagers	1.C.5.b	requiresWorkStyle	workStyleRequiredBy
onet	ComplianceManagers	1.C.5.c	requiresWorkStyle	workStyleRequiredBy
onet	ComplianceManagers	1.C.6	requiresWorkStyle	workStyleRequiredBy
onet	ComplianceManagers	1.C.7.a	requiresWorkStyle	workStyleRequiredBy
onet	ComplianceManagers	1.C.7.b	requiresWorkStyle	workStyleRequiredBy
onet	ComplianceOfficers	1.C.1.a	requiresWorkStyle	workStyleRequiredBy
onet	ComplianceOfficers	1.C.1.b	requiresWorkStyle	workStyleRequiredBy
onet	ComplianceOfficers	1.C.1.c	requiresWorkStyle	workStyleRequiredBy
onet	ComplianceOfficers	1.C.2.b	requiresWorkStyle	workStyleRequiredBy
onet	ComplianceOfficers	1.C.3.a	requiresWorkStyle	workStyleRequiredBy
onet	ComplianceOfficers	1.C.3.b	requiresWorkStyle	workStyleRequiredBy
onet	ComplianceOfficers	1.C.3.c	requiresWorkStyle	workStyleRequiredBy
onet	ComplianceOfficers	1.C.4.a	requiresWorkStyle	workStyleRequiredBy
onet	ComplianceOfficers	1.C.4.b	requiresWorkStyle	workStyleRequiredBy
onet	ComplianceOfficers	1.C.4.c	requiresWorkStyle	workStyleRequiredBy
onet	ComplianceOfficers	1.C.5.a	requiresWorkStyle	workStyleRequiredBy
onet	ComplianceOfficers	1.C.5.b	requiresWorkStyle	workStyleRequiredBy
onet	ComplianceOfficers	1.C.5.c	requiresWorkStyle	workStyleRequiredBy
onet	ComplianceOfficers	1.C.6	requiresWorkStyle	workStyleRequiredBy
onet	ComplianceOfficers	1.C.7.a	requiresWorkStyle	workStyleRequiredBy
onet	ComplianceOfficers	1.C.7.b	requiresWorkStyle	workStyleRequiredBy
onet	Composers	1.C.1.a	requiresWorkStyle	workStyleRequiredBy
onet	Composers	1.C.1.b	requiresWorkStyle	workStyleRequiredBy
onet	Composers	1.C.1.c	requiresWorkStyle	workStyleRequiredBy
onet	Composers	1.C.2.b	requiresWorkStyle	workStyleRequiredBy
onet	Composers	1.C.3.a	requiresWorkStyle	workStyleRequiredBy
onet	Composers	1.C.3.b	requiresWorkStyle	workStyleRequiredBy
onet	Composers	1.C.3.c	requiresWorkStyle	workStyleRequiredBy
onet	Composers	1.C.4.a	requiresWorkStyle	workStyleRequiredBy
onet	Composers	1.C.4.b	requiresWorkStyle	workStyleRequiredBy
onet	Composers	1.C.4.c	requiresWorkStyle	workStyleRequiredBy
onet	Composers	1.C.5.a	requiresWorkStyle	workStyleRequiredBy
onet	Composers	1.C.5.b	requiresWorkStyle	workStyleRequiredBy
onet	Composers	1.C.5.c	requiresWorkStyle	workStyleRequiredBy
onet	Composers	1.C.6	requiresWorkStyle	workStyleRequiredBy
onet	Composers	1.C.7.a	requiresWorkStyle	workStyleRequiredBy
onet	Composers	1.C.7.b	requiresWorkStyle	workStyleRequiredBy
onet	Computer	1.C.1.a	requiresWorkStyle	workStyleRequiredBy
onet	Computer	1.C.1.b	requiresWorkStyle	workStyleRequiredBy
onet	Computer	1.C.1.c	requiresWorkStyle	workStyleRequiredBy
onet	Computer	1.C.2.b	requiresWorkStyle	workStyleRequiredBy
onet	Computer	1.C.3.a	requiresWorkStyle	workStyleRequiredBy
onet	Computer	1.C.3.b	requiresWorkStyle	workStyleRequiredBy
onet	Computer	1.C.3.c	requiresWorkStyle	workStyleRequiredBy
onet	Computer	1.C.4.a	requiresWorkStyle	workStyleRequiredBy
onet	Computer	1.C.4.b	requiresWorkStyle	workStyleRequiredBy
onet	Computer	1.C.4.c	requiresWorkStyle	workStyleRequiredBy
onet	Computer	1.C.5.a	requiresWorkStyle	workStyleRequiredBy
onet	Computer	1.C.5.b	requiresWorkStyle	workStyleRequiredBy
onet	Computer	1.C.5.c	requiresWorkStyle	workStyleRequiredBy
onet	Computer	1.C.6	requiresWorkStyle	workStyleRequiredBy
onet	Computer	1.C.7.a	requiresWorkStyle	workStyleRequiredBy
onet	Computer	1.C.7.b	requiresWorkStyle	workStyleRequiredBy
onet	ComputerHardwareEngineers	1.C.1.a	requiresWorkStyle	workStyleRequiredBy
onet	ComputerHardwareEngineers	1.C.1.b	requiresWorkStyle	workStyleRequiredBy
onet	ComputerHardwareEngineers	1.C.1.c	requiresWorkStyle	workStyleRequiredBy
onet	ComputerHardwareEngineers	1.C.2.b	requiresWorkStyle	workStyleRequiredBy
onet	ComputerHardwareEngineers	1.C.3.a	requiresWorkStyle	workStyleRequiredBy
onet	ComputerHardwareEngineers	1.C.3.b	requiresWorkStyle	workStyleRequiredBy
onet	ComputerHardwareEngineers	1.C.3.c	requiresWorkStyle	workStyleRequiredBy
onet	ComputerHardwareEngineers	1.C.4.a	requiresWorkStyle	workStyleRequiredBy
onet	ComputerHardwareEngineers	1.C.4.b	requiresWorkStyle	workStyleRequiredBy
onet	ComputerHardwareEngineers	1.C.4.c	requiresWorkStyle	workStyleRequiredBy
onet	ComputerHardwareEngineers	1.C.5.a	requiresWorkStyle	workStyleRequiredBy
onet	ComputerHardwareEngineers	1.C.5.b	requiresWorkStyle	workStyleRequiredBy
onet	ComputerHardwareEngineers	1.C.5.c	requiresWorkStyle	workStyleRequiredBy
onet	ComputerHardwareEngineers	1.C.6	requiresWorkStyle	workStyleRequiredBy
onet	ComputerHardwareEngineers	1.C.7.a	requiresWorkStyle	workStyleRequiredBy
onet	ComputerHardwareEngineers	1.C.7.b	requiresWorkStyle	workStyleRequiredBy
onet	ComputerNetworkArchitects	1.C.1.a	requiresWorkStyle	workStyleRequiredBy
onet	ComputerNetworkArchitects	1.C.1.b	requiresWorkStyle	workStyleRequiredBy
onet	ComputerNetworkArchitects	1.C.1.c	requiresWorkStyle	workStyleRequiredBy
onet	ComputerNetworkArchitects	1.C.2.b	requiresWorkStyle	workStyleRequiredBy
onet	ComputerNetworkArchitects	1.C.3.a	requiresWorkStyle	workStyleRequiredBy
onet	ComputerNetworkArchitects	1.C.3.b	requiresWorkStyle	workStyleRequiredBy
onet	ComputerNetworkArchitects	1.C.3.c	requiresWorkStyle	workStyleRequiredBy
onet	ComputerNetworkArchitects	1.C.4.a	requiresWorkStyle	workStyleRequiredBy
onet	ComputerNetworkArchitects	1.C.4.b	requiresWorkStyle	workStyleRequiredBy
onet	ComputerNetworkArchitects	1.C.4.c	requiresWorkStyle	workStyleRequiredBy
onet	ComputerNetworkArchitects	1.C.5.a	requiresWorkStyle	workStyleRequiredBy
onet	ComputerNetworkArchitects	1.C.5.b	requiresWorkStyle	workStyleRequiredBy
onet	ComputerNetworkArchitects	1.C.5.c	requiresWorkStyle	workStyleRequiredBy
onet	ComputerNetworkArchitects	1.C.6	requiresWorkStyle	workStyleRequiredBy
onet	ComputerNetworkArchitects	1.C.7.a	requiresWorkStyle	workStyleRequiredBy
onet	ComputerNetworkArchitects	1.C.7.b	requiresWorkStyle	workStyleRequiredBy
onet	ComputerNetworkSupportSpecialists	1.C.1.a	requiresWorkStyle	workStyleRequiredBy
onet	ComputerNetworkSupportSpecialists	1.C.1.b	requiresWorkStyle	workStyleRequiredBy
onet	ComputerNetworkSupportSpecialists	1.C.1.c	requiresWorkStyle	workStyleRequiredBy
onet	ComputerNetworkSupportSpecialists	1.C.2.b	requiresWorkStyle	workStyleRequiredBy
onet	ComputerNetworkSupportSpecialists	1.C.3.a	requiresWorkStyle	workStyleRequiredBy
onet	ComputerNetworkSupportSpecialists	1.C.3.b	requiresWorkStyle	workStyleRequiredBy
onet	ComputerNetworkSupportSpecialists	1.C.3.c	requiresWorkStyle	workStyleRequiredBy
onet	ComputerNetworkSupportSpecialists	1.C.4.a	requiresWorkStyle	workStyleRequiredBy
onet	ComputerNetworkSupportSpecialists	1.C.4.b	requiresWorkStyle	workStyleRequiredBy
onet	ComputerNetworkSupportSpecialists	1.C.4.c	requiresWorkStyle	workStyleRequiredBy
onet	ComputerNetworkSupportSpecialists	1.C.5.a	requiresWorkStyle	workStyleRequiredBy
onet	ComputerNetworkSupportSpecialists	1.C.5.b	requiresWorkStyle	workStyleRequiredBy
onet	ComputerNetworkSupportSpecialists	1.C.5.c	requiresWorkStyle	workStyleRequiredBy
onet	ComputerNetworkSupportSpecialists	1.C.6	requiresWorkStyle	workStyleRequiredBy
onet	ComputerNetworkSupportSpecialists	1.C.7.a	requiresWorkStyle	workStyleRequiredBy
onet	ComputerNetworkSupportSpecialists	1.C.7.b	requiresWorkStyle	workStyleRequiredBy
onet	ComputerNumericallyControlledToolOperators	1.C.1.a	requiresWorkStyle	workStyleRequiredBy
onet	ComputerNumericallyControlledToolOperators	1.C.1.b	requiresWorkStyle	workStyleRequiredBy
onet	ComputerNumericallyControlledToolOperators	1.C.1.c	requiresWorkStyle	workStyleRequiredBy
onet	ComputerNumericallyControlledToolOperators	1.C.2.b	requiresWorkStyle	workStyleRequiredBy
onet	ComputerNumericallyControlledToolOperators	1.C.3.a	requiresWorkStyle	workStyleRequiredBy
onet	ComputerNumericallyControlledToolOperators	1.C.3.b	requiresWorkStyle	workStyleRequiredBy
onet	ComputerNumericallyControlledToolOperators	1.C.3.c	requiresWorkStyle	workStyleRequiredBy
onet	ComputerNumericallyControlledToolOperators	1.C.4.a	requiresWorkStyle	workStyleRequiredBy
onet	ComputerNumericallyControlledToolOperators	1.C.4.b	requiresWorkStyle	workStyleRequiredBy
onet	ComputerNumericallyControlledToolOperators	1.C.4.c	requiresWorkStyle	workStyleRequiredBy
onet	ComputerNumericallyControlledToolOperators	1.C.5.a	requiresWorkStyle	workStyleRequiredBy
onet	ComputerNumericallyControlledToolOperators	1.C.5.b	requiresWorkStyle	workStyleRequiredBy
onet	ComputerNumericallyControlledToolOperators	1.C.5.c	requiresWorkStyle	workStyleRequiredBy
onet	ComputerNumericallyControlledToolOperators	1.C.6	requiresWorkStyle	workStyleRequiredBy
onet	ComputerNumericallyControlledToolOperators	1.C.7.a	requiresWorkStyle	workStyleRequiredBy
onet	ComputerNumericallyControlledToolOperators	1.C.7.b	requiresWorkStyle	workStyleRequiredBy
onet	ComputerNumericallyControlledToolProgrammers	1.C.1.a	requiresWorkStyle	workStyleRequiredBy
onet	ComputerNumericallyControlledToolProgrammers	1.C.1.b	requiresWorkStyle	workStyleRequiredBy
onet	ComputerNumericallyControlledToolProgrammers	1.C.1.c	requiresWorkStyle	workStyleRequiredBy
onet	ComputerNumericallyControlledToolProgrammers	1.C.2.b	requiresWorkStyle	workStyleRequiredBy
onet	ComputerNumericallyControlledToolProgrammers	1.C.3.a	requiresWorkStyle	workStyleRequiredBy
onet	ComputerNumericallyControlledToolProgrammers	1.C.3.b	requiresWorkStyle	workStyleRequiredBy
onet	ComputerNumericallyControlledToolProgrammers	1.C.3.c	requiresWorkStyle	workStyleRequiredBy
onet	ComputerNumericallyControlledToolProgrammers	1.C.4.a	requiresWorkStyle	workStyleRequiredBy
onet	ComputerNumericallyControlledToolProgrammers	1.C.4.b	requiresWorkStyle	workStyleRequiredBy
onet	ComputerNumericallyControlledToolProgrammers	1.C.4.c	requiresWorkStyle	workStyleRequiredBy
onet	ComputerNumericallyControlledToolProgrammers	1.C.5.a	requiresWorkStyle	workStyleRequiredBy
onet	ComputerNumericallyControlledToolProgrammers	1.C.5.b	requiresWorkStyle	workStyleRequiredBy
onet	ComputerNumericallyControlledToolProgrammers	1.C.5.c	requiresWorkStyle	workStyleRequiredBy
onet	ComputerNumericallyControlledToolProgrammers	1.C.6	requiresWorkStyle	workStyleRequiredBy
onet	ComputerNumericallyControlledToolProgrammers	1.C.7.a	requiresWorkStyle	workStyleRequiredBy
onet	ComputerNumericallyControlledToolProgrammers	1.C.7.b	requiresWorkStyle	workStyleRequiredBy
onet	ComputerProgrammers	1.C.1.a	requiresWorkStyle	workStyleRequiredBy
onet	ComputerProgrammers	1.C.1.b	requiresWorkStyle	workStyleRequiredBy
onet	ComputerProgrammers	1.C.1.c	requiresWorkStyle	workStyleRequiredBy
onet	ComputerProgrammers	1.C.2.b	requiresWorkStyle	workStyleRequiredBy
onet	ComputerProgrammers	1.C.3.a	requiresWorkStyle	workStyleRequiredBy
onet	ComputerProgrammers	1.C.3.b	requiresWorkStyle	workStyleRequiredBy
onet	ComputerProgrammers	1.C.3.c	requiresWorkStyle	workStyleRequiredBy
onet	ComputerProgrammers	1.C.4.a	requiresWorkStyle	workStyleRequiredBy
onet	ComputerProgrammers	1.C.4.b	requiresWorkStyle	workStyleRequiredBy
onet	ComputerProgrammers	1.C.4.c	requiresWorkStyle	workStyleRequiredBy
onet	ComputerProgrammers	1.C.5.a	requiresWorkStyle	workStyleRequiredBy
onet	ComputerProgrammers	1.C.5.b	requiresWorkStyle	workStyleRequiredBy
onet	ComputerProgrammers	1.C.5.c	requiresWorkStyle	workStyleRequiredBy
onet	ComputerProgrammers	1.C.6	requiresWorkStyle	workStyleRequiredBy
onet	ComputerProgrammers	1.C.7.a	requiresWorkStyle	workStyleRequiredBy
onet	ComputerProgrammers	1.C.7.b	requiresWorkStyle	workStyleRequiredBy
onet	ComputerScienceTeachersPostsecondary	1.C.1.a	requiresWorkStyle	workStyleRequiredBy
onet	ComputerScienceTeachersPostsecondary	1.C.1.b	requiresWorkStyle	workStyleRequiredBy
onet	ComputerScienceTeachersPostsecondary	1.C.1.c	requiresWorkStyle	workStyleRequiredBy
onet	ComputerScienceTeachersPostsecondary	1.C.2.b	requiresWorkStyle	workStyleRequiredBy
onet	ComputerScienceTeachersPostsecondary	1.C.3.a	requiresWorkStyle	workStyleRequiredBy
onet	ComputerScienceTeachersPostsecondary	1.C.3.b	requiresWorkStyle	workStyleRequiredBy
onet	ComputerScienceTeachersPostsecondary	1.C.3.c	requiresWorkStyle	workStyleRequiredBy
onet	ComputerScienceTeachersPostsecondary	1.C.4.a	requiresWorkStyle	workStyleRequiredBy
onet	ComputerScienceTeachersPostsecondary	1.C.4.b	requiresWorkStyle	workStyleRequiredBy
onet	ComputerScienceTeachersPostsecondary	1.C.4.c	requiresWorkStyle	workStyleRequiredBy
onet	ComputerScienceTeachersPostsecondary	1.C.5.a	requiresWorkStyle	workStyleRequiredBy
onet	ComputerScienceTeachersPostsecondary	1.C.5.b	requiresWorkStyle	workStyleRequiredBy
onet	ComputerScienceTeachersPostsecondary	1.C.5.c	requiresWorkStyle	workStyleRequiredBy
onet	ComputerScienceTeachersPostsecondary	1.C.6	requiresWorkStyle	workStyleRequiredBy
onet	ComputerScienceTeachersPostsecondary	1.C.7.a	requiresWorkStyle	workStyleRequiredBy
onet	ComputerScienceTeachersPostsecondary	1.C.7.b	requiresWorkStyle	workStyleRequiredBy
onet	ComputerSystemsAdministrators	1.C.1.a	requiresWorkStyle	workStyleRequiredBy
onet	ComputerSystemsAdministrators	1.C.1.b	requiresWorkStyle	workStyleRequiredBy
onet	ComputerSystemsAdministrators	1.C.1.c	requiresWorkStyle	workStyleRequiredBy
onet	ComputerSystemsAdministrators	1.C.2.b	requiresWorkStyle	workStyleRequiredBy
onet	ComputerSystemsAdministrators	1.C.3.a	requiresWorkStyle	workStyleRequiredBy
onet	ComputerSystemsAdministrators	1.C.3.b	requiresWorkStyle	workStyleRequiredBy
onet	ComputerSystemsAdministrators	1.C.3.c	requiresWorkStyle	workStyleRequiredBy
onet	ComputerSystemsAdministrators	1.C.4.a	requiresWorkStyle	workStyleRequiredBy
onet	ComputerSystemsAdministrators	1.C.4.b	requiresWorkStyle	workStyleRequiredBy
onet	ComputerSystemsAdministrators	1.C.4.c	requiresWorkStyle	workStyleRequiredBy
onet	ComputerSystemsAdministrators	1.C.5.a	requiresWorkStyle	workStyleRequiredBy
onet	ComputerSystemsAdministrators	1.C.5.b	requiresWorkStyle	workStyleRequiredBy
onet	ComputerSystemsAdministrators	1.C.5.c	requiresWorkStyle	workStyleRequiredBy
onet	ComputerSystemsAdministrators	1.C.6	requiresWorkStyle	workStyleRequiredBy
onet	ComputerSystemsAdministrators	1.C.7.a	requiresWorkStyle	workStyleRequiredBy
onet	ComputerSystemsAdministrators	1.C.7.b	requiresWorkStyle	workStyleRequiredBy
onet	ComputerSystemsAnalysts	1.C.1.a	requiresWorkStyle	workStyleRequiredBy
onet	ComputerSystemsAnalysts	1.C.1.b	requiresWorkStyle	workStyleRequiredBy
onet	ComputerSystemsAnalysts	1.C.1.c	requiresWorkStyle	workStyleRequiredBy
onet	ComputerSystemsAnalysts	1.C.2.b	requiresWorkStyle	workStyleRequiredBy
onet	ComputerSystemsAnalysts	1.C.3.a	requiresWorkStyle	workStyleRequiredBy
onet	ComputerSystemsAnalysts	1.C.3.b	requiresWorkStyle	workStyleRequiredBy
onet	ComputerSystemsAnalysts	1.C.3.c	requiresWorkStyle	workStyleRequiredBy
onet	ComputerSystemsAnalysts	1.C.4.a	requiresWorkStyle	workStyleRequiredBy
onet	ComputerSystemsAnalysts	1.C.4.b	requiresWorkStyle	workStyleRequiredBy
onet	ComputerSystemsAnalysts	1.C.4.c	requiresWorkStyle	workStyleRequiredBy
onet	ComputerSystemsAnalysts	1.C.5.a	requiresWorkStyle	workStyleRequiredBy
onet	ComputerSystemsAnalysts	1.C.5.b	requiresWorkStyle	workStyleRequiredBy
onet	ComputerSystemsAnalysts	1.C.5.c	requiresWorkStyle	workStyleRequiredBy
onet	ComputerSystemsAnalysts	1.C.6	requiresWorkStyle	workStyleRequiredBy
onet	ComputerSystemsAnalysts	1.C.7.a	requiresWorkStyle	workStyleRequiredBy
onet	ComputerSystemsAnalysts	1.C.7.b	requiresWorkStyle	workStyleRequiredBy
onet	ComputerSystemsEngineersArchitects	1.C.1.a	requiresWorkStyle	workStyleRequiredBy
onet	ComputerSystemsEngineersArchitects	1.C.1.b	requiresWorkStyle	workStyleRequiredBy
onet	ComputerSystemsEngineersArchitects	1.C.1.c	requiresWorkStyle	workStyleRequiredBy
onet	ComputerSystemsEngineersArchitects	1.C.2.b	requiresWorkStyle	workStyleRequiredBy
onet	ComputerSystemsEngineersArchitects	1.C.3.a	requiresWorkStyle	workStyleRequiredBy
onet	ComputerSystemsEngineersArchitects	1.C.3.b	requiresWorkStyle	workStyleRequiredBy
onet	ComputerSystemsEngineersArchitects	1.C.3.c	requiresWorkStyle	workStyleRequiredBy
onet	ComputerSystemsEngineersArchitects	1.C.4.a	requiresWorkStyle	workStyleRequiredBy
onet	ComputerSystemsEngineersArchitects	1.C.4.b	requiresWorkStyle	workStyleRequiredBy
onet	ComputerSystemsEngineersArchitects	1.C.4.c	requiresWorkStyle	workStyleRequiredBy
onet	ComputerSystemsEngineersArchitects	1.C.5.a	requiresWorkStyle	workStyleRequiredBy
onet	ComputerSystemsEngineersArchitects	1.C.5.b	requiresWorkStyle	workStyleRequiredBy
onet	ComputerSystemsEngineersArchitects	1.C.5.c	requiresWorkStyle	workStyleRequiredBy
onet	ComputerSystemsEngineersArchitects	1.C.6	requiresWorkStyle	workStyleRequiredBy
onet	ComputerSystemsEngineersArchitects	1.C.7.a	requiresWorkStyle	workStyleRequiredBy
onet	ComputerSystemsEngineersArchitects	1.C.7.b	requiresWorkStyle	workStyleRequiredBy
onet	ComputerUserSupportSpecialists	1.C.1.a	requiresWorkStyle	workStyleRequiredBy
onet	ComputerUserSupportSpecialists	1.C.1.b	requiresWorkStyle	workStyleRequiredBy
onet	ComputerUserSupportSpecialists	1.C.1.c	requiresWorkStyle	workStyleRequiredBy
onet	ComputerUserSupportSpecialists	1.C.2.b	requiresWorkStyle	workStyleRequiredBy
onet	ComputerUserSupportSpecialists	1.C.3.a	requiresWorkStyle	workStyleRequiredBy
onet	ComputerUserSupportSpecialists	1.C.3.b	requiresWorkStyle	workStyleRequiredBy
onet	ComputerUserSupportSpecialists	1.C.3.c	requiresWorkStyle	workStyleRequiredBy
onet	ComputerUserSupportSpecialists	1.C.4.a	requiresWorkStyle	workStyleRequiredBy
onet	ComputerUserSupportSpecialists	1.C.4.b	requiresWorkStyle	workStyleRequiredBy
onet	ComputerUserSupportSpecialists	1.C.4.c	requiresWorkStyle	workStyleRequiredBy
onet	ComputerUserSupportSpecialists	1.C.5.a	requiresWorkStyle	workStyleRequiredBy
onet	ComputerUserSupportSpecialists	1.C.5.b	requiresWorkStyle	workStyleRequiredBy
onet	ComputerUserSupportSpecialists	1.C.5.c	requiresWorkStyle	workStyleRequiredBy
onet	ComputerUserSupportSpecialists	1.C.6	requiresWorkStyle	workStyleRequiredBy
onet	ComputerUserSupportSpecialists	1.C.7.a	requiresWorkStyle	workStyleRequiredBy
onet	ComputerUserSupportSpecialists	1.C.7.b	requiresWorkStyle	workStyleRequiredBy
onet	Concierges	1.C.1.a	requiresWorkStyle	workStyleRequiredBy
onet	Concierges	1.C.1.b	requiresWorkStyle	workStyleRequiredBy
onet	Concierges	1.C.1.c	requiresWorkStyle	workStyleRequiredBy
onet	Concierges	1.C.2.b	requiresWorkStyle	workStyleRequiredBy
onet	Concierges	1.C.3.a	requiresWorkStyle	workStyleRequiredBy
onet	Concierges	1.C.3.b	requiresWorkStyle	workStyleRequiredBy
onet	Concierges	1.C.3.c	requiresWorkStyle	workStyleRequiredBy
onet	Concierges	1.C.4.a	requiresWorkStyle	workStyleRequiredBy
onet	Concierges	1.C.4.b	requiresWorkStyle	workStyleRequiredBy
onet	Concierges	1.C.4.c	requiresWorkStyle	workStyleRequiredBy
onet	Concierges	1.C.5.a	requiresWorkStyle	workStyleRequiredBy
onet	Concierges	1.C.5.b	requiresWorkStyle	workStyleRequiredBy
onet	Concierges	1.C.5.c	requiresWorkStyle	workStyleRequiredBy
onet	Concierges	1.C.6	requiresWorkStyle	workStyleRequiredBy
onet	Concierges	1.C.7.a	requiresWorkStyle	workStyleRequiredBy
onet	Concierges	1.C.7.b	requiresWorkStyle	workStyleRequiredBy
onet	Conciliators	1.C.1.a	requiresWorkStyle	workStyleRequiredBy
onet	Conciliators	1.C.1.b	requiresWorkStyle	workStyleRequiredBy
onet	Conciliators	1.C.1.c	requiresWorkStyle	workStyleRequiredBy
onet	Conciliators	1.C.2.b	requiresWorkStyle	workStyleRequiredBy
onet	Conciliators	1.C.3.a	requiresWorkStyle	workStyleRequiredBy
onet	Conciliators	1.C.3.b	requiresWorkStyle	workStyleRequiredBy
onet	Conciliators	1.C.3.c	requiresWorkStyle	workStyleRequiredBy
onet	Conciliators	1.C.4.a	requiresWorkStyle	workStyleRequiredBy
onet	Conciliators	1.C.4.b	requiresWorkStyle	workStyleRequiredBy
onet	Conciliators	1.C.4.c	requiresWorkStyle	workStyleRequiredBy
onet	Conciliators	1.C.5.a	requiresWorkStyle	workStyleRequiredBy
onet	Conciliators	1.C.5.b	requiresWorkStyle	workStyleRequiredBy
onet	Conciliators	1.C.5.c	requiresWorkStyle	workStyleRequiredBy
onet	Conciliators	1.C.6	requiresWorkStyle	workStyleRequiredBy
onet	Conciliators	1.C.7.a	requiresWorkStyle	workStyleRequiredBy
onet	Conciliators	1.C.7.b	requiresWorkStyle	workStyleRequiredBy
onet	ConcreteFinishers	1.C.1.a	requiresWorkStyle	workStyleRequiredBy
onet	ConcreteFinishers	1.C.1.b	requiresWorkStyle	workStyleRequiredBy
onet	ConcreteFinishers	1.C.1.c	requiresWorkStyle	workStyleRequiredBy
onet	ConcreteFinishers	1.C.2.b	requiresWorkStyle	workStyleRequiredBy
onet	ConcreteFinishers	1.C.3.a	requiresWorkStyle	workStyleRequiredBy
onet	ConcreteFinishers	1.C.3.b	requiresWorkStyle	workStyleRequiredBy
onet	ConcreteFinishers	1.C.3.c	requiresWorkStyle	workStyleRequiredBy
onet	ConcreteFinishers	1.C.4.a	requiresWorkStyle	workStyleRequiredBy
onet	ConcreteFinishers	1.C.4.b	requiresWorkStyle	workStyleRequiredBy
onet	ConcreteFinishers	1.C.4.c	requiresWorkStyle	workStyleRequiredBy
onet	ConcreteFinishers	1.C.5.a	requiresWorkStyle	workStyleRequiredBy
onet	ConcreteFinishers	1.C.5.b	requiresWorkStyle	workStyleRequiredBy
onet	ConcreteFinishers	1.C.5.c	requiresWorkStyle	workStyleRequiredBy
onet	ConcreteFinishers	1.C.6	requiresWorkStyle	workStyleRequiredBy
onet	ConcreteFinishers	1.C.7.a	requiresWorkStyle	workStyleRequiredBy
onet	ConcreteFinishers	1.C.7.b	requiresWorkStyle	workStyleRequiredBy
onet	ConservationScienceTeachersPostsecondary	1.C.1.a	requiresWorkStyle	workStyleRequiredBy
onet	ConservationScienceTeachersPostsecondary	1.C.1.b	requiresWorkStyle	workStyleRequiredBy
onet	ConservationScienceTeachersPostsecondary	1.C.1.c	requiresWorkStyle	workStyleRequiredBy
onet	ConservationScienceTeachersPostsecondary	1.C.2.b	requiresWorkStyle	workStyleRequiredBy
onet	ConservationScienceTeachersPostsecondary	1.C.3.a	requiresWorkStyle	workStyleRequiredBy
onet	ConservationScienceTeachersPostsecondary	1.C.3.b	requiresWorkStyle	workStyleRequiredBy
onet	ConservationScienceTeachersPostsecondary	1.C.3.c	requiresWorkStyle	workStyleRequiredBy
onet	ConservationScienceTeachersPostsecondary	1.C.4.a	requiresWorkStyle	workStyleRequiredBy
onet	ConservationScienceTeachersPostsecondary	1.C.4.b	requiresWorkStyle	workStyleRequiredBy
onet	ConservationScienceTeachersPostsecondary	1.C.4.c	requiresWorkStyle	workStyleRequiredBy
onet	ConservationScienceTeachersPostsecondary	1.C.5.a	requiresWorkStyle	workStyleRequiredBy
onet	ConservationScienceTeachersPostsecondary	1.C.5.b	requiresWorkStyle	workStyleRequiredBy
onet	ConservationScienceTeachersPostsecondary	1.C.5.c	requiresWorkStyle	workStyleRequiredBy
onet	ConservationScienceTeachersPostsecondary	1.C.6	requiresWorkStyle	workStyleRequiredBy
onet	ConservationScienceTeachersPostsecondary	1.C.7.a	requiresWorkStyle	workStyleRequiredBy
onet	ConservationScienceTeachersPostsecondary	1.C.7.b	requiresWorkStyle	workStyleRequiredBy
onet	ConservationScientists	1.C.1.a	requiresWorkStyle	workStyleRequiredBy
onet	ConservationScientists	1.C.1.b	requiresWorkStyle	workStyleRequiredBy
onet	ConservationScientists	1.C.1.c	requiresWorkStyle	workStyleRequiredBy
onet	ConservationScientists	1.C.2.b	requiresWorkStyle	workStyleRequiredBy
onet	ConservationScientists	1.C.3.a	requiresWorkStyle	workStyleRequiredBy
onet	ConservationScientists	1.C.3.b	requiresWorkStyle	workStyleRequiredBy
onet	ConservationScientists	1.C.3.c	requiresWorkStyle	workStyleRequiredBy
onet	ConservationScientists	1.C.4.a	requiresWorkStyle	workStyleRequiredBy
onet	ConservationScientists	1.C.4.b	requiresWorkStyle	workStyleRequiredBy
onet	ConservationScientists	1.C.4.c	requiresWorkStyle	workStyleRequiredBy
onet	ConservationScientists	1.C.5.a	requiresWorkStyle	workStyleRequiredBy
onet	ConservationScientists	1.C.5.b	requiresWorkStyle	workStyleRequiredBy
onet	ConservationScientists	1.C.5.c	requiresWorkStyle	workStyleRequiredBy
onet	ConservationScientists	1.C.6	requiresWorkStyle	workStyleRequiredBy
onet	ConservationScientists	1.C.7.a	requiresWorkStyle	workStyleRequiredBy
onet	ConservationScientists	1.C.7.b	requiresWorkStyle	workStyleRequiredBy
onet	ConservationTechnicians	1.C.1.a	requiresWorkStyle	workStyleRequiredBy
onet	ConservationTechnicians	1.C.1.b	requiresWorkStyle	workStyleRequiredBy
onet	ConservationTechnicians	1.C.1.c	requiresWorkStyle	workStyleRequiredBy
onet	ConservationTechnicians	1.C.2.b	requiresWorkStyle	workStyleRequiredBy
onet	ConservationTechnicians	1.C.3.a	requiresWorkStyle	workStyleRequiredBy
onet	ConservationTechnicians	1.C.3.b	requiresWorkStyle	workStyleRequiredBy
onet	ConservationTechnicians	1.C.3.c	requiresWorkStyle	workStyleRequiredBy
onet	ConservationTechnicians	1.C.4.a	requiresWorkStyle	workStyleRequiredBy
onet	ConservationTechnicians	1.C.4.b	requiresWorkStyle	workStyleRequiredBy
onet	ConservationTechnicians	1.C.4.c	requiresWorkStyle	workStyleRequiredBy
onet	ConservationTechnicians	1.C.5.a	requiresWorkStyle	workStyleRequiredBy
onet	ConservationTechnicians	1.C.5.b	requiresWorkStyle	workStyleRequiredBy
onet	ConservationTechnicians	1.C.5.c	requiresWorkStyle	workStyleRequiredBy
onet	ConservationTechnicians	1.C.6	requiresWorkStyle	workStyleRequiredBy
onet	ConservationTechnicians	1.C.7.a	requiresWorkStyle	workStyleRequiredBy
onet	ConservationTechnicians	1.C.7.b	requiresWorkStyle	workStyleRequiredBy
onet	ConservationWorkers	1.C.1.a	requiresWorkStyle	workStyleRequiredBy
onet	ConservationWorkers	1.C.1.b	requiresWorkStyle	workStyleRequiredBy
onet	ConservationWorkers	1.C.1.c	requiresWorkStyle	workStyleRequiredBy
onet	ConservationWorkers	1.C.2.b	requiresWorkStyle	workStyleRequiredBy
onet	ConservationWorkers	1.C.3.a	requiresWorkStyle	workStyleRequiredBy
onet	ConservationWorkers	1.C.3.b	requiresWorkStyle	workStyleRequiredBy
onet	ConservationWorkers	1.C.3.c	requiresWorkStyle	workStyleRequiredBy
onet	ConservationWorkers	1.C.4.a	requiresWorkStyle	workStyleRequiredBy
onet	ConservationWorkers	1.C.4.b	requiresWorkStyle	workStyleRequiredBy
onet	ConservationWorkers	1.C.4.c	requiresWorkStyle	workStyleRequiredBy
onet	ConservationWorkers	1.C.5.a	requiresWorkStyle	workStyleRequiredBy
onet	ConservationWorkers	1.C.5.b	requiresWorkStyle	workStyleRequiredBy
onet	ConservationWorkers	1.C.5.c	requiresWorkStyle	workStyleRequiredBy
onet	ConservationWorkers	1.C.6	requiresWorkStyle	workStyleRequiredBy
onet	ConservationWorkers	1.C.7.a	requiresWorkStyle	workStyleRequiredBy
onet	ConservationWorkers	1.C.7.b	requiresWorkStyle	workStyleRequiredBy
onet	Conservators	1.C.1.a	requiresWorkStyle	workStyleRequiredBy
onet	Conservators	1.C.1.b	requiresWorkStyle	workStyleRequiredBy
onet	Conservators	1.C.1.c	requiresWorkStyle	workStyleRequiredBy
onet	Conservators	1.C.2.b	requiresWorkStyle	workStyleRequiredBy
onet	Conservators	1.C.3.a	requiresWorkStyle	workStyleRequiredBy
onet	Conservators	1.C.3.b	requiresWorkStyle	workStyleRequiredBy
onet	Conservators	1.C.3.c	requiresWorkStyle	workStyleRequiredBy
onet	Conservators	1.C.4.a	requiresWorkStyle	workStyleRequiredBy
onet	Conservators	1.C.4.b	requiresWorkStyle	workStyleRequiredBy
onet	Conservators	1.C.4.c	requiresWorkStyle	workStyleRequiredBy
onet	Conservators	1.C.5.a	requiresWorkStyle	workStyleRequiredBy
onet	Conservators	1.C.5.b	requiresWorkStyle	workStyleRequiredBy
onet	Conservators	1.C.5.c	requiresWorkStyle	workStyleRequiredBy
onet	Conservators	1.C.6	requiresWorkStyle	workStyleRequiredBy
onet	Conservators	1.C.7.a	requiresWorkStyle	workStyleRequiredBy
onet	Conservators	1.C.7.b	requiresWorkStyle	workStyleRequiredBy
onet	ConstructionLaborers	1.C.1.a	requiresWorkStyle	workStyleRequiredBy
onet	ConstructionLaborers	1.C.1.b	requiresWorkStyle	workStyleRequiredBy
onet	ConstructionLaborers	1.C.1.c	requiresWorkStyle	workStyleRequiredBy
onet	ConstructionLaborers	1.C.2.b	requiresWorkStyle	workStyleRequiredBy
onet	ConstructionLaborers	1.C.3.a	requiresWorkStyle	workStyleRequiredBy
onet	ConstructionLaborers	1.C.3.b	requiresWorkStyle	workStyleRequiredBy
onet	ConstructionLaborers	1.C.3.c	requiresWorkStyle	workStyleRequiredBy
onet	ConstructionLaborers	1.C.4.a	requiresWorkStyle	workStyleRequiredBy
onet	ConstructionLaborers	1.C.4.b	requiresWorkStyle	workStyleRequiredBy
onet	ConstructionLaborers	1.C.4.c	requiresWorkStyle	workStyleRequiredBy
onet	ConstructionLaborers	1.C.5.a	requiresWorkStyle	workStyleRequiredBy
onet	ConstructionLaborers	1.C.5.b	requiresWorkStyle	workStyleRequiredBy
onet	ConstructionLaborers	1.C.5.c	requiresWorkStyle	workStyleRequiredBy
onet	ConstructionLaborers	1.C.6	requiresWorkStyle	workStyleRequiredBy
onet	ConstructionLaborers	1.C.7.a	requiresWorkStyle	workStyleRequiredBy
onet	ConstructionLaborers	1.C.7.b	requiresWorkStyle	workStyleRequiredBy
onet	ConstructionManagers	1.C.1.a	requiresWorkStyle	workStyleRequiredBy
onet	ConstructionManagers	1.C.1.b	requiresWorkStyle	workStyleRequiredBy
onet	ConstructionManagers	1.C.1.c	requiresWorkStyle	workStyleRequiredBy
onet	ConstructionManagers	1.C.2.b	requiresWorkStyle	workStyleRequiredBy
onet	ConstructionManagers	1.C.3.a	requiresWorkStyle	workStyleRequiredBy
onet	ConstructionManagers	1.C.3.b	requiresWorkStyle	workStyleRequiredBy
onet	ConstructionManagers	1.C.3.c	requiresWorkStyle	workStyleRequiredBy
onet	ConstructionManagers	1.C.4.a	requiresWorkStyle	workStyleRequiredBy
onet	ConstructionManagers	1.C.4.b	requiresWorkStyle	workStyleRequiredBy
onet	ConstructionManagers	1.C.4.c	requiresWorkStyle	workStyleRequiredBy
onet	ConstructionManagers	1.C.5.a	requiresWorkStyle	workStyleRequiredBy
onet	ConstructionManagers	1.C.5.b	requiresWorkStyle	workStyleRequiredBy
onet	ConstructionManagers	1.C.5.c	requiresWorkStyle	workStyleRequiredBy
onet	ConstructionManagers	1.C.6	requiresWorkStyle	workStyleRequiredBy
onet	ConstructionManagers	1.C.7.a	requiresWorkStyle	workStyleRequiredBy
onet	ConstructionManagers	1.C.7.b	requiresWorkStyle	workStyleRequiredBy
onet	ConsumerSciencesTeachersPostsecondary	1.C.1.a	requiresWorkStyle	workStyleRequiredBy
onet	ConsumerSciencesTeachersPostsecondary	1.C.1.b	requiresWorkStyle	workStyleRequiredBy
onet	ConsumerSciencesTeachersPostsecondary	1.C.1.c	requiresWorkStyle	workStyleRequiredBy
onet	ConsumerSciencesTeachersPostsecondary	1.C.2.b	requiresWorkStyle	workStyleRequiredBy
onet	ConsumerSciencesTeachersPostsecondary	1.C.3.a	requiresWorkStyle	workStyleRequiredBy
onet	ConsumerSciencesTeachersPostsecondary	1.C.3.b	requiresWorkStyle	workStyleRequiredBy
onet	ConsumerSciencesTeachersPostsecondary	1.C.3.c	requiresWorkStyle	workStyleRequiredBy
onet	ConsumerSciencesTeachersPostsecondary	1.C.4.a	requiresWorkStyle	workStyleRequiredBy
onet	ConsumerSciencesTeachersPostsecondary	1.C.4.b	requiresWorkStyle	workStyleRequiredBy
onet	ConsumerSciencesTeachersPostsecondary	1.C.4.c	requiresWorkStyle	workStyleRequiredBy
onet	ConsumerSciencesTeachersPostsecondary	1.C.5.a	requiresWorkStyle	workStyleRequiredBy
onet	ConsumerSciencesTeachersPostsecondary	1.C.5.b	requiresWorkStyle	workStyleRequiredBy
onet	ConsumerSciencesTeachersPostsecondary	1.C.5.c	requiresWorkStyle	workStyleRequiredBy
onet	ConsumerSciencesTeachersPostsecondary	1.C.6	requiresWorkStyle	workStyleRequiredBy
onet	ConsumerSciencesTeachersPostsecondary	1.C.7.a	requiresWorkStyle	workStyleRequiredBy
onet	ConsumerSciencesTeachersPostsecondary	1.C.7.b	requiresWorkStyle	workStyleRequiredBy
onet	ContinuousMiningMachineOperators	1.C.1.a	requiresWorkStyle	workStyleRequiredBy
onet	ContinuousMiningMachineOperators	1.C.1.b	requiresWorkStyle	workStyleRequiredBy
onet	ContinuousMiningMachineOperators	1.C.1.c	requiresWorkStyle	workStyleRequiredBy
onet	ContinuousMiningMachineOperators	1.C.2.b	requiresWorkStyle	workStyleRequiredBy
onet	ContinuousMiningMachineOperators	1.C.3.a	requiresWorkStyle	workStyleRequiredBy
onet	ContinuousMiningMachineOperators	1.C.3.b	requiresWorkStyle	workStyleRequiredBy
onet	ContinuousMiningMachineOperators	1.C.3.c	requiresWorkStyle	workStyleRequiredBy
onet	ContinuousMiningMachineOperators	1.C.4.a	requiresWorkStyle	workStyleRequiredBy
onet	ContinuousMiningMachineOperators	1.C.4.b	requiresWorkStyle	workStyleRequiredBy
onet	ContinuousMiningMachineOperators	1.C.4.c	requiresWorkStyle	workStyleRequiredBy
onet	ContinuousMiningMachineOperators	1.C.5.a	requiresWorkStyle	workStyleRequiredBy
onet	ContinuousMiningMachineOperators	1.C.5.b	requiresWorkStyle	workStyleRequiredBy
onet	ContinuousMiningMachineOperators	1.C.5.c	requiresWorkStyle	workStyleRequiredBy
onet	ContinuousMiningMachineOperators	1.C.6	requiresWorkStyle	workStyleRequiredBy
onet	ContinuousMiningMachineOperators	1.C.7.a	requiresWorkStyle	workStyleRequiredBy
onet	ContinuousMiningMachineOperators	1.C.7.b	requiresWorkStyle	workStyleRequiredBy
onet	Controllers	1.C.1.a	requiresWorkStyle	workStyleRequiredBy
onet	Controllers	1.C.1.b	requiresWorkStyle	workStyleRequiredBy
onet	Controllers	1.C.1.c	requiresWorkStyle	workStyleRequiredBy
onet	Controllers	1.C.2.b	requiresWorkStyle	workStyleRequiredBy
onet	Controllers	1.C.3.a	requiresWorkStyle	workStyleRequiredBy
onet	Controllers	1.C.3.b	requiresWorkStyle	workStyleRequiredBy
onet	Controllers	1.C.3.c	requiresWorkStyle	workStyleRequiredBy
onet	Controllers	1.C.4.a	requiresWorkStyle	workStyleRequiredBy
onet	Controllers	1.C.4.b	requiresWorkStyle	workStyleRequiredBy
onet	Controllers	1.C.4.c	requiresWorkStyle	workStyleRequiredBy
onet	Controllers	1.C.5.a	requiresWorkStyle	workStyleRequiredBy
onet	Controllers	1.C.5.b	requiresWorkStyle	workStyleRequiredBy
onet	Controllers	1.C.5.c	requiresWorkStyle	workStyleRequiredBy
onet	Controllers	1.C.6	requiresWorkStyle	workStyleRequiredBy
onet	Controllers	1.C.7.a	requiresWorkStyle	workStyleRequiredBy
onet	Controllers	1.C.7.b	requiresWorkStyle	workStyleRequiredBy
onet	CooksFastFood	1.C.1.a	requiresWorkStyle	workStyleRequiredBy
onet	CooksFastFood	1.C.1.b	requiresWorkStyle	workStyleRequiredBy
onet	CooksFastFood	1.C.1.c	requiresWorkStyle	workStyleRequiredBy
onet	CooksFastFood	1.C.2.b	requiresWorkStyle	workStyleRequiredBy
onet	CooksFastFood	1.C.3.a	requiresWorkStyle	workStyleRequiredBy
onet	CooksFastFood	1.C.3.b	requiresWorkStyle	workStyleRequiredBy
onet	CooksFastFood	1.C.3.c	requiresWorkStyle	workStyleRequiredBy
onet	CooksFastFood	1.C.4.a	requiresWorkStyle	workStyleRequiredBy
onet	CooksFastFood	1.C.4.b	requiresWorkStyle	workStyleRequiredBy
onet	CooksFastFood	1.C.4.c	requiresWorkStyle	workStyleRequiredBy
onet	CooksFastFood	1.C.5.a	requiresWorkStyle	workStyleRequiredBy
onet	CooksFastFood	1.C.5.b	requiresWorkStyle	workStyleRequiredBy
onet	CooksFastFood	1.C.5.c	requiresWorkStyle	workStyleRequiredBy
onet	CooksFastFood	1.C.6	requiresWorkStyle	workStyleRequiredBy
onet	CooksFastFood	1.C.7.a	requiresWorkStyle	workStyleRequiredBy
onet	CooksFastFood	1.C.7.b	requiresWorkStyle	workStyleRequiredBy
onet	CooksPrivateHousehold	1.C.1.a	requiresWorkStyle	workStyleRequiredBy
onet	CooksPrivateHousehold	1.C.1.b	requiresWorkStyle	workStyleRequiredBy
onet	CooksPrivateHousehold	1.C.1.c	requiresWorkStyle	workStyleRequiredBy
onet	CooksPrivateHousehold	1.C.2.b	requiresWorkStyle	workStyleRequiredBy
onet	CooksPrivateHousehold	1.C.3.a	requiresWorkStyle	workStyleRequiredBy
onet	CooksPrivateHousehold	1.C.3.b	requiresWorkStyle	workStyleRequiredBy
onet	CooksPrivateHousehold	1.C.3.c	requiresWorkStyle	workStyleRequiredBy
onet	CooksPrivateHousehold	1.C.4.a	requiresWorkStyle	workStyleRequiredBy
onet	CooksPrivateHousehold	1.C.4.b	requiresWorkStyle	workStyleRequiredBy
onet	CooksPrivateHousehold	1.C.4.c	requiresWorkStyle	workStyleRequiredBy
onet	CooksPrivateHousehold	1.C.5.a	requiresWorkStyle	workStyleRequiredBy
onet	CooksPrivateHousehold	1.C.5.b	requiresWorkStyle	workStyleRequiredBy
onet	CooksPrivateHousehold	1.C.5.c	requiresWorkStyle	workStyleRequiredBy
onet	CooksPrivateHousehold	1.C.6	requiresWorkStyle	workStyleRequiredBy
onet	CooksPrivateHousehold	1.C.7.a	requiresWorkStyle	workStyleRequiredBy
onet	CooksPrivateHousehold	1.C.7.b	requiresWorkStyle	workStyleRequiredBy
onet	CooksRestaurant	1.C.1.a	requiresWorkStyle	workStyleRequiredBy
onet	CooksRestaurant	1.C.1.b	requiresWorkStyle	workStyleRequiredBy
onet	CooksRestaurant	1.C.1.c	requiresWorkStyle	workStyleRequiredBy
onet	CooksRestaurant	1.C.2.b	requiresWorkStyle	workStyleRequiredBy
onet	CooksRestaurant	1.C.3.a	requiresWorkStyle	workStyleRequiredBy
onet	CooksRestaurant	1.C.3.b	requiresWorkStyle	workStyleRequiredBy
onet	CooksRestaurant	1.C.3.c	requiresWorkStyle	workStyleRequiredBy
onet	CooksRestaurant	1.C.4.a	requiresWorkStyle	workStyleRequiredBy
onet	CooksRestaurant	1.C.4.b	requiresWorkStyle	workStyleRequiredBy
onet	CooksRestaurant	1.C.4.c	requiresWorkStyle	workStyleRequiredBy
onet	CooksRestaurant	1.C.5.a	requiresWorkStyle	workStyleRequiredBy
onet	CooksRestaurant	1.C.5.b	requiresWorkStyle	workStyleRequiredBy
onet	CooksRestaurant	1.C.5.c	requiresWorkStyle	workStyleRequiredBy
onet	CooksRestaurant	1.C.6	requiresWorkStyle	workStyleRequiredBy
onet	CooksRestaurant	1.C.7.a	requiresWorkStyle	workStyleRequiredBy
onet	CooksRestaurant	1.C.7.b	requiresWorkStyle	workStyleRequiredBy
onet	CooksShortOrder	1.C.1.a	requiresWorkStyle	workStyleRequiredBy
onet	CooksShortOrder	1.C.1.b	requiresWorkStyle	workStyleRequiredBy
onet	CooksShortOrder	1.C.1.c	requiresWorkStyle	workStyleRequiredBy
onet	CooksShortOrder	1.C.2.b	requiresWorkStyle	workStyleRequiredBy
onet	CooksShortOrder	1.C.3.a	requiresWorkStyle	workStyleRequiredBy
onet	CooksShortOrder	1.C.3.b	requiresWorkStyle	workStyleRequiredBy
onet	CooksShortOrder	1.C.3.c	requiresWorkStyle	workStyleRequiredBy
onet	CooksShortOrder	1.C.4.a	requiresWorkStyle	workStyleRequiredBy
onet	CooksShortOrder	1.C.4.b	requiresWorkStyle	workStyleRequiredBy
onet	CooksShortOrder	1.C.4.c	requiresWorkStyle	workStyleRequiredBy
onet	CooksShortOrder	1.C.5.a	requiresWorkStyle	workStyleRequiredBy
onet	CooksShortOrder	1.C.5.b	requiresWorkStyle	workStyleRequiredBy
onet	CooksShortOrder	1.C.5.c	requiresWorkStyle	workStyleRequiredBy
onet	CooksShortOrder	1.C.6	requiresWorkStyle	workStyleRequiredBy
onet	CooksShortOrder	1.C.7.a	requiresWorkStyle	workStyleRequiredBy
onet	CooksShortOrder	1.C.7.b	requiresWorkStyle	workStyleRequiredBy
onet	CopyMarkers	1.C.1.a	requiresWorkStyle	workStyleRequiredBy
onet	CopyMarkers	1.C.1.b	requiresWorkStyle	workStyleRequiredBy
onet	CopyMarkers	1.C.1.c	requiresWorkStyle	workStyleRequiredBy
onet	CopyMarkers	1.C.2.b	requiresWorkStyle	workStyleRequiredBy
onet	CopyMarkers	1.C.3.a	requiresWorkStyle	workStyleRequiredBy
onet	CopyMarkers	1.C.3.b	requiresWorkStyle	workStyleRequiredBy
onet	CopyMarkers	1.C.3.c	requiresWorkStyle	workStyleRequiredBy
onet	CopyMarkers	1.C.4.a	requiresWorkStyle	workStyleRequiredBy
onet	CopyMarkers	1.C.4.b	requiresWorkStyle	workStyleRequiredBy
onet	CopyMarkers	1.C.4.c	requiresWorkStyle	workStyleRequiredBy
onet	CopyMarkers	1.C.5.a	requiresWorkStyle	workStyleRequiredBy
onet	CopyMarkers	1.C.5.b	requiresWorkStyle	workStyleRequiredBy
onet	CopyMarkers	1.C.5.c	requiresWorkStyle	workStyleRequiredBy
onet	CopyMarkers	1.C.6	requiresWorkStyle	workStyleRequiredBy
onet	CopyMarkers	1.C.7.a	requiresWorkStyle	workStyleRequiredBy
onet	CopyMarkers	1.C.7.b	requiresWorkStyle	workStyleRequiredBy
onet	Coremakers	1.C.1.a	requiresWorkStyle	workStyleRequiredBy
onet	Coremakers	1.C.1.b	requiresWorkStyle	workStyleRequiredBy
onet	Coremakers	1.C.1.c	requiresWorkStyle	workStyleRequiredBy
onet	Coremakers	1.C.2.b	requiresWorkStyle	workStyleRequiredBy
onet	Coremakers	1.C.3.a	requiresWorkStyle	workStyleRequiredBy
onet	Coremakers	1.C.3.b	requiresWorkStyle	workStyleRequiredBy
onet	Coremakers	1.C.3.c	requiresWorkStyle	workStyleRequiredBy
onet	Coremakers	1.C.4.a	requiresWorkStyle	workStyleRequiredBy
onet	Coremakers	1.C.4.b	requiresWorkStyle	workStyleRequiredBy
onet	Coremakers	1.C.4.c	requiresWorkStyle	workStyleRequiredBy
onet	Coremakers	1.C.5.a	requiresWorkStyle	workStyleRequiredBy
onet	Coremakers	1.C.5.b	requiresWorkStyle	workStyleRequiredBy
onet	Coremakers	1.C.5.c	requiresWorkStyle	workStyleRequiredBy
onet	Coremakers	1.C.6	requiresWorkStyle	workStyleRequiredBy
onet	Coremakers	1.C.7.a	requiresWorkStyle	workStyleRequiredBy
onet	Coremakers	1.C.7.b	requiresWorkStyle	workStyleRequiredBy
onet	Coroners	1.C.1.a	requiresWorkStyle	workStyleRequiredBy
onet	Coroners	1.C.1.b	requiresWorkStyle	workStyleRequiredBy
onet	Coroners	1.C.1.c	requiresWorkStyle	workStyleRequiredBy
onet	Coroners	1.C.2.b	requiresWorkStyle	workStyleRequiredBy
onet	Coroners	1.C.3.a	requiresWorkStyle	workStyleRequiredBy
onet	Coroners	1.C.3.b	requiresWorkStyle	workStyleRequiredBy
onet	Coroners	1.C.3.c	requiresWorkStyle	workStyleRequiredBy
onet	Coroners	1.C.4.a	requiresWorkStyle	workStyleRequiredBy
onet	Coroners	1.C.4.b	requiresWorkStyle	workStyleRequiredBy
onet	Coroners	1.C.4.c	requiresWorkStyle	workStyleRequiredBy
onet	Coroners	1.C.5.a	requiresWorkStyle	workStyleRequiredBy
onet	Coroners	1.C.5.b	requiresWorkStyle	workStyleRequiredBy
onet	Coroners	1.C.5.c	requiresWorkStyle	workStyleRequiredBy
onet	Coroners	1.C.6	requiresWorkStyle	workStyleRequiredBy
onet	Coroners	1.C.7.a	requiresWorkStyle	workStyleRequiredBy
onet	Coroners	1.C.7.b	requiresWorkStyle	workStyleRequiredBy
onet	CorrectionalTreatmentSpecialists	1.C.1.a	requiresWorkStyle	workStyleRequiredBy
onet	CorrectionalTreatmentSpecialists	1.C.1.b	requiresWorkStyle	workStyleRequiredBy
onet	CorrectionalTreatmentSpecialists	1.C.1.c	requiresWorkStyle	workStyleRequiredBy
onet	CorrectionalTreatmentSpecialists	1.C.2.b	requiresWorkStyle	workStyleRequiredBy
onet	CorrectionalTreatmentSpecialists	1.C.3.a	requiresWorkStyle	workStyleRequiredBy
onet	CorrectionalTreatmentSpecialists	1.C.3.b	requiresWorkStyle	workStyleRequiredBy
onet	CorrectionalTreatmentSpecialists	1.C.3.c	requiresWorkStyle	workStyleRequiredBy
onet	CorrectionalTreatmentSpecialists	1.C.4.a	requiresWorkStyle	workStyleRequiredBy
onet	CorrectionalTreatmentSpecialists	1.C.4.b	requiresWorkStyle	workStyleRequiredBy
onet	CorrectionalTreatmentSpecialists	1.C.4.c	requiresWorkStyle	workStyleRequiredBy
onet	CorrectionalTreatmentSpecialists	1.C.5.a	requiresWorkStyle	workStyleRequiredBy
onet	CorrectionalTreatmentSpecialists	1.C.5.b	requiresWorkStyle	workStyleRequiredBy
onet	CorrectionalTreatmentSpecialists	1.C.5.c	requiresWorkStyle	workStyleRequiredBy
onet	CorrectionalTreatmentSpecialists	1.C.6	requiresWorkStyle	workStyleRequiredBy
onet	CorrectionalTreatmentSpecialists	1.C.7.a	requiresWorkStyle	workStyleRequiredBy
onet	CorrectionalTreatmentSpecialists	1.C.7.b	requiresWorkStyle	workStyleRequiredBy
onet	CorrespondenceClerks	1.C.1.a	requiresWorkStyle	workStyleRequiredBy
onet	CorrespondenceClerks	1.C.1.b	requiresWorkStyle	workStyleRequiredBy
onet	CorrespondenceClerks	1.C.1.c	requiresWorkStyle	workStyleRequiredBy
onet	CorrespondenceClerks	1.C.2.b	requiresWorkStyle	workStyleRequiredBy
onet	CorrespondenceClerks	1.C.3.a	requiresWorkStyle	workStyleRequiredBy
onet	CorrespondenceClerks	1.C.3.b	requiresWorkStyle	workStyleRequiredBy
onet	CorrespondenceClerks	1.C.3.c	requiresWorkStyle	workStyleRequiredBy
onet	CorrespondenceClerks	1.C.4.a	requiresWorkStyle	workStyleRequiredBy
onet	CorrespondenceClerks	1.C.4.b	requiresWorkStyle	workStyleRequiredBy
onet	CorrespondenceClerks	1.C.4.c	requiresWorkStyle	workStyleRequiredBy
onet	CorrespondenceClerks	1.C.5.a	requiresWorkStyle	workStyleRequiredBy
onet	CorrespondenceClerks	1.C.5.b	requiresWorkStyle	workStyleRequiredBy
onet	CorrespondenceClerks	1.C.5.c	requiresWorkStyle	workStyleRequiredBy
onet	CorrespondenceClerks	1.C.6	requiresWorkStyle	workStyleRequiredBy
onet	CorrespondenceClerks	1.C.7.a	requiresWorkStyle	workStyleRequiredBy
onet	CorrespondenceClerks	1.C.7.b	requiresWorkStyle	workStyleRequiredBy
onet	Cosmetologists	1.C.1.a	requiresWorkStyle	workStyleRequiredBy
onet	Cosmetologists	1.C.1.b	requiresWorkStyle	workStyleRequiredBy
onet	Cosmetologists	1.C.1.c	requiresWorkStyle	workStyleRequiredBy
onet	Cosmetologists	1.C.2.b	requiresWorkStyle	workStyleRequiredBy
onet	Cosmetologists	1.C.3.a	requiresWorkStyle	workStyleRequiredBy
onet	Cosmetologists	1.C.3.b	requiresWorkStyle	workStyleRequiredBy
onet	Cosmetologists	1.C.3.c	requiresWorkStyle	workStyleRequiredBy
onet	Cosmetologists	1.C.4.a	requiresWorkStyle	workStyleRequiredBy
onet	Cosmetologists	1.C.4.b	requiresWorkStyle	workStyleRequiredBy
onet	Cosmetologists	1.C.4.c	requiresWorkStyle	workStyleRequiredBy
onet	Cosmetologists	1.C.5.a	requiresWorkStyle	workStyleRequiredBy
onet	Cosmetologists	1.C.5.b	requiresWorkStyle	workStyleRequiredBy
onet	Cosmetologists	1.C.5.c	requiresWorkStyle	workStyleRequiredBy
onet	Cosmetologists	1.C.6	requiresWorkStyle	workStyleRequiredBy
onet	Cosmetologists	1.C.7.a	requiresWorkStyle	workStyleRequiredBy
onet	Cosmetologists	1.C.7.b	requiresWorkStyle	workStyleRequiredBy
onet	CostEstimators	1.C.1.a	requiresWorkStyle	workStyleRequiredBy
onet	CostEstimators	1.C.1.b	requiresWorkStyle	workStyleRequiredBy
onet	CostEstimators	1.C.1.c	requiresWorkStyle	workStyleRequiredBy
onet	CostEstimators	1.C.2.b	requiresWorkStyle	workStyleRequiredBy
onet	CostEstimators	1.C.3.a	requiresWorkStyle	workStyleRequiredBy
onet	CostEstimators	1.C.3.b	requiresWorkStyle	workStyleRequiredBy
onet	CostEstimators	1.C.3.c	requiresWorkStyle	workStyleRequiredBy
onet	CostEstimators	1.C.4.a	requiresWorkStyle	workStyleRequiredBy
onet	CostEstimators	1.C.4.b	requiresWorkStyle	workStyleRequiredBy
onet	CostEstimators	1.C.4.c	requiresWorkStyle	workStyleRequiredBy
onet	CostEstimators	1.C.5.a	requiresWorkStyle	workStyleRequiredBy
onet	CostEstimators	1.C.5.b	requiresWorkStyle	workStyleRequiredBy
onet	CostEstimators	1.C.5.c	requiresWorkStyle	workStyleRequiredBy
onet	CostEstimators	1.C.6	requiresWorkStyle	workStyleRequiredBy
onet	CostEstimators	1.C.7.a	requiresWorkStyle	workStyleRequiredBy
onet	CostEstimators	1.C.7.b	requiresWorkStyle	workStyleRequiredBy
onet	CostumeAttendants	1.C.1.a	requiresWorkStyle	workStyleRequiredBy
onet	CostumeAttendants	1.C.1.b	requiresWorkStyle	workStyleRequiredBy
onet	CostumeAttendants	1.C.1.c	requiresWorkStyle	workStyleRequiredBy
onet	CostumeAttendants	1.C.2.b	requiresWorkStyle	workStyleRequiredBy
onet	CostumeAttendants	1.C.3.a	requiresWorkStyle	workStyleRequiredBy
onet	CostumeAttendants	1.C.3.b	requiresWorkStyle	workStyleRequiredBy
onet	CostumeAttendants	1.C.3.c	requiresWorkStyle	workStyleRequiredBy
onet	CostumeAttendants	1.C.4.a	requiresWorkStyle	workStyleRequiredBy
onet	CostumeAttendants	1.C.4.b	requiresWorkStyle	workStyleRequiredBy
onet	CostumeAttendants	1.C.4.c	requiresWorkStyle	workStyleRequiredBy
onet	CostumeAttendants	1.C.5.a	requiresWorkStyle	workStyleRequiredBy
onet	CostumeAttendants	1.C.5.b	requiresWorkStyle	workStyleRequiredBy
onet	CostumeAttendants	1.C.5.c	requiresWorkStyle	workStyleRequiredBy
onet	CostumeAttendants	1.C.6	requiresWorkStyle	workStyleRequiredBy
onet	CostumeAttendants	1.C.7.a	requiresWorkStyle	workStyleRequiredBy
onet	CostumeAttendants	1.C.7.b	requiresWorkStyle	workStyleRequiredBy
onet	CounselingPsychologists	1.C.1.a	requiresWorkStyle	workStyleRequiredBy
onet	CounselingPsychologists	1.C.1.b	requiresWorkStyle	workStyleRequiredBy
onet	CounselingPsychologists	1.C.1.c	requiresWorkStyle	workStyleRequiredBy
onet	CounselingPsychologists	1.C.2.b	requiresWorkStyle	workStyleRequiredBy
onet	CounselingPsychologists	1.C.3.a	requiresWorkStyle	workStyleRequiredBy
onet	CounselingPsychologists	1.C.3.b	requiresWorkStyle	workStyleRequiredBy
onet	CounselingPsychologists	1.C.3.c	requiresWorkStyle	workStyleRequiredBy
onet	CounselingPsychologists	1.C.4.a	requiresWorkStyle	workStyleRequiredBy
onet	CounselingPsychologists	1.C.4.b	requiresWorkStyle	workStyleRequiredBy
onet	CounselingPsychologists	1.C.4.c	requiresWorkStyle	workStyleRequiredBy
onet	CounselingPsychologists	1.C.5.a	requiresWorkStyle	workStyleRequiredBy
onet	CounselingPsychologists	1.C.5.b	requiresWorkStyle	workStyleRequiredBy
onet	CounselingPsychologists	1.C.5.c	requiresWorkStyle	workStyleRequiredBy
onet	CounselingPsychologists	1.C.6	requiresWorkStyle	workStyleRequiredBy
onet	CounselingPsychologists	1.C.7.a	requiresWorkStyle	workStyleRequiredBy
onet	CounselingPsychologists	1.C.7.b	requiresWorkStyle	workStyleRequiredBy
onet	CounterWorkers	1.C.1.a	requiresWorkStyle	workStyleRequiredBy
onet	CounterWorkers	1.C.1.b	requiresWorkStyle	workStyleRequiredBy
onet	CounterWorkers	1.C.1.c	requiresWorkStyle	workStyleRequiredBy
onet	CounterWorkers	1.C.2.b	requiresWorkStyle	workStyleRequiredBy
onet	CounterWorkers	1.C.3.a	requiresWorkStyle	workStyleRequiredBy
onet	CounterWorkers	1.C.3.b	requiresWorkStyle	workStyleRequiredBy
onet	CounterWorkers	1.C.3.c	requiresWorkStyle	workStyleRequiredBy
onet	CounterWorkers	1.C.4.a	requiresWorkStyle	workStyleRequiredBy
onet	CounterWorkers	1.C.4.b	requiresWorkStyle	workStyleRequiredBy
onet	CounterWorkers	1.C.4.c	requiresWorkStyle	workStyleRequiredBy
onet	CounterWorkers	1.C.5.a	requiresWorkStyle	workStyleRequiredBy
onet	CounterWorkers	1.C.5.b	requiresWorkStyle	workStyleRequiredBy
onet	CounterWorkers	1.C.5.c	requiresWorkStyle	workStyleRequiredBy
onet	CounterWorkers	1.C.6	requiresWorkStyle	workStyleRequiredBy
onet	CounterWorkers	1.C.7.a	requiresWorkStyle	workStyleRequiredBy
onet	CounterWorkers	1.C.7.b	requiresWorkStyle	workStyleRequiredBy
onet	CraftArtists	1.C.1.a	requiresWorkStyle	workStyleRequiredBy
onet	CraftArtists	1.C.1.b	requiresWorkStyle	workStyleRequiredBy
onet	CraftArtists	1.C.1.c	requiresWorkStyle	workStyleRequiredBy
onet	CraftArtists	1.C.2.b	requiresWorkStyle	workStyleRequiredBy
onet	CraftArtists	1.C.3.a	requiresWorkStyle	workStyleRequiredBy
onet	CraftArtists	1.C.3.b	requiresWorkStyle	workStyleRequiredBy
onet	CraftArtists	1.C.3.c	requiresWorkStyle	workStyleRequiredBy
onet	CraftArtists	1.C.4.a	requiresWorkStyle	workStyleRequiredBy
onet	CraftArtists	1.C.4.b	requiresWorkStyle	workStyleRequiredBy
onet	CraftArtists	1.C.4.c	requiresWorkStyle	workStyleRequiredBy
onet	CraftArtists	1.C.5.a	requiresWorkStyle	workStyleRequiredBy
onet	CraftArtists	1.C.5.b	requiresWorkStyle	workStyleRequiredBy
onet	CraftArtists	1.C.5.c	requiresWorkStyle	workStyleRequiredBy
onet	CraftArtists	1.C.6	requiresWorkStyle	workStyleRequiredBy
onet	CraftArtists	1.C.7.a	requiresWorkStyle	workStyleRequiredBy
onet	CraftArtists	1.C.7.b	requiresWorkStyle	workStyleRequiredBy
onet	CreativeWriters	1.C.1.a	requiresWorkStyle	workStyleRequiredBy
onet	CreativeWriters	1.C.1.b	requiresWorkStyle	workStyleRequiredBy
onet	CreativeWriters	1.C.1.c	requiresWorkStyle	workStyleRequiredBy
onet	CreativeWriters	1.C.2.b	requiresWorkStyle	workStyleRequiredBy
onet	CreativeWriters	1.C.3.a	requiresWorkStyle	workStyleRequiredBy
onet	CreativeWriters	1.C.3.b	requiresWorkStyle	workStyleRequiredBy
onet	CreativeWriters	1.C.3.c	requiresWorkStyle	workStyleRequiredBy
onet	CreativeWriters	1.C.4.a	requiresWorkStyle	workStyleRequiredBy
onet	CreativeWriters	1.C.4.b	requiresWorkStyle	workStyleRequiredBy
onet	CreativeWriters	1.C.4.c	requiresWorkStyle	workStyleRequiredBy
onet	CreativeWriters	1.C.5.a	requiresWorkStyle	workStyleRequiredBy
onet	CreativeWriters	1.C.5.b	requiresWorkStyle	workStyleRequiredBy
onet	CreativeWriters	1.C.5.c	requiresWorkStyle	workStyleRequiredBy
onet	CreativeWriters	1.C.6	requiresWorkStyle	workStyleRequiredBy
onet	CreativeWriters	1.C.7.a	requiresWorkStyle	workStyleRequiredBy
onet	CreativeWriters	1.C.7.b	requiresWorkStyle	workStyleRequiredBy
onet	CreditAnalysts	1.C.1.a	requiresWorkStyle	workStyleRequiredBy
onet	CreditAnalysts	1.C.1.b	requiresWorkStyle	workStyleRequiredBy
onet	CreditAnalysts	1.C.1.c	requiresWorkStyle	workStyleRequiredBy
onet	CreditAnalysts	1.C.2.b	requiresWorkStyle	workStyleRequiredBy
onet	CreditAnalysts	1.C.3.a	requiresWorkStyle	workStyleRequiredBy
onet	CreditAnalysts	1.C.3.b	requiresWorkStyle	workStyleRequiredBy
onet	CreditAnalysts	1.C.3.c	requiresWorkStyle	workStyleRequiredBy
onet	CreditAnalysts	1.C.4.a	requiresWorkStyle	workStyleRequiredBy
onet	CreditAnalysts	1.C.4.b	requiresWorkStyle	workStyleRequiredBy
onet	CreditAnalysts	1.C.4.c	requiresWorkStyle	workStyleRequiredBy
onet	CreditAnalysts	1.C.5.a	requiresWorkStyle	workStyleRequiredBy
onet	CreditAnalysts	1.C.5.b	requiresWorkStyle	workStyleRequiredBy
onet	CreditAnalysts	1.C.5.c	requiresWorkStyle	workStyleRequiredBy
onet	CreditAnalysts	1.C.6	requiresWorkStyle	workStyleRequiredBy
onet	CreditAnalysts	1.C.7.a	requiresWorkStyle	workStyleRequiredBy
onet	CreditAnalysts	1.C.7.b	requiresWorkStyle	workStyleRequiredBy
onet	CreditCounselors	1.C.1.a	requiresWorkStyle	workStyleRequiredBy
onet	CreditCounselors	1.C.1.b	requiresWorkStyle	workStyleRequiredBy
onet	CreditCounselors	1.C.1.c	requiresWorkStyle	workStyleRequiredBy
onet	CreditCounselors	1.C.2.b	requiresWorkStyle	workStyleRequiredBy
onet	CreditCounselors	1.C.3.a	requiresWorkStyle	workStyleRequiredBy
onet	CreditCounselors	1.C.3.b	requiresWorkStyle	workStyleRequiredBy
onet	CreditCounselors	1.C.3.c	requiresWorkStyle	workStyleRequiredBy
onet	CreditCounselors	1.C.4.a	requiresWorkStyle	workStyleRequiredBy
onet	CreditCounselors	1.C.4.b	requiresWorkStyle	workStyleRequiredBy
onet	CreditCounselors	1.C.4.c	requiresWorkStyle	workStyleRequiredBy
onet	CreditCounselors	1.C.5.a	requiresWorkStyle	workStyleRequiredBy
onet	CreditCounselors	1.C.5.b	requiresWorkStyle	workStyleRequiredBy
onet	CreditCounselors	1.C.5.c	requiresWorkStyle	workStyleRequiredBy
onet	CreditCounselors	1.C.6	requiresWorkStyle	workStyleRequiredBy
onet	CreditCounselors	1.C.7.a	requiresWorkStyle	workStyleRequiredBy
onet	CreditCounselors	1.C.7.b	requiresWorkStyle	workStyleRequiredBy
onet	CriminalInvestigators	1.C.1.a	requiresWorkStyle	workStyleRequiredBy
onet	CriminalInvestigators	1.C.1.b	requiresWorkStyle	workStyleRequiredBy
onet	CriminalInvestigators	1.C.1.c	requiresWorkStyle	workStyleRequiredBy
onet	CriminalInvestigators	1.C.2.b	requiresWorkStyle	workStyleRequiredBy
onet	CriminalInvestigators	1.C.3.a	requiresWorkStyle	workStyleRequiredBy
onet	CriminalInvestigators	1.C.3.b	requiresWorkStyle	workStyleRequiredBy
onet	CriminalInvestigators	1.C.3.c	requiresWorkStyle	workStyleRequiredBy
onet	CriminalInvestigators	1.C.4.a	requiresWorkStyle	workStyleRequiredBy
onet	CriminalInvestigators	1.C.4.b	requiresWorkStyle	workStyleRequiredBy
onet	CriminalInvestigators	1.C.4.c	requiresWorkStyle	workStyleRequiredBy
onet	CriminalInvestigators	1.C.5.a	requiresWorkStyle	workStyleRequiredBy
onet	CriminalInvestigators	1.C.5.b	requiresWorkStyle	workStyleRequiredBy
onet	CriminalInvestigators	1.C.5.c	requiresWorkStyle	workStyleRequiredBy
onet	CriminalInvestigators	1.C.6	requiresWorkStyle	workStyleRequiredBy
onet	CriminalInvestigators	1.C.7.a	requiresWorkStyle	workStyleRequiredBy
onet	CriminalInvestigators	1.C.7.b	requiresWorkStyle	workStyleRequiredBy
onet	CriticalCareNurses	1.C.1.a	requiresWorkStyle	workStyleRequiredBy
onet	CriticalCareNurses	1.C.1.b	requiresWorkStyle	workStyleRequiredBy
onet	CriticalCareNurses	1.C.1.c	requiresWorkStyle	workStyleRequiredBy
onet	CriticalCareNurses	1.C.2.b	requiresWorkStyle	workStyleRequiredBy
onet	CriticalCareNurses	1.C.3.a	requiresWorkStyle	workStyleRequiredBy
onet	CriticalCareNurses	1.C.3.b	requiresWorkStyle	workStyleRequiredBy
onet	CriticalCareNurses	1.C.3.c	requiresWorkStyle	workStyleRequiredBy
onet	CriticalCareNurses	1.C.4.a	requiresWorkStyle	workStyleRequiredBy
onet	CriticalCareNurses	1.C.4.b	requiresWorkStyle	workStyleRequiredBy
onet	CriticalCareNurses	1.C.4.c	requiresWorkStyle	workStyleRequiredBy
onet	CriticalCareNurses	1.C.5.a	requiresWorkStyle	workStyleRequiredBy
onet	CriticalCareNurses	1.C.5.b	requiresWorkStyle	workStyleRequiredBy
onet	CriticalCareNurses	1.C.5.c	requiresWorkStyle	workStyleRequiredBy
onet	CriticalCareNurses	1.C.6	requiresWorkStyle	workStyleRequiredBy
onet	CriticalCareNurses	1.C.7.a	requiresWorkStyle	workStyleRequiredBy
onet	CriticalCareNurses	1.C.7.b	requiresWorkStyle	workStyleRequiredBy
onet	CulturalStudiesTeachersPostsecondary	1.C.1.a	requiresWorkStyle	workStyleRequiredBy
onet	CulturalStudiesTeachersPostsecondary	1.C.1.b	requiresWorkStyle	workStyleRequiredBy
onet	CulturalStudiesTeachersPostsecondary	1.C.1.c	requiresWorkStyle	workStyleRequiredBy
onet	CulturalStudiesTeachersPostsecondary	1.C.2.b	requiresWorkStyle	workStyleRequiredBy
onet	CulturalStudiesTeachersPostsecondary	1.C.3.a	requiresWorkStyle	workStyleRequiredBy
onet	CulturalStudiesTeachersPostsecondary	1.C.3.b	requiresWorkStyle	workStyleRequiredBy
onet	CulturalStudiesTeachersPostsecondary	1.C.3.c	requiresWorkStyle	workStyleRequiredBy
onet	CulturalStudiesTeachersPostsecondary	1.C.4.a	requiresWorkStyle	workStyleRequiredBy
onet	CulturalStudiesTeachersPostsecondary	1.C.4.b	requiresWorkStyle	workStyleRequiredBy
onet	CulturalStudiesTeachersPostsecondary	1.C.4.c	requiresWorkStyle	workStyleRequiredBy
onet	CulturalStudiesTeachersPostsecondary	1.C.5.a	requiresWorkStyle	workStyleRequiredBy
onet	CulturalStudiesTeachersPostsecondary	1.C.5.b	requiresWorkStyle	workStyleRequiredBy
onet	CulturalStudiesTeachersPostsecondary	1.C.5.c	requiresWorkStyle	workStyleRequiredBy
onet	CulturalStudiesTeachersPostsecondary	1.C.6	requiresWorkStyle	workStyleRequiredBy
onet	CulturalStudiesTeachersPostsecondary	1.C.7.a	requiresWorkStyle	workStyleRequiredBy
onet	CulturalStudiesTeachersPostsecondary	1.C.7.b	requiresWorkStyle	workStyleRequiredBy
onet	Curators	1.C.1.a	requiresWorkStyle	workStyleRequiredBy
onet	Curators	1.C.1.b	requiresWorkStyle	workStyleRequiredBy
onet	Curators	1.C.1.c	requiresWorkStyle	workStyleRequiredBy
onet	Curators	1.C.2.b	requiresWorkStyle	workStyleRequiredBy
onet	Curators	1.C.3.a	requiresWorkStyle	workStyleRequiredBy
onet	Curators	1.C.3.b	requiresWorkStyle	workStyleRequiredBy
onet	Curators	1.C.3.c	requiresWorkStyle	workStyleRequiredBy
onet	Curators	1.C.4.a	requiresWorkStyle	workStyleRequiredBy
onet	Curators	1.C.4.b	requiresWorkStyle	workStyleRequiredBy
onet	Curators	1.C.4.c	requiresWorkStyle	workStyleRequiredBy
onet	Curators	1.C.5.a	requiresWorkStyle	workStyleRequiredBy
onet	Curators	1.C.5.b	requiresWorkStyle	workStyleRequiredBy
onet	Curators	1.C.5.c	requiresWorkStyle	workStyleRequiredBy
onet	Curators	1.C.6	requiresWorkStyle	workStyleRequiredBy
onet	Curators	1.C.7.a	requiresWorkStyle	workStyleRequiredBy
onet	Curators	1.C.7.b	requiresWorkStyle	workStyleRequiredBy
onet	CustomSewers	1.C.1.a	requiresWorkStyle	workStyleRequiredBy
onet	CustomSewers	1.C.1.b	requiresWorkStyle	workStyleRequiredBy
onet	CustomSewers	1.C.1.c	requiresWorkStyle	workStyleRequiredBy
onet	CustomSewers	1.C.2.b	requiresWorkStyle	workStyleRequiredBy
onet	CustomSewers	1.C.3.a	requiresWorkStyle	workStyleRequiredBy
onet	CustomSewers	1.C.3.b	requiresWorkStyle	workStyleRequiredBy
onet	CustomSewers	1.C.3.c	requiresWorkStyle	workStyleRequiredBy
onet	CustomSewers	1.C.4.a	requiresWorkStyle	workStyleRequiredBy
onet	CustomSewers	1.C.4.b	requiresWorkStyle	workStyleRequiredBy
onet	CustomSewers	1.C.4.c	requiresWorkStyle	workStyleRequiredBy
onet	CustomSewers	1.C.5.a	requiresWorkStyle	workStyleRequiredBy
onet	CustomSewers	1.C.5.b	requiresWorkStyle	workStyleRequiredBy
onet	CustomSewers	1.C.5.c	requiresWorkStyle	workStyleRequiredBy
onet	CustomSewers	1.C.6	requiresWorkStyle	workStyleRequiredBy
onet	CustomSewers	1.C.7.a	requiresWorkStyle	workStyleRequiredBy
onet	CustomSewers	1.C.7.b	requiresWorkStyle	workStyleRequiredBy
onet	CustomerServiceRepresentatives	1.C.1.a	requiresWorkStyle	workStyleRequiredBy
onet	CustomerServiceRepresentatives	1.C.1.b	requiresWorkStyle	workStyleRequiredBy
onet	CustomerServiceRepresentatives	1.C.1.c	requiresWorkStyle	workStyleRequiredBy
onet	CustomerServiceRepresentatives	1.C.2.b	requiresWorkStyle	workStyleRequiredBy
onet	CustomerServiceRepresentatives	1.C.3.a	requiresWorkStyle	workStyleRequiredBy
onet	CustomerServiceRepresentatives	1.C.3.b	requiresWorkStyle	workStyleRequiredBy
onet	CustomerServiceRepresentatives	1.C.3.c	requiresWorkStyle	workStyleRequiredBy
onet	CustomerServiceRepresentatives	1.C.4.a	requiresWorkStyle	workStyleRequiredBy
onet	CustomerServiceRepresentatives	1.C.4.b	requiresWorkStyle	workStyleRequiredBy
onet	CustomerServiceRepresentatives	1.C.4.c	requiresWorkStyle	workStyleRequiredBy
onet	CustomerServiceRepresentatives	1.C.5.a	requiresWorkStyle	workStyleRequiredBy
onet	CustomerServiceRepresentatives	1.C.5.b	requiresWorkStyle	workStyleRequiredBy
onet	CustomerServiceRepresentatives	1.C.5.c	requiresWorkStyle	workStyleRequiredBy
onet	CustomerServiceRepresentatives	1.C.6	requiresWorkStyle	workStyleRequiredBy
onet	CustomerServiceRepresentatives	1.C.7.a	requiresWorkStyle	workStyleRequiredBy
onet	CustomerServiceRepresentatives	1.C.7.b	requiresWorkStyle	workStyleRequiredBy
onet	CustomsBrokers	1.C.1.a	requiresWorkStyle	workStyleRequiredBy
onet	CustomsBrokers	1.C.1.b	requiresWorkStyle	workStyleRequiredBy
onet	CustomsBrokers	1.C.1.c	requiresWorkStyle	workStyleRequiredBy
onet	CustomsBrokers	1.C.2.b	requiresWorkStyle	workStyleRequiredBy
onet	CustomsBrokers	1.C.3.a	requiresWorkStyle	workStyleRequiredBy
onet	CustomsBrokers	1.C.3.b	requiresWorkStyle	workStyleRequiredBy
onet	CustomsBrokers	1.C.3.c	requiresWorkStyle	workStyleRequiredBy
onet	CustomsBrokers	1.C.4.a	requiresWorkStyle	workStyleRequiredBy
onet	CustomsBrokers	1.C.4.b	requiresWorkStyle	workStyleRequiredBy
onet	CustomsBrokers	1.C.4.c	requiresWorkStyle	workStyleRequiredBy
onet	CustomsBrokers	1.C.5.a	requiresWorkStyle	workStyleRequiredBy
onet	CustomsBrokers	1.C.5.b	requiresWorkStyle	workStyleRequiredBy
onet	CustomsBrokers	1.C.5.c	requiresWorkStyle	workStyleRequiredBy
onet	CustomsBrokers	1.C.6	requiresWorkStyle	workStyleRequiredBy
onet	CustomsBrokers	1.C.7.a	requiresWorkStyle	workStyleRequiredBy
onet	CustomsBrokers	1.C.7.b	requiresWorkStyle	workStyleRequiredBy
onet	CytogeneticTechnologists	1.C.1.a	requiresWorkStyle	workStyleRequiredBy
onet	CytogeneticTechnologists	1.C.1.b	requiresWorkStyle	workStyleRequiredBy
onet	CytogeneticTechnologists	1.C.1.c	requiresWorkStyle	workStyleRequiredBy
onet	CytogeneticTechnologists	1.C.2.b	requiresWorkStyle	workStyleRequiredBy
onet	CytogeneticTechnologists	1.C.3.a	requiresWorkStyle	workStyleRequiredBy
onet	CytogeneticTechnologists	1.C.3.b	requiresWorkStyle	workStyleRequiredBy
onet	CytogeneticTechnologists	1.C.3.c	requiresWorkStyle	workStyleRequiredBy
onet	CytogeneticTechnologists	1.C.4.a	requiresWorkStyle	workStyleRequiredBy
onet	CytogeneticTechnologists	1.C.4.b	requiresWorkStyle	workStyleRequiredBy
onet	CytogeneticTechnologists	1.C.4.c	requiresWorkStyle	workStyleRequiredBy
onet	CytogeneticTechnologists	1.C.5.a	requiresWorkStyle	workStyleRequiredBy
onet	CytogeneticTechnologists	1.C.5.b	requiresWorkStyle	workStyleRequiredBy
onet	CytogeneticTechnologists	1.C.5.c	requiresWorkStyle	workStyleRequiredBy
onet	CytogeneticTechnologists	1.C.6	requiresWorkStyle	workStyleRequiredBy
onet	CytogeneticTechnologists	1.C.7.a	requiresWorkStyle	workStyleRequiredBy
onet	CytogeneticTechnologists	1.C.7.b	requiresWorkStyle	workStyleRequiredBy
onet	Cytotechnologists	1.C.1.a	requiresWorkStyle	workStyleRequiredBy
onet	Cytotechnologists	1.C.1.b	requiresWorkStyle	workStyleRequiredBy
onet	Cytotechnologists	1.C.1.c	requiresWorkStyle	workStyleRequiredBy
onet	Cytotechnologists	1.C.2.b	requiresWorkStyle	workStyleRequiredBy
onet	Cytotechnologists	1.C.3.a	requiresWorkStyle	workStyleRequiredBy
onet	Cytotechnologists	1.C.3.b	requiresWorkStyle	workStyleRequiredBy
onet	Cytotechnologists	1.C.3.c	requiresWorkStyle	workStyleRequiredBy
onet	Cytotechnologists	1.C.4.a	requiresWorkStyle	workStyleRequiredBy
onet	Cytotechnologists	1.C.4.b	requiresWorkStyle	workStyleRequiredBy
onet	Cytotechnologists	1.C.4.c	requiresWorkStyle	workStyleRequiredBy
onet	Cytotechnologists	1.C.5.a	requiresWorkStyle	workStyleRequiredBy
onet	Cytotechnologists	1.C.5.b	requiresWorkStyle	workStyleRequiredBy
onet	Cytotechnologists	1.C.5.c	requiresWorkStyle	workStyleRequiredBy
onet	Cytotechnologists	1.C.6	requiresWorkStyle	workStyleRequiredBy
onet	Cytotechnologists	1.C.7.a	requiresWorkStyle	workStyleRequiredBy
onet	Cytotechnologists	1.C.7.b	requiresWorkStyle	workStyleRequiredBy
onet	Dancers	1.C.1.a	requiresWorkStyle	workStyleRequiredBy
onet	Dancers	1.C.1.b	requiresWorkStyle	workStyleRequiredBy
onet	Dancers	1.C.1.c	requiresWorkStyle	workStyleRequiredBy
onet	Dancers	1.C.2.b	requiresWorkStyle	workStyleRequiredBy
onet	Dancers	1.C.3.a	requiresWorkStyle	workStyleRequiredBy
onet	Dancers	1.C.3.b	requiresWorkStyle	workStyleRequiredBy
onet	Dancers	1.C.3.c	requiresWorkStyle	workStyleRequiredBy
onet	Dancers	1.C.4.a	requiresWorkStyle	workStyleRequiredBy
onet	Dancers	1.C.4.b	requiresWorkStyle	workStyleRequiredBy
onet	Dancers	1.C.4.c	requiresWorkStyle	workStyleRequiredBy
onet	Dancers	1.C.5.a	requiresWorkStyle	workStyleRequiredBy
onet	Dancers	1.C.5.b	requiresWorkStyle	workStyleRequiredBy
onet	Dancers	1.C.5.c	requiresWorkStyle	workStyleRequiredBy
onet	Dancers	1.C.6	requiresWorkStyle	workStyleRequiredBy
onet	Dancers	1.C.7.a	requiresWorkStyle	workStyleRequiredBy
onet	Dancers	1.C.7.b	requiresWorkStyle	workStyleRequiredBy
onet	DataEntryKeyers	1.C.1.a	requiresWorkStyle	workStyleRequiredBy
onet	DataEntryKeyers	1.C.1.b	requiresWorkStyle	workStyleRequiredBy
onet	DataEntryKeyers	1.C.1.c	requiresWorkStyle	workStyleRequiredBy
onet	DataEntryKeyers	1.C.2.b	requiresWorkStyle	workStyleRequiredBy
onet	DataEntryKeyers	1.C.3.a	requiresWorkStyle	workStyleRequiredBy
onet	DataEntryKeyers	1.C.3.b	requiresWorkStyle	workStyleRequiredBy
onet	DataEntryKeyers	1.C.3.c	requiresWorkStyle	workStyleRequiredBy
onet	DataEntryKeyers	1.C.4.a	requiresWorkStyle	workStyleRequiredBy
onet	DataEntryKeyers	1.C.4.b	requiresWorkStyle	workStyleRequiredBy
onet	DataEntryKeyers	1.C.4.c	requiresWorkStyle	workStyleRequiredBy
onet	DataEntryKeyers	1.C.5.a	requiresWorkStyle	workStyleRequiredBy
onet	DataEntryKeyers	1.C.5.b	requiresWorkStyle	workStyleRequiredBy
onet	DataEntryKeyers	1.C.5.c	requiresWorkStyle	workStyleRequiredBy
onet	DataEntryKeyers	1.C.6	requiresWorkStyle	workStyleRequiredBy
onet	DataEntryKeyers	1.C.7.a	requiresWorkStyle	workStyleRequiredBy
onet	DataEntryKeyers	1.C.7.b	requiresWorkStyle	workStyleRequiredBy
onet	DataWarehousingSpecialists	1.C.1.a	requiresWorkStyle	workStyleRequiredBy
onet	DataWarehousingSpecialists	1.C.1.b	requiresWorkStyle	workStyleRequiredBy
onet	DataWarehousingSpecialists	1.C.1.c	requiresWorkStyle	workStyleRequiredBy
onet	DataWarehousingSpecialists	1.C.2.b	requiresWorkStyle	workStyleRequiredBy
onet	DataWarehousingSpecialists	1.C.3.a	requiresWorkStyle	workStyleRequiredBy
onet	DataWarehousingSpecialists	1.C.3.b	requiresWorkStyle	workStyleRequiredBy
onet	DataWarehousingSpecialists	1.C.3.c	requiresWorkStyle	workStyleRequiredBy
onet	DataWarehousingSpecialists	1.C.4.a	requiresWorkStyle	workStyleRequiredBy
onet	DataWarehousingSpecialists	1.C.4.b	requiresWorkStyle	workStyleRequiredBy
onet	DataWarehousingSpecialists	1.C.4.c	requiresWorkStyle	workStyleRequiredBy
onet	DataWarehousingSpecialists	1.C.5.a	requiresWorkStyle	workStyleRequiredBy
onet	DataWarehousingSpecialists	1.C.5.b	requiresWorkStyle	workStyleRequiredBy
onet	DataWarehousingSpecialists	1.C.5.c	requiresWorkStyle	workStyleRequiredBy
onet	DataWarehousingSpecialists	1.C.6	requiresWorkStyle	workStyleRequiredBy
onet	DataWarehousingSpecialists	1.C.7.a	requiresWorkStyle	workStyleRequiredBy
onet	DataWarehousingSpecialists	1.C.7.b	requiresWorkStyle	workStyleRequiredBy
onet	DatabaseAdministrators	1.C.1.a	requiresWorkStyle	workStyleRequiredBy
onet	DatabaseAdministrators	1.C.1.b	requiresWorkStyle	workStyleRequiredBy
onet	DatabaseAdministrators	1.C.1.c	requiresWorkStyle	workStyleRequiredBy
onet	DatabaseAdministrators	1.C.2.b	requiresWorkStyle	workStyleRequiredBy
onet	DatabaseAdministrators	1.C.3.a	requiresWorkStyle	workStyleRequiredBy
onet	DatabaseAdministrators	1.C.3.b	requiresWorkStyle	workStyleRequiredBy
onet	DatabaseAdministrators	1.C.3.c	requiresWorkStyle	workStyleRequiredBy
onet	DatabaseAdministrators	1.C.4.a	requiresWorkStyle	workStyleRequiredBy
onet	DatabaseAdministrators	1.C.4.b	requiresWorkStyle	workStyleRequiredBy
onet	DatabaseAdministrators	1.C.4.c	requiresWorkStyle	workStyleRequiredBy
onet	DatabaseAdministrators	1.C.5.a	requiresWorkStyle	workStyleRequiredBy
onet	DatabaseAdministrators	1.C.5.b	requiresWorkStyle	workStyleRequiredBy
onet	DatabaseAdministrators	1.C.5.c	requiresWorkStyle	workStyleRequiredBy
onet	DatabaseAdministrators	1.C.6	requiresWorkStyle	workStyleRequiredBy
onet	DatabaseAdministrators	1.C.7.a	requiresWorkStyle	workStyleRequiredBy
onet	DatabaseAdministrators	1.C.7.b	requiresWorkStyle	workStyleRequiredBy
onet	DatabaseArchitects	1.C.1.a	requiresWorkStyle	workStyleRequiredBy
onet	DatabaseArchitects	1.C.1.b	requiresWorkStyle	workStyleRequiredBy
onet	DatabaseArchitects	1.C.1.c	requiresWorkStyle	workStyleRequiredBy
onet	DatabaseArchitects	1.C.2.b	requiresWorkStyle	workStyleRequiredBy
onet	DatabaseArchitects	1.C.3.a	requiresWorkStyle	workStyleRequiredBy
onet	DatabaseArchitects	1.C.3.b	requiresWorkStyle	workStyleRequiredBy
onet	DatabaseArchitects	1.C.3.c	requiresWorkStyle	workStyleRequiredBy
onet	DatabaseArchitects	1.C.4.a	requiresWorkStyle	workStyleRequiredBy
onet	DatabaseArchitects	1.C.4.b	requiresWorkStyle	workStyleRequiredBy
onet	DatabaseArchitects	1.C.4.c	requiresWorkStyle	workStyleRequiredBy
onet	DatabaseArchitects	1.C.5.a	requiresWorkStyle	workStyleRequiredBy
onet	DatabaseArchitects	1.C.5.b	requiresWorkStyle	workStyleRequiredBy
onet	DatabaseArchitects	1.C.5.c	requiresWorkStyle	workStyleRequiredBy
onet	DatabaseArchitects	1.C.6	requiresWorkStyle	workStyleRequiredBy
onet	DatabaseArchitects	1.C.7.a	requiresWorkStyle	workStyleRequiredBy
onet	DatabaseArchitects	1.C.7.b	requiresWorkStyle	workStyleRequiredBy
onet	Daycare	1.C.1.a	requiresWorkStyle	workStyleRequiredBy
onet	Daycare	1.C.1.b	requiresWorkStyle	workStyleRequiredBy
onet	Daycare	1.C.1.c	requiresWorkStyle	workStyleRequiredBy
onet	Daycare	1.C.2.b	requiresWorkStyle	workStyleRequiredBy
onet	Daycare	1.C.3.a	requiresWorkStyle	workStyleRequiredBy
onet	Daycare	1.C.3.b	requiresWorkStyle	workStyleRequiredBy
onet	Daycare	1.C.3.c	requiresWorkStyle	workStyleRequiredBy
onet	Daycare	1.C.4.a	requiresWorkStyle	workStyleRequiredBy
onet	Daycare	1.C.4.b	requiresWorkStyle	workStyleRequiredBy
onet	Daycare	1.C.4.c	requiresWorkStyle	workStyleRequiredBy
onet	Daycare	1.C.5.a	requiresWorkStyle	workStyleRequiredBy
onet	Daycare	1.C.5.b	requiresWorkStyle	workStyleRequiredBy
onet	Daycare	1.C.5.c	requiresWorkStyle	workStyleRequiredBy
onet	Daycare	1.C.6	requiresWorkStyle	workStyleRequiredBy
onet	Daycare	1.C.7.a	requiresWorkStyle	workStyleRequiredBy
onet	Daycare	1.C.7.b	requiresWorkStyle	workStyleRequiredBy
onet	DecoratingWorkers	1.C.1.a	requiresWorkStyle	workStyleRequiredBy
onet	DecoratingWorkers	1.C.1.b	requiresWorkStyle	workStyleRequiredBy
onet	DecoratingWorkers	1.C.1.c	requiresWorkStyle	workStyleRequiredBy
onet	DecoratingWorkers	1.C.2.b	requiresWorkStyle	workStyleRequiredBy
onet	DecoratingWorkers	1.C.3.a	requiresWorkStyle	workStyleRequiredBy
onet	DecoratingWorkers	1.C.3.b	requiresWorkStyle	workStyleRequiredBy
onet	DecoratingWorkers	1.C.3.c	requiresWorkStyle	workStyleRequiredBy
onet	DecoratingWorkers	1.C.4.a	requiresWorkStyle	workStyleRequiredBy
onet	DecoratingWorkers	1.C.4.b	requiresWorkStyle	workStyleRequiredBy
onet	DecoratingWorkers	1.C.4.c	requiresWorkStyle	workStyleRequiredBy
onet	DecoratingWorkers	1.C.5.a	requiresWorkStyle	workStyleRequiredBy
onet	DecoratingWorkers	1.C.5.b	requiresWorkStyle	workStyleRequiredBy
onet	DecoratingWorkers	1.C.5.c	requiresWorkStyle	workStyleRequiredBy
onet	DecoratingWorkers	1.C.6	requiresWorkStyle	workStyleRequiredBy
onet	DecoratingWorkers	1.C.7.a	requiresWorkStyle	workStyleRequiredBy
onet	DecoratingWorkers	1.C.7.b	requiresWorkStyle	workStyleRequiredBy
onet	DentalAssistants	1.C.1.a	requiresWorkStyle	workStyleRequiredBy
onet	DentalAssistants	1.C.1.b	requiresWorkStyle	workStyleRequiredBy
onet	DentalAssistants	1.C.1.c	requiresWorkStyle	workStyleRequiredBy
onet	DentalAssistants	1.C.2.b	requiresWorkStyle	workStyleRequiredBy
onet	DentalAssistants	1.C.3.a	requiresWorkStyle	workStyleRequiredBy
onet	DentalAssistants	1.C.3.b	requiresWorkStyle	workStyleRequiredBy
onet	DentalAssistants	1.C.3.c	requiresWorkStyle	workStyleRequiredBy
onet	DentalAssistants	1.C.4.a	requiresWorkStyle	workStyleRequiredBy
onet	DentalAssistants	1.C.4.b	requiresWorkStyle	workStyleRequiredBy
onet	DentalAssistants	1.C.4.c	requiresWorkStyle	workStyleRequiredBy
onet	DentalAssistants	1.C.5.a	requiresWorkStyle	workStyleRequiredBy
onet	DentalAssistants	1.C.5.b	requiresWorkStyle	workStyleRequiredBy
onet	DentalAssistants	1.C.5.c	requiresWorkStyle	workStyleRequiredBy
onet	DentalAssistants	1.C.6	requiresWorkStyle	workStyleRequiredBy
onet	DentalAssistants	1.C.7.a	requiresWorkStyle	workStyleRequiredBy
onet	DentalAssistants	1.C.7.b	requiresWorkStyle	workStyleRequiredBy
onet	DentalHygienists	1.C.1.a	requiresWorkStyle	workStyleRequiredBy
onet	DentalHygienists	1.C.1.b	requiresWorkStyle	workStyleRequiredBy
onet	DentalHygienists	1.C.1.c	requiresWorkStyle	workStyleRequiredBy
onet	DentalHygienists	1.C.2.b	requiresWorkStyle	workStyleRequiredBy
onet	DentalHygienists	1.C.3.a	requiresWorkStyle	workStyleRequiredBy
onet	DentalHygienists	1.C.3.b	requiresWorkStyle	workStyleRequiredBy
onet	DentalHygienists	1.C.3.c	requiresWorkStyle	workStyleRequiredBy
onet	DentalHygienists	1.C.4.a	requiresWorkStyle	workStyleRequiredBy
onet	DentalHygienists	1.C.4.b	requiresWorkStyle	workStyleRequiredBy
onet	DentalHygienists	1.C.4.c	requiresWorkStyle	workStyleRequiredBy
onet	DentalHygienists	1.C.5.a	requiresWorkStyle	workStyleRequiredBy
onet	DentalHygienists	1.C.5.b	requiresWorkStyle	workStyleRequiredBy
onet	DentalHygienists	1.C.5.c	requiresWorkStyle	workStyleRequiredBy
onet	DentalHygienists	1.C.6	requiresWorkStyle	workStyleRequiredBy
onet	DentalHygienists	1.C.7.a	requiresWorkStyle	workStyleRequiredBy
onet	DentalHygienists	1.C.7.b	requiresWorkStyle	workStyleRequiredBy
onet	DentalLaboratoryTechnicians	1.C.1.a	requiresWorkStyle	workStyleRequiredBy
onet	DentalLaboratoryTechnicians	1.C.1.b	requiresWorkStyle	workStyleRequiredBy
onet	DentalLaboratoryTechnicians	1.C.1.c	requiresWorkStyle	workStyleRequiredBy
onet	DentalLaboratoryTechnicians	1.C.2.b	requiresWorkStyle	workStyleRequiredBy
onet	DentalLaboratoryTechnicians	1.C.3.a	requiresWorkStyle	workStyleRequiredBy
onet	DentalLaboratoryTechnicians	1.C.3.b	requiresWorkStyle	workStyleRequiredBy
onet	DentalLaboratoryTechnicians	1.C.3.c	requiresWorkStyle	workStyleRequiredBy
onet	DentalLaboratoryTechnicians	1.C.4.a	requiresWorkStyle	workStyleRequiredBy
onet	DentalLaboratoryTechnicians	1.C.4.b	requiresWorkStyle	workStyleRequiredBy
onet	DentalLaboratoryTechnicians	1.C.4.c	requiresWorkStyle	workStyleRequiredBy
onet	DentalLaboratoryTechnicians	1.C.5.a	requiresWorkStyle	workStyleRequiredBy
onet	DentalLaboratoryTechnicians	1.C.5.b	requiresWorkStyle	workStyleRequiredBy
onet	DentalLaboratoryTechnicians	1.C.5.c	requiresWorkStyle	workStyleRequiredBy
onet	DentalLaboratoryTechnicians	1.C.6	requiresWorkStyle	workStyleRequiredBy
onet	DentalLaboratoryTechnicians	1.C.7.a	requiresWorkStyle	workStyleRequiredBy
onet	DentalLaboratoryTechnicians	1.C.7.b	requiresWorkStyle	workStyleRequiredBy
onet	DentistsGeneral	1.C.1.a	requiresWorkStyle	workStyleRequiredBy
onet	DentistsGeneral	1.C.1.b	requiresWorkStyle	workStyleRequiredBy
onet	DentistsGeneral	1.C.1.c	requiresWorkStyle	workStyleRequiredBy
onet	DentistsGeneral	1.C.2.b	requiresWorkStyle	workStyleRequiredBy
onet	DentistsGeneral	1.C.3.a	requiresWorkStyle	workStyleRequiredBy
onet	DentistsGeneral	1.C.3.b	requiresWorkStyle	workStyleRequiredBy
onet	DentistsGeneral	1.C.3.c	requiresWorkStyle	workStyleRequiredBy
onet	DentistsGeneral	1.C.4.a	requiresWorkStyle	workStyleRequiredBy
onet	DentistsGeneral	1.C.4.b	requiresWorkStyle	workStyleRequiredBy
onet	DentistsGeneral	1.C.4.c	requiresWorkStyle	workStyleRequiredBy
onet	DentistsGeneral	1.C.5.a	requiresWorkStyle	workStyleRequiredBy
onet	DentistsGeneral	1.C.5.b	requiresWorkStyle	workStyleRequiredBy
onet	DentistsGeneral	1.C.5.c	requiresWorkStyle	workStyleRequiredBy
onet	DentistsGeneral	1.C.6	requiresWorkStyle	workStyleRequiredBy
onet	DentistsGeneral	1.C.7.a	requiresWorkStyle	workStyleRequiredBy
onet	DentistsGeneral	1.C.7.b	requiresWorkStyle	workStyleRequiredBy
onet	Dermatologists	1.C.1.a	requiresWorkStyle	workStyleRequiredBy
onet	Dermatologists	1.C.1.b	requiresWorkStyle	workStyleRequiredBy
onet	Dermatologists	1.C.1.c	requiresWorkStyle	workStyleRequiredBy
onet	Dermatologists	1.C.2.b	requiresWorkStyle	workStyleRequiredBy
onet	Dermatologists	1.C.3.a	requiresWorkStyle	workStyleRequiredBy
onet	Dermatologists	1.C.3.b	requiresWorkStyle	workStyleRequiredBy
onet	Dermatologists	1.C.3.c	requiresWorkStyle	workStyleRequiredBy
onet	Dermatologists	1.C.4.a	requiresWorkStyle	workStyleRequiredBy
onet	Dermatologists	1.C.4.b	requiresWorkStyle	workStyleRequiredBy
onet	Dermatologists	1.C.4.c	requiresWorkStyle	workStyleRequiredBy
onet	Dermatologists	1.C.5.a	requiresWorkStyle	workStyleRequiredBy
onet	Dermatologists	1.C.5.b	requiresWorkStyle	workStyleRequiredBy
onet	Dermatologists	1.C.5.c	requiresWorkStyle	workStyleRequiredBy
onet	Dermatologists	1.C.6	requiresWorkStyle	workStyleRequiredBy
onet	Dermatologists	1.C.7.a	requiresWorkStyle	workStyleRequiredBy
onet	Dermatologists	1.C.7.b	requiresWorkStyle	workStyleRequiredBy
onet	DesktopPublishers	1.C.1.a	requiresWorkStyle	workStyleRequiredBy
onet	DesktopPublishers	1.C.1.b	requiresWorkStyle	workStyleRequiredBy
onet	DesktopPublishers	1.C.1.c	requiresWorkStyle	workStyleRequiredBy
onet	DesktopPublishers	1.C.2.b	requiresWorkStyle	workStyleRequiredBy
onet	DesktopPublishers	1.C.3.a	requiresWorkStyle	workStyleRequiredBy
onet	DesktopPublishers	1.C.3.b	requiresWorkStyle	workStyleRequiredBy
onet	DesktopPublishers	1.C.3.c	requiresWorkStyle	workStyleRequiredBy
onet	DesktopPublishers	1.C.4.a	requiresWorkStyle	workStyleRequiredBy
onet	DesktopPublishers	1.C.4.b	requiresWorkStyle	workStyleRequiredBy
onet	DesktopPublishers	1.C.4.c	requiresWorkStyle	workStyleRequiredBy
onet	DesktopPublishers	1.C.5.a	requiresWorkStyle	workStyleRequiredBy
onet	DesktopPublishers	1.C.5.b	requiresWorkStyle	workStyleRequiredBy
onet	DesktopPublishers	1.C.5.c	requiresWorkStyle	workStyleRequiredBy
onet	DesktopPublishers	1.C.6	requiresWorkStyle	workStyleRequiredBy
onet	DesktopPublishers	1.C.7.a	requiresWorkStyle	workStyleRequiredBy
onet	DesktopPublishers	1.C.7.b	requiresWorkStyle	workStyleRequiredBy
onet	Detectives	1.C.1.a	requiresWorkStyle	workStyleRequiredBy
onet	Detectives	1.C.1.b	requiresWorkStyle	workStyleRequiredBy
onet	Detectives	1.C.1.c	requiresWorkStyle	workStyleRequiredBy
onet	Detectives	1.C.2.b	requiresWorkStyle	workStyleRequiredBy
onet	Detectives	1.C.3.a	requiresWorkStyle	workStyleRequiredBy
onet	Detectives	1.C.3.b	requiresWorkStyle	workStyleRequiredBy
onet	Detectives	1.C.3.c	requiresWorkStyle	workStyleRequiredBy
onet	Detectives	1.C.4.a	requiresWorkStyle	workStyleRequiredBy
onet	Detectives	1.C.4.b	requiresWorkStyle	workStyleRequiredBy
onet	Detectives	1.C.4.c	requiresWorkStyle	workStyleRequiredBy
onet	Detectives	1.C.5.a	requiresWorkStyle	workStyleRequiredBy
onet	Detectives	1.C.5.b	requiresWorkStyle	workStyleRequiredBy
onet	Detectives	1.C.5.c	requiresWorkStyle	workStyleRequiredBy
onet	Detectives	1.C.6	requiresWorkStyle	workStyleRequiredBy
onet	Detectives	1.C.7.a	requiresWorkStyle	workStyleRequiredBy
onet	Detectives	1.C.7.b	requiresWorkStyle	workStyleRequiredBy
onet	DevelopmentManagers	1.C.1.a	requiresWorkStyle	workStyleRequiredBy
onet	DevelopmentManagers	1.C.1.b	requiresWorkStyle	workStyleRequiredBy
onet	DevelopmentManagers	1.C.1.c	requiresWorkStyle	workStyleRequiredBy
onet	DevelopmentManagers	1.C.2.b	requiresWorkStyle	workStyleRequiredBy
onet	DevelopmentManagers	1.C.3.a	requiresWorkStyle	workStyleRequiredBy
onet	DevelopmentManagers	1.C.3.b	requiresWorkStyle	workStyleRequiredBy
onet	DevelopmentManagers	1.C.3.c	requiresWorkStyle	workStyleRequiredBy
onet	DevelopmentManagers	1.C.4.a	requiresWorkStyle	workStyleRequiredBy
onet	DevelopmentManagers	1.C.4.b	requiresWorkStyle	workStyleRequiredBy
onet	DevelopmentManagers	1.C.4.c	requiresWorkStyle	workStyleRequiredBy
onet	DevelopmentManagers	1.C.5.a	requiresWorkStyle	workStyleRequiredBy
onet	DevelopmentManagers	1.C.5.b	requiresWorkStyle	workStyleRequiredBy
onet	DevelopmentManagers	1.C.5.c	requiresWorkStyle	workStyleRequiredBy
onet	DevelopmentManagers	1.C.6	requiresWorkStyle	workStyleRequiredBy
onet	DevelopmentManagers	1.C.7.a	requiresWorkStyle	workStyleRequiredBy
onet	DevelopmentManagers	1.C.7.b	requiresWorkStyle	workStyleRequiredBy
onet	DevelopmentSpecialists	1.C.1.a	requiresWorkStyle	workStyleRequiredBy
onet	DevelopmentSpecialists	1.C.1.b	requiresWorkStyle	workStyleRequiredBy
onet	DevelopmentSpecialists	1.C.1.c	requiresWorkStyle	workStyleRequiredBy
onet	DevelopmentSpecialists	1.C.2.b	requiresWorkStyle	workStyleRequiredBy
onet	DevelopmentSpecialists	1.C.3.a	requiresWorkStyle	workStyleRequiredBy
onet	DevelopmentSpecialists	1.C.3.b	requiresWorkStyle	workStyleRequiredBy
onet	DevelopmentSpecialists	1.C.3.c	requiresWorkStyle	workStyleRequiredBy
onet	DevelopmentSpecialists	1.C.4.a	requiresWorkStyle	workStyleRequiredBy
onet	DevelopmentSpecialists	1.C.4.b	requiresWorkStyle	workStyleRequiredBy
onet	DevelopmentSpecialists	1.C.4.c	requiresWorkStyle	workStyleRequiredBy
onet	DevelopmentSpecialists	1.C.5.a	requiresWorkStyle	workStyleRequiredBy
onet	DevelopmentSpecialists	1.C.5.b	requiresWorkStyle	workStyleRequiredBy
onet	DevelopmentSpecialists	1.C.5.c	requiresWorkStyle	workStyleRequiredBy
onet	DevelopmentSpecialists	1.C.6	requiresWorkStyle	workStyleRequiredBy
onet	DevelopmentSpecialists	1.C.7.a	requiresWorkStyle	workStyleRequiredBy
onet	DevelopmentSpecialists	1.C.7.b	requiresWorkStyle	workStyleRequiredBy
onet	DiagnosticMedicalSonographers	1.C.1.a	requiresWorkStyle	workStyleRequiredBy
onet	DiagnosticMedicalSonographers	1.C.1.b	requiresWorkStyle	workStyleRequiredBy
onet	DiagnosticMedicalSonographers	1.C.1.c	requiresWorkStyle	workStyleRequiredBy
onet	DiagnosticMedicalSonographers	1.C.2.b	requiresWorkStyle	workStyleRequiredBy
onet	DiagnosticMedicalSonographers	1.C.3.a	requiresWorkStyle	workStyleRequiredBy
onet	DiagnosticMedicalSonographers	1.C.3.b	requiresWorkStyle	workStyleRequiredBy
onet	DiagnosticMedicalSonographers	1.C.3.c	requiresWorkStyle	workStyleRequiredBy
onet	DiagnosticMedicalSonographers	1.C.4.a	requiresWorkStyle	workStyleRequiredBy
onet	DiagnosticMedicalSonographers	1.C.4.b	requiresWorkStyle	workStyleRequiredBy
onet	DiagnosticMedicalSonographers	1.C.4.c	requiresWorkStyle	workStyleRequiredBy
onet	DiagnosticMedicalSonographers	1.C.5.a	requiresWorkStyle	workStyleRequiredBy
onet	DiagnosticMedicalSonographers	1.C.5.b	requiresWorkStyle	workStyleRequiredBy
onet	DiagnosticMedicalSonographers	1.C.5.c	requiresWorkStyle	workStyleRequiredBy
onet	DiagnosticMedicalSonographers	1.C.6	requiresWorkStyle	workStyleRequiredBy
onet	DiagnosticMedicalSonographers	1.C.7.a	requiresWorkStyle	workStyleRequiredBy
onet	DiagnosticMedicalSonographers	1.C.7.b	requiresWorkStyle	workStyleRequiredBy
onet	DiamondWorkers	1.C.1.a	requiresWorkStyle	workStyleRequiredBy
onet	DiamondWorkers	1.C.1.b	requiresWorkStyle	workStyleRequiredBy
onet	DiamondWorkers	1.C.1.c	requiresWorkStyle	workStyleRequiredBy
onet	DiamondWorkers	1.C.2.b	requiresWorkStyle	workStyleRequiredBy
onet	DiamondWorkers	1.C.3.a	requiresWorkStyle	workStyleRequiredBy
onet	DiamondWorkers	1.C.3.b	requiresWorkStyle	workStyleRequiredBy
onet	DiamondWorkers	1.C.3.c	requiresWorkStyle	workStyleRequiredBy
onet	DiamondWorkers	1.C.4.a	requiresWorkStyle	workStyleRequiredBy
onet	DiamondWorkers	1.C.4.b	requiresWorkStyle	workStyleRequiredBy
onet	DiamondWorkers	1.C.4.c	requiresWorkStyle	workStyleRequiredBy
onet	DiamondWorkers	1.C.5.a	requiresWorkStyle	workStyleRequiredBy
onet	DiamondWorkers	1.C.5.b	requiresWorkStyle	workStyleRequiredBy
onet	DiamondWorkers	1.C.5.c	requiresWorkStyle	workStyleRequiredBy
onet	DiamondWorkers	1.C.6	requiresWorkStyle	workStyleRequiredBy
onet	DiamondWorkers	1.C.7.a	requiresWorkStyle	workStyleRequiredBy
onet	DiamondWorkers	1.C.7.b	requiresWorkStyle	workStyleRequiredBy
onet	DieMakers	1.C.1.a	requiresWorkStyle	workStyleRequiredBy
onet	DieMakers	1.C.1.b	requiresWorkStyle	workStyleRequiredBy
onet	DieMakers	1.C.1.c	requiresWorkStyle	workStyleRequiredBy
onet	DieMakers	1.C.2.b	requiresWorkStyle	workStyleRequiredBy
onet	DieMakers	1.C.3.a	requiresWorkStyle	workStyleRequiredBy
onet	DieMakers	1.C.3.b	requiresWorkStyle	workStyleRequiredBy
onet	DieMakers	1.C.3.c	requiresWorkStyle	workStyleRequiredBy
onet	DieMakers	1.C.4.a	requiresWorkStyle	workStyleRequiredBy
onet	DieMakers	1.C.4.b	requiresWorkStyle	workStyleRequiredBy
onet	DieMakers	1.C.4.c	requiresWorkStyle	workStyleRequiredBy
onet	DieMakers	1.C.5.a	requiresWorkStyle	workStyleRequiredBy
onet	DieMakers	1.C.5.b	requiresWorkStyle	workStyleRequiredBy
onet	DieMakers	1.C.5.c	requiresWorkStyle	workStyleRequiredBy
onet	DieMakers	1.C.6	requiresWorkStyle	workStyleRequiredBy
onet	DieMakers	1.C.7.a	requiresWorkStyle	workStyleRequiredBy
onet	DieMakers	1.C.7.b	requiresWorkStyle	workStyleRequiredBy
onet	DieselEngineSpecialists	1.C.1.a	requiresWorkStyle	workStyleRequiredBy
onet	DieselEngineSpecialists	1.C.1.b	requiresWorkStyle	workStyleRequiredBy
onet	DieselEngineSpecialists	1.C.1.c	requiresWorkStyle	workStyleRequiredBy
onet	DieselEngineSpecialists	1.C.2.b	requiresWorkStyle	workStyleRequiredBy
onet	DieselEngineSpecialists	1.C.3.a	requiresWorkStyle	workStyleRequiredBy
onet	DieselEngineSpecialists	1.C.3.b	requiresWorkStyle	workStyleRequiredBy
onet	DieselEngineSpecialists	1.C.3.c	requiresWorkStyle	workStyleRequiredBy
onet	DieselEngineSpecialists	1.C.4.a	requiresWorkStyle	workStyleRequiredBy
onet	DieselEngineSpecialists	1.C.4.b	requiresWorkStyle	workStyleRequiredBy
onet	DieselEngineSpecialists	1.C.4.c	requiresWorkStyle	workStyleRequiredBy
onet	DieselEngineSpecialists	1.C.5.a	requiresWorkStyle	workStyleRequiredBy
onet	DieselEngineSpecialists	1.C.5.b	requiresWorkStyle	workStyleRequiredBy
onet	DieselEngineSpecialists	1.C.5.c	requiresWorkStyle	workStyleRequiredBy
onet	DieselEngineSpecialists	1.C.6	requiresWorkStyle	workStyleRequiredBy
onet	DieselEngineSpecialists	1.C.7.a	requiresWorkStyle	workStyleRequiredBy
onet	DieselEngineSpecialists	1.C.7.b	requiresWorkStyle	workStyleRequiredBy
onet	DieteticTechnicians	1.C.1.a	requiresWorkStyle	workStyleRequiredBy
onet	DieteticTechnicians	1.C.1.b	requiresWorkStyle	workStyleRequiredBy
onet	DieteticTechnicians	1.C.1.c	requiresWorkStyle	workStyleRequiredBy
onet	DieteticTechnicians	1.C.2.b	requiresWorkStyle	workStyleRequiredBy
onet	DieteticTechnicians	1.C.3.a	requiresWorkStyle	workStyleRequiredBy
onet	DieteticTechnicians	1.C.3.b	requiresWorkStyle	workStyleRequiredBy
onet	DieteticTechnicians	1.C.3.c	requiresWorkStyle	workStyleRequiredBy
onet	DieteticTechnicians	1.C.4.a	requiresWorkStyle	workStyleRequiredBy
onet	DieteticTechnicians	1.C.4.b	requiresWorkStyle	workStyleRequiredBy
onet	DieteticTechnicians	1.C.4.c	requiresWorkStyle	workStyleRequiredBy
onet	DieteticTechnicians	1.C.5.a	requiresWorkStyle	workStyleRequiredBy
onet	DieteticTechnicians	1.C.5.b	requiresWorkStyle	workStyleRequiredBy
onet	DieteticTechnicians	1.C.5.c	requiresWorkStyle	workStyleRequiredBy
onet	DieteticTechnicians	1.C.6	requiresWorkStyle	workStyleRequiredBy
onet	DieteticTechnicians	1.C.7.a	requiresWorkStyle	workStyleRequiredBy
onet	DieteticTechnicians	1.C.7.b	requiresWorkStyle	workStyleRequiredBy
onet	Directors	1.C.1.a	requiresWorkStyle	workStyleRequiredBy
onet	Directors	1.C.1.b	requiresWorkStyle	workStyleRequiredBy
onet	Directors	1.C.1.c	requiresWorkStyle	workStyleRequiredBy
onet	Directors	1.C.2.b	requiresWorkStyle	workStyleRequiredBy
onet	Directors	1.C.3.a	requiresWorkStyle	workStyleRequiredBy
onet	Directors	1.C.3.b	requiresWorkStyle	workStyleRequiredBy
onet	Directors	1.C.3.c	requiresWorkStyle	workStyleRequiredBy
onet	Directors	1.C.4.a	requiresWorkStyle	workStyleRequiredBy
onet	Directors	1.C.4.b	requiresWorkStyle	workStyleRequiredBy
onet	Directors	1.C.4.c	requiresWorkStyle	workStyleRequiredBy
onet	Directors	1.C.5.a	requiresWorkStyle	workStyleRequiredBy
onet	Directors	1.C.5.b	requiresWorkStyle	workStyleRequiredBy
onet	Directors	1.C.5.c	requiresWorkStyle	workStyleRequiredBy
onet	Directors	1.C.6	requiresWorkStyle	workStyleRequiredBy
onet	Directors	1.C.7.a	requiresWorkStyle	workStyleRequiredBy
onet	Directors	1.C.7.b	requiresWorkStyle	workStyleRequiredBy
onet	Dishwashers	1.C.1.a	requiresWorkStyle	workStyleRequiredBy
onet	Dishwashers	1.C.1.b	requiresWorkStyle	workStyleRequiredBy
onet	Dishwashers	1.C.1.c	requiresWorkStyle	workStyleRequiredBy
onet	Dishwashers	1.C.2.b	requiresWorkStyle	workStyleRequiredBy
onet	Dishwashers	1.C.3.a	requiresWorkStyle	workStyleRequiredBy
onet	Dishwashers	1.C.3.b	requiresWorkStyle	workStyleRequiredBy
onet	Dishwashers	1.C.3.c	requiresWorkStyle	workStyleRequiredBy
onet	Dishwashers	1.C.4.a	requiresWorkStyle	workStyleRequiredBy
onet	Dishwashers	1.C.4.b	requiresWorkStyle	workStyleRequiredBy
onet	Dishwashers	1.C.4.c	requiresWorkStyle	workStyleRequiredBy
onet	Dishwashers	1.C.5.a	requiresWorkStyle	workStyleRequiredBy
onet	Dishwashers	1.C.5.b	requiresWorkStyle	workStyleRequiredBy
onet	Dishwashers	1.C.5.c	requiresWorkStyle	workStyleRequiredBy
onet	Dishwashers	1.C.6	requiresWorkStyle	workStyleRequiredBy
onet	Dishwashers	1.C.7.a	requiresWorkStyle	workStyleRequiredBy
onet	Dishwashers	1.C.7.b	requiresWorkStyle	workStyleRequiredBy
onet	Dispatchers	1.C.1.a	requiresWorkStyle	workStyleRequiredBy
onet	Dispatchers	1.C.1.b	requiresWorkStyle	workStyleRequiredBy
onet	Dispatchers	1.C.1.c	requiresWorkStyle	workStyleRequiredBy
onet	Dispatchers	1.C.2.b	requiresWorkStyle	workStyleRequiredBy
onet	Dispatchers	1.C.3.a	requiresWorkStyle	workStyleRequiredBy
onet	Dispatchers	1.C.3.b	requiresWorkStyle	workStyleRequiredBy
onet	Dispatchers	1.C.3.c	requiresWorkStyle	workStyleRequiredBy
onet	Dispatchers	1.C.4.a	requiresWorkStyle	workStyleRequiredBy
onet	Dispatchers	1.C.4.b	requiresWorkStyle	workStyleRequiredBy
onet	Dispatchers	1.C.4.c	requiresWorkStyle	workStyleRequiredBy
onet	Dispatchers	1.C.5.a	requiresWorkStyle	workStyleRequiredBy
onet	Dispatchers	1.C.5.b	requiresWorkStyle	workStyleRequiredBy
onet	Dispatchers	1.C.5.c	requiresWorkStyle	workStyleRequiredBy
onet	Dispatchers	1.C.6	requiresWorkStyle	workStyleRequiredBy
onet	Dispatchers	1.C.7.a	requiresWorkStyle	workStyleRequiredBy
onet	Dispatchers	1.C.7.b	requiresWorkStyle	workStyleRequiredBy
onet	DistributionManagers	1.C.1.a	requiresWorkStyle	workStyleRequiredBy
onet	DistributionManagers	1.C.1.b	requiresWorkStyle	workStyleRequiredBy
onet	DistributionManagers	1.C.1.c	requiresWorkStyle	workStyleRequiredBy
onet	DistributionManagers	1.C.2.b	requiresWorkStyle	workStyleRequiredBy
onet	DistributionManagers	1.C.3.a	requiresWorkStyle	workStyleRequiredBy
onet	DistributionManagers	1.C.3.b	requiresWorkStyle	workStyleRequiredBy
onet	DistributionManagers	1.C.3.c	requiresWorkStyle	workStyleRequiredBy
onet	DistributionManagers	1.C.4.a	requiresWorkStyle	workStyleRequiredBy
onet	DistributionManagers	1.C.4.b	requiresWorkStyle	workStyleRequiredBy
onet	DistributionManagers	1.C.4.c	requiresWorkStyle	workStyleRequiredBy
onet	DistributionManagers	1.C.5.a	requiresWorkStyle	workStyleRequiredBy
onet	DistributionManagers	1.C.5.b	requiresWorkStyle	workStyleRequiredBy
onet	DistributionManagers	1.C.5.c	requiresWorkStyle	workStyleRequiredBy
onet	DistributionManagers	1.C.6	requiresWorkStyle	workStyleRequiredBy
onet	DistributionManagers	1.C.7.a	requiresWorkStyle	workStyleRequiredBy
onet	DistributionManagers	1.C.7.b	requiresWorkStyle	workStyleRequiredBy
onet	DocumentManagementSpecialists	1.C.1.a	requiresWorkStyle	workStyleRequiredBy
onet	DocumentManagementSpecialists	1.C.1.b	requiresWorkStyle	workStyleRequiredBy
onet	DocumentManagementSpecialists	1.C.1.c	requiresWorkStyle	workStyleRequiredBy
onet	DocumentManagementSpecialists	1.C.2.b	requiresWorkStyle	workStyleRequiredBy
onet	DocumentManagementSpecialists	1.C.3.a	requiresWorkStyle	workStyleRequiredBy
onet	DocumentManagementSpecialists	1.C.3.b	requiresWorkStyle	workStyleRequiredBy
onet	DocumentManagementSpecialists	1.C.3.c	requiresWorkStyle	workStyleRequiredBy
onet	DocumentManagementSpecialists	1.C.4.a	requiresWorkStyle	workStyleRequiredBy
onet	DocumentManagementSpecialists	1.C.4.b	requiresWorkStyle	workStyleRequiredBy
onet	DocumentManagementSpecialists	1.C.4.c	requiresWorkStyle	workStyleRequiredBy
onet	DocumentManagementSpecialists	1.C.5.a	requiresWorkStyle	workStyleRequiredBy
onet	DocumentManagementSpecialists	1.C.5.b	requiresWorkStyle	workStyleRequiredBy
onet	DocumentManagementSpecialists	1.C.5.c	requiresWorkStyle	workStyleRequiredBy
onet	DocumentManagementSpecialists	1.C.6	requiresWorkStyle	workStyleRequiredBy
onet	DocumentManagementSpecialists	1.C.7.a	requiresWorkStyle	workStyleRequiredBy
onet	DocumentManagementSpecialists	1.C.7.b	requiresWorkStyle	workStyleRequiredBy
onet	DraglineOperatorsSurfaceMining	1.C.1.a	requiresWorkStyle	workStyleRequiredBy
onet	DraglineOperatorsSurfaceMining	1.C.1.b	requiresWorkStyle	workStyleRequiredBy
onet	DraglineOperatorsSurfaceMining	1.C.1.c	requiresWorkStyle	workStyleRequiredBy
onet	DraglineOperatorsSurfaceMining	1.C.2.b	requiresWorkStyle	workStyleRequiredBy
onet	DraglineOperatorsSurfaceMining	1.C.3.a	requiresWorkStyle	workStyleRequiredBy
onet	DraglineOperatorsSurfaceMining	1.C.3.b	requiresWorkStyle	workStyleRequiredBy
onet	DraglineOperatorsSurfaceMining	1.C.3.c	requiresWorkStyle	workStyleRequiredBy
onet	DraglineOperatorsSurfaceMining	1.C.4.a	requiresWorkStyle	workStyleRequiredBy
onet	DraglineOperatorsSurfaceMining	1.C.4.b	requiresWorkStyle	workStyleRequiredBy
onet	DraglineOperatorsSurfaceMining	1.C.4.c	requiresWorkStyle	workStyleRequiredBy
onet	DraglineOperatorsSurfaceMining	1.C.5.a	requiresWorkStyle	workStyleRequiredBy
onet	DraglineOperatorsSurfaceMining	1.C.5.b	requiresWorkStyle	workStyleRequiredBy
onet	DraglineOperatorsSurfaceMining	1.C.5.c	requiresWorkStyle	workStyleRequiredBy
onet	DraglineOperatorsSurfaceMining	1.C.6	requiresWorkStyle	workStyleRequiredBy
onet	DraglineOperatorsSurfaceMining	1.C.7.a	requiresWorkStyle	workStyleRequiredBy
onet	DraglineOperatorsSurfaceMining	1.C.7.b	requiresWorkStyle	workStyleRequiredBy
onet	DredgeOperators	1.C.1.a	requiresWorkStyle	workStyleRequiredBy
onet	DredgeOperators	1.C.1.b	requiresWorkStyle	workStyleRequiredBy
onet	DredgeOperators	1.C.1.c	requiresWorkStyle	workStyleRequiredBy
onet	DredgeOperators	1.C.2.b	requiresWorkStyle	workStyleRequiredBy
onet	DredgeOperators	1.C.3.a	requiresWorkStyle	workStyleRequiredBy
onet	DredgeOperators	1.C.3.b	requiresWorkStyle	workStyleRequiredBy
onet	DredgeOperators	1.C.3.c	requiresWorkStyle	workStyleRequiredBy
onet	DredgeOperators	1.C.4.a	requiresWorkStyle	workStyleRequiredBy
onet	DredgeOperators	1.C.4.b	requiresWorkStyle	workStyleRequiredBy
onet	DredgeOperators	1.C.4.c	requiresWorkStyle	workStyleRequiredBy
onet	DredgeOperators	1.C.5.a	requiresWorkStyle	workStyleRequiredBy
onet	DredgeOperators	1.C.5.b	requiresWorkStyle	workStyleRequiredBy
onet	DredgeOperators	1.C.5.c	requiresWorkStyle	workStyleRequiredBy
onet	DredgeOperators	1.C.6	requiresWorkStyle	workStyleRequiredBy
onet	DredgeOperators	1.C.7.a	requiresWorkStyle	workStyleRequiredBy
onet	DredgeOperators	1.C.7.b	requiresWorkStyle	workStyleRequiredBy
onet	DressingRoomAttendants	1.C.1.a	requiresWorkStyle	workStyleRequiredBy
onet	DressingRoomAttendants	1.C.1.b	requiresWorkStyle	workStyleRequiredBy
onet	DressingRoomAttendants	1.C.1.c	requiresWorkStyle	workStyleRequiredBy
onet	DressingRoomAttendants	1.C.2.b	requiresWorkStyle	workStyleRequiredBy
onet	DressingRoomAttendants	1.C.3.a	requiresWorkStyle	workStyleRequiredBy
onet	DressingRoomAttendants	1.C.3.b	requiresWorkStyle	workStyleRequiredBy
onet	DressingRoomAttendants	1.C.3.c	requiresWorkStyle	workStyleRequiredBy
onet	DressingRoomAttendants	1.C.4.a	requiresWorkStyle	workStyleRequiredBy
onet	DressingRoomAttendants	1.C.4.b	requiresWorkStyle	workStyleRequiredBy
onet	DressingRoomAttendants	1.C.4.c	requiresWorkStyle	workStyleRequiredBy
onet	DressingRoomAttendants	1.C.5.a	requiresWorkStyle	workStyleRequiredBy
onet	DressingRoomAttendants	1.C.5.b	requiresWorkStyle	workStyleRequiredBy
onet	DressingRoomAttendants	1.C.5.c	requiresWorkStyle	workStyleRequiredBy
onet	DressingRoomAttendants	1.C.6	requiresWorkStyle	workStyleRequiredBy
onet	DressingRoomAttendants	1.C.7.a	requiresWorkStyle	workStyleRequiredBy
onet	DressingRoomAttendants	1.C.7.b	requiresWorkStyle	workStyleRequiredBy
onet	DriverSalesWorkers	1.C.1.a	requiresWorkStyle	workStyleRequiredBy
onet	DriverSalesWorkers	1.C.1.b	requiresWorkStyle	workStyleRequiredBy
onet	DriverSalesWorkers	1.C.1.c	requiresWorkStyle	workStyleRequiredBy
onet	DriverSalesWorkers	1.C.2.b	requiresWorkStyle	workStyleRequiredBy
onet	DriverSalesWorkers	1.C.3.a	requiresWorkStyle	workStyleRequiredBy
onet	DriverSalesWorkers	1.C.3.b	requiresWorkStyle	workStyleRequiredBy
onet	DriverSalesWorkers	1.C.3.c	requiresWorkStyle	workStyleRequiredBy
onet	DriverSalesWorkers	1.C.4.a	requiresWorkStyle	workStyleRequiredBy
onet	DriverSalesWorkers	1.C.4.b	requiresWorkStyle	workStyleRequiredBy
onet	DriverSalesWorkers	1.C.4.c	requiresWorkStyle	workStyleRequiredBy
onet	DriverSalesWorkers	1.C.5.a	requiresWorkStyle	workStyleRequiredBy
onet	DriverSalesWorkers	1.C.5.b	requiresWorkStyle	workStyleRequiredBy
onet	DriverSalesWorkers	1.C.5.c	requiresWorkStyle	workStyleRequiredBy
onet	DriverSalesWorkers	1.C.6	requiresWorkStyle	workStyleRequiredBy
onet	DriverSalesWorkers	1.C.7.a	requiresWorkStyle	workStyleRequiredBy
onet	DriverSalesWorkers	1.C.7.b	requiresWorkStyle	workStyleRequiredBy
onet	DryCleaningWorkers	1.C.1.a	requiresWorkStyle	workStyleRequiredBy
onet	DryCleaningWorkers	1.C.1.b	requiresWorkStyle	workStyleRequiredBy
onet	DryCleaningWorkers	1.C.1.c	requiresWorkStyle	workStyleRequiredBy
onet	DryCleaningWorkers	1.C.2.b	requiresWorkStyle	workStyleRequiredBy
onet	DryCleaningWorkers	1.C.3.a	requiresWorkStyle	workStyleRequiredBy
onet	DryCleaningWorkers	1.C.3.b	requiresWorkStyle	workStyleRequiredBy
onet	DryCleaningWorkers	1.C.3.c	requiresWorkStyle	workStyleRequiredBy
onet	DryCleaningWorkers	1.C.4.a	requiresWorkStyle	workStyleRequiredBy
onet	DryCleaningWorkers	1.C.4.b	requiresWorkStyle	workStyleRequiredBy
onet	DryCleaningWorkers	1.C.4.c	requiresWorkStyle	workStyleRequiredBy
onet	DryCleaningWorkers	1.C.5.a	requiresWorkStyle	workStyleRequiredBy
onet	DryCleaningWorkers	1.C.5.b	requiresWorkStyle	workStyleRequiredBy
onet	DryCleaningWorkers	1.C.5.c	requiresWorkStyle	workStyleRequiredBy
onet	DryCleaningWorkers	1.C.6	requiresWorkStyle	workStyleRequiredBy
onet	DryCleaningWorkers	1.C.7.a	requiresWorkStyle	workStyleRequiredBy
onet	DryCleaningWorkers	1.C.7.b	requiresWorkStyle	workStyleRequiredBy
onet	ESLInstructors	1.C.1.a	requiresWorkStyle	workStyleRequiredBy
onet	ESLInstructors	1.C.1.b	requiresWorkStyle	workStyleRequiredBy
onet	ESLInstructors	1.C.1.c	requiresWorkStyle	workStyleRequiredBy
onet	ESLInstructors	1.C.2.b	requiresWorkStyle	workStyleRequiredBy
onet	ESLInstructors	1.C.3.a	requiresWorkStyle	workStyleRequiredBy
onet	ESLInstructors	1.C.3.b	requiresWorkStyle	workStyleRequiredBy
onet	ESLInstructors	1.C.3.c	requiresWorkStyle	workStyleRequiredBy
onet	ESLInstructors	1.C.4.a	requiresWorkStyle	workStyleRequiredBy
onet	ESLInstructors	1.C.4.b	requiresWorkStyle	workStyleRequiredBy
onet	ESLInstructors	1.C.4.c	requiresWorkStyle	workStyleRequiredBy
onet	ESLInstructors	1.C.5.a	requiresWorkStyle	workStyleRequiredBy
onet	ESLInstructors	1.C.5.b	requiresWorkStyle	workStyleRequiredBy
onet	ESLInstructors	1.C.5.c	requiresWorkStyle	workStyleRequiredBy
onet	ESLInstructors	1.C.6	requiresWorkStyle	workStyleRequiredBy
onet	ESLInstructors	1.C.7.a	requiresWorkStyle	workStyleRequiredBy
onet	ESLInstructors	1.C.7.b	requiresWorkStyle	workStyleRequiredBy
onet	EconomicsTeachersPostsecondary	1.C.1.a	requiresWorkStyle	workStyleRequiredBy
onet	EconomicsTeachersPostsecondary	1.C.1.b	requiresWorkStyle	workStyleRequiredBy
onet	EconomicsTeachersPostsecondary	1.C.1.c	requiresWorkStyle	workStyleRequiredBy
onet	EconomicsTeachersPostsecondary	1.C.2.b	requiresWorkStyle	workStyleRequiredBy
onet	EconomicsTeachersPostsecondary	1.C.3.a	requiresWorkStyle	workStyleRequiredBy
onet	EconomicsTeachersPostsecondary	1.C.3.b	requiresWorkStyle	workStyleRequiredBy
onet	EconomicsTeachersPostsecondary	1.C.3.c	requiresWorkStyle	workStyleRequiredBy
onet	EconomicsTeachersPostsecondary	1.C.4.a	requiresWorkStyle	workStyleRequiredBy
onet	EconomicsTeachersPostsecondary	1.C.4.b	requiresWorkStyle	workStyleRequiredBy
onet	EconomicsTeachersPostsecondary	1.C.4.c	requiresWorkStyle	workStyleRequiredBy
onet	EconomicsTeachersPostsecondary	1.C.5.a	requiresWorkStyle	workStyleRequiredBy
onet	EconomicsTeachersPostsecondary	1.C.5.b	requiresWorkStyle	workStyleRequiredBy
onet	EconomicsTeachersPostsecondary	1.C.5.c	requiresWorkStyle	workStyleRequiredBy
onet	EconomicsTeachersPostsecondary	1.C.6	requiresWorkStyle	workStyleRequiredBy
onet	EconomicsTeachersPostsecondary	1.C.7.a	requiresWorkStyle	workStyleRequiredBy
onet	EconomicsTeachersPostsecondary	1.C.7.b	requiresWorkStyle	workStyleRequiredBy
onet	Economists	1.C.1.a	requiresWorkStyle	workStyleRequiredBy
onet	Economists	1.C.1.b	requiresWorkStyle	workStyleRequiredBy
onet	Economists	1.C.1.c	requiresWorkStyle	workStyleRequiredBy
onet	Economists	1.C.2.b	requiresWorkStyle	workStyleRequiredBy
onet	Economists	1.C.3.a	requiresWorkStyle	workStyleRequiredBy
onet	Economists	1.C.3.b	requiresWorkStyle	workStyleRequiredBy
onet	Economists	1.C.3.c	requiresWorkStyle	workStyleRequiredBy
onet	Economists	1.C.4.a	requiresWorkStyle	workStyleRequiredBy
onet	Economists	1.C.4.b	requiresWorkStyle	workStyleRequiredBy
onet	Economists	1.C.4.c	requiresWorkStyle	workStyleRequiredBy
onet	Economists	1.C.5.a	requiresWorkStyle	workStyleRequiredBy
onet	Economists	1.C.5.b	requiresWorkStyle	workStyleRequiredBy
onet	Economists	1.C.5.c	requiresWorkStyle	workStyleRequiredBy
onet	Economists	1.C.6	requiresWorkStyle	workStyleRequiredBy
onet	Economists	1.C.7.a	requiresWorkStyle	workStyleRequiredBy
onet	Economists	1.C.7.b	requiresWorkStyle	workStyleRequiredBy
onet	Editors	1.C.1.a	requiresWorkStyle	workStyleRequiredBy
onet	Editors	1.C.1.b	requiresWorkStyle	workStyleRequiredBy
onet	Editors	1.C.1.c	requiresWorkStyle	workStyleRequiredBy
onet	Editors	1.C.2.b	requiresWorkStyle	workStyleRequiredBy
onet	Editors	1.C.3.a	requiresWorkStyle	workStyleRequiredBy
onet	Editors	1.C.3.b	requiresWorkStyle	workStyleRequiredBy
onet	Editors	1.C.3.c	requiresWorkStyle	workStyleRequiredBy
onet	Editors	1.C.4.a	requiresWorkStyle	workStyleRequiredBy
onet	Editors	1.C.4.b	requiresWorkStyle	workStyleRequiredBy
onet	Editors	1.C.4.c	requiresWorkStyle	workStyleRequiredBy
onet	Editors	1.C.5.a	requiresWorkStyle	workStyleRequiredBy
onet	Editors	1.C.5.b	requiresWorkStyle	workStyleRequiredBy
onet	Editors	1.C.5.c	requiresWorkStyle	workStyleRequiredBy
onet	Editors	1.C.6	requiresWorkStyle	workStyleRequiredBy
onet	Editors	1.C.7.a	requiresWorkStyle	workStyleRequiredBy
onet	Editors	1.C.7.b	requiresWorkStyle	workStyleRequiredBy
onet	Education	1.C.1.a	requiresWorkStyle	workStyleRequiredBy
onet	Education	1.C.1.b	requiresWorkStyle	workStyleRequiredBy
onet	Education	1.C.1.c	requiresWorkStyle	workStyleRequiredBy
onet	Education	1.C.2.b	requiresWorkStyle	workStyleRequiredBy
onet	Education	1.C.3.a	requiresWorkStyle	workStyleRequiredBy
onet	Education	1.C.3.b	requiresWorkStyle	workStyleRequiredBy
onet	Education	1.C.3.c	requiresWorkStyle	workStyleRequiredBy
onet	Education	1.C.4.a	requiresWorkStyle	workStyleRequiredBy
onet	Education	1.C.4.b	requiresWorkStyle	workStyleRequiredBy
onet	Education	1.C.4.c	requiresWorkStyle	workStyleRequiredBy
onet	Education	1.C.5.a	requiresWorkStyle	workStyleRequiredBy
onet	Education	1.C.5.b	requiresWorkStyle	workStyleRequiredBy
onet	Education	1.C.5.c	requiresWorkStyle	workStyleRequiredBy
onet	Education	1.C.6	requiresWorkStyle	workStyleRequiredBy
onet	Education	1.C.7.a	requiresWorkStyle	workStyleRequiredBy
onet	Education	1.C.7.b	requiresWorkStyle	workStyleRequiredBy
onet	EducationAdministratorsKindergartenThroughSecondary	1.C.1.a	requiresWorkStyle	workStyleRequiredBy
onet	EducationAdministratorsKindergartenThroughSecondary	1.C.1.b	requiresWorkStyle	workStyleRequiredBy
onet	EducationAdministratorsKindergartenThroughSecondary	1.C.1.c	requiresWorkStyle	workStyleRequiredBy
onet	EducationAdministratorsKindergartenThroughSecondary	1.C.2.b	requiresWorkStyle	workStyleRequiredBy
onet	EducationAdministratorsKindergartenThroughSecondary	1.C.3.a	requiresWorkStyle	workStyleRequiredBy
onet	EducationAdministratorsKindergartenThroughSecondary	1.C.3.b	requiresWorkStyle	workStyleRequiredBy
onet	EducationAdministratorsKindergartenThroughSecondary	1.C.3.c	requiresWorkStyle	workStyleRequiredBy
onet	EducationAdministratorsKindergartenThroughSecondary	1.C.4.a	requiresWorkStyle	workStyleRequiredBy
onet	EducationAdministratorsKindergartenThroughSecondary	1.C.4.b	requiresWorkStyle	workStyleRequiredBy
onet	EducationAdministratorsKindergartenThroughSecondary	1.C.4.c	requiresWorkStyle	workStyleRequiredBy
onet	EducationAdministratorsKindergartenThroughSecondary	1.C.5.a	requiresWorkStyle	workStyleRequiredBy
onet	EducationAdministratorsKindergartenThroughSecondary	1.C.5.b	requiresWorkStyle	workStyleRequiredBy
onet	EducationAdministratorsKindergartenThroughSecondary	1.C.5.c	requiresWorkStyle	workStyleRequiredBy
onet	EducationAdministratorsKindergartenThroughSecondary	1.C.6	requiresWorkStyle	workStyleRequiredBy
onet	EducationAdministratorsKindergartenThroughSecondary	1.C.7.a	requiresWorkStyle	workStyleRequiredBy
onet	EducationAdministratorsKindergartenThroughSecondary	1.C.7.b	requiresWorkStyle	workStyleRequiredBy
onet	EducationAdministratorsPostsecondary	1.C.1.a	requiresWorkStyle	workStyleRequiredBy
onet	EducationAdministratorsPostsecondary	1.C.1.b	requiresWorkStyle	workStyleRequiredBy
onet	EducationAdministratorsPostsecondary	1.C.1.c	requiresWorkStyle	workStyleRequiredBy
onet	EducationAdministratorsPostsecondary	1.C.2.b	requiresWorkStyle	workStyleRequiredBy
onet	EducationAdministratorsPostsecondary	1.C.3.a	requiresWorkStyle	workStyleRequiredBy
onet	EducationAdministratorsPostsecondary	1.C.3.b	requiresWorkStyle	workStyleRequiredBy
onet	EducationAdministratorsPostsecondary	1.C.3.c	requiresWorkStyle	workStyleRequiredBy
onet	EducationAdministratorsPostsecondary	1.C.4.a	requiresWorkStyle	workStyleRequiredBy
onet	EducationAdministratorsPostsecondary	1.C.4.b	requiresWorkStyle	workStyleRequiredBy
onet	EducationAdministratorsPostsecondary	1.C.4.c	requiresWorkStyle	workStyleRequiredBy
onet	EducationAdministratorsPostsecondary	1.C.5.a	requiresWorkStyle	workStyleRequiredBy
onet	EducationAdministratorsPostsecondary	1.C.5.b	requiresWorkStyle	workStyleRequiredBy
onet	EducationAdministratorsPostsecondary	1.C.5.c	requiresWorkStyle	workStyleRequiredBy
onet	EducationAdministratorsPostsecondary	1.C.6	requiresWorkStyle	workStyleRequiredBy
onet	EducationAdministratorsPostsecondary	1.C.7.a	requiresWorkStyle	workStyleRequiredBy
onet	EducationAdministratorsPostsecondary	1.C.7.b	requiresWorkStyle	workStyleRequiredBy
onet	EducationTeachersPostsecondary	1.C.1.a	requiresWorkStyle	workStyleRequiredBy
onet	EducationTeachersPostsecondary	1.C.1.b	requiresWorkStyle	workStyleRequiredBy
onet	EducationTeachersPostsecondary	1.C.1.c	requiresWorkStyle	workStyleRequiredBy
onet	EducationTeachersPostsecondary	1.C.2.b	requiresWorkStyle	workStyleRequiredBy
onet	EducationTeachersPostsecondary	1.C.3.a	requiresWorkStyle	workStyleRequiredBy
onet	EducationTeachersPostsecondary	1.C.3.b	requiresWorkStyle	workStyleRequiredBy
onet	EducationTeachersPostsecondary	1.C.3.c	requiresWorkStyle	workStyleRequiredBy
onet	EducationTeachersPostsecondary	1.C.4.a	requiresWorkStyle	workStyleRequiredBy
onet	EducationTeachersPostsecondary	1.C.4.b	requiresWorkStyle	workStyleRequiredBy
onet	EducationTeachersPostsecondary	1.C.4.c	requiresWorkStyle	workStyleRequiredBy
onet	EducationTeachersPostsecondary	1.C.5.a	requiresWorkStyle	workStyleRequiredBy
onet	EducationTeachersPostsecondary	1.C.5.b	requiresWorkStyle	workStyleRequiredBy
onet	EducationTeachersPostsecondary	1.C.5.c	requiresWorkStyle	workStyleRequiredBy
onet	EducationTeachersPostsecondary	1.C.6	requiresWorkStyle	workStyleRequiredBy
onet	EducationTeachersPostsecondary	1.C.7.a	requiresWorkStyle	workStyleRequiredBy
onet	EducationTeachersPostsecondary	1.C.7.b	requiresWorkStyle	workStyleRequiredBy
onet	ElectricalEngineers	1.C.1.a	requiresWorkStyle	workStyleRequiredBy
onet	ElectricalEngineers	1.C.1.b	requiresWorkStyle	workStyleRequiredBy
onet	ElectricalEngineers	1.C.1.c	requiresWorkStyle	workStyleRequiredBy
onet	ElectricalEngineers	1.C.2.b	requiresWorkStyle	workStyleRequiredBy
onet	ElectricalEngineers	1.C.3.a	requiresWorkStyle	workStyleRequiredBy
onet	ElectricalEngineers	1.C.3.b	requiresWorkStyle	workStyleRequiredBy
onet	ElectricalEngineers	1.C.3.c	requiresWorkStyle	workStyleRequiredBy
onet	ElectricalEngineers	1.C.4.a	requiresWorkStyle	workStyleRequiredBy
onet	ElectricalEngineers	1.C.4.b	requiresWorkStyle	workStyleRequiredBy
onet	ElectricalEngineers	1.C.4.c	requiresWorkStyle	workStyleRequiredBy
onet	ElectricalEngineers	1.C.5.a	requiresWorkStyle	workStyleRequiredBy
onet	ElectricalEngineers	1.C.5.b	requiresWorkStyle	workStyleRequiredBy
onet	ElectricalEngineers	1.C.5.c	requiresWorkStyle	workStyleRequiredBy
onet	ElectricalEngineers	1.C.6	requiresWorkStyle	workStyleRequiredBy
onet	ElectricalEngineers	1.C.7.a	requiresWorkStyle	workStyleRequiredBy
onet	ElectricalEngineers	1.C.7.b	requiresWorkStyle	workStyleRequiredBy
onet	ElectricalRepairers	1.C.1.a	requiresWorkStyle	workStyleRequiredBy
onet	ElectricalRepairers	1.C.1.b	requiresWorkStyle	workStyleRequiredBy
onet	ElectricalRepairers	1.C.1.c	requiresWorkStyle	workStyleRequiredBy
onet	ElectricalRepairers	1.C.2.b	requiresWorkStyle	workStyleRequiredBy
onet	ElectricalRepairers	1.C.3.a	requiresWorkStyle	workStyleRequiredBy
onet	ElectricalRepairers	1.C.3.b	requiresWorkStyle	workStyleRequiredBy
onet	ElectricalRepairers	1.C.3.c	requiresWorkStyle	workStyleRequiredBy
onet	ElectricalRepairers	1.C.4.a	requiresWorkStyle	workStyleRequiredBy
onet	ElectricalRepairers	1.C.4.b	requiresWorkStyle	workStyleRequiredBy
onet	ElectricalRepairers	1.C.4.c	requiresWorkStyle	workStyleRequiredBy
onet	ElectricalRepairers	1.C.5.a	requiresWorkStyle	workStyleRequiredBy
onet	ElectricalRepairers	1.C.5.b	requiresWorkStyle	workStyleRequiredBy
onet	ElectricalRepairers	1.C.5.c	requiresWorkStyle	workStyleRequiredBy
onet	ElectricalRepairers	1.C.6	requiresWorkStyle	workStyleRequiredBy
onet	ElectricalRepairers	1.C.7.a	requiresWorkStyle	workStyleRequiredBy
onet	ElectricalRepairers	1.C.7.b	requiresWorkStyle	workStyleRequiredBy
onet	Electricians	1.C.1.a	requiresWorkStyle	workStyleRequiredBy
onet	Electricians	1.C.1.b	requiresWorkStyle	workStyleRequiredBy
onet	Electricians	1.C.1.c	requiresWorkStyle	workStyleRequiredBy
onet	Electricians	1.C.2.b	requiresWorkStyle	workStyleRequiredBy
onet	Electricians	1.C.3.a	requiresWorkStyle	workStyleRequiredBy
onet	Electricians	1.C.3.b	requiresWorkStyle	workStyleRequiredBy
onet	Electricians	1.C.3.c	requiresWorkStyle	workStyleRequiredBy
onet	Electricians	1.C.4.a	requiresWorkStyle	workStyleRequiredBy
onet	Electricians	1.C.4.b	requiresWorkStyle	workStyleRequiredBy
onet	Electricians	1.C.4.c	requiresWorkStyle	workStyleRequiredBy
onet	Electricians	1.C.5.a	requiresWorkStyle	workStyleRequiredBy
onet	Electricians	1.C.5.b	requiresWorkStyle	workStyleRequiredBy
onet	Electricians	1.C.5.c	requiresWorkStyle	workStyleRequiredBy
onet	Electricians	1.C.6	requiresWorkStyle	workStyleRequiredBy
onet	Electricians	1.C.7.a	requiresWorkStyle	workStyleRequiredBy
onet	Electricians	1.C.7.b	requiresWorkStyle	workStyleRequiredBy
onet	ElectromechanicalEquipmentAssemblers	1.C.1.a	requiresWorkStyle	workStyleRequiredBy
onet	ElectromechanicalEquipmentAssemblers	1.C.1.b	requiresWorkStyle	workStyleRequiredBy
onet	ElectromechanicalEquipmentAssemblers	1.C.1.c	requiresWorkStyle	workStyleRequiredBy
onet	ElectromechanicalEquipmentAssemblers	1.C.2.b	requiresWorkStyle	workStyleRequiredBy
onet	ElectromechanicalEquipmentAssemblers	1.C.3.a	requiresWorkStyle	workStyleRequiredBy
onet	ElectromechanicalEquipmentAssemblers	1.C.3.b	requiresWorkStyle	workStyleRequiredBy
onet	ElectromechanicalEquipmentAssemblers	1.C.3.c	requiresWorkStyle	workStyleRequiredBy
onet	ElectromechanicalEquipmentAssemblers	1.C.4.a	requiresWorkStyle	workStyleRequiredBy
onet	ElectromechanicalEquipmentAssemblers	1.C.4.b	requiresWorkStyle	workStyleRequiredBy
onet	ElectromechanicalEquipmentAssemblers	1.C.4.c	requiresWorkStyle	workStyleRequiredBy
onet	ElectromechanicalEquipmentAssemblers	1.C.5.a	requiresWorkStyle	workStyleRequiredBy
onet	ElectromechanicalEquipmentAssemblers	1.C.5.b	requiresWorkStyle	workStyleRequiredBy
onet	ElectromechanicalEquipmentAssemblers	1.C.5.c	requiresWorkStyle	workStyleRequiredBy
onet	ElectromechanicalEquipmentAssemblers	1.C.6	requiresWorkStyle	workStyleRequiredBy
onet	ElectromechanicalEquipmentAssemblers	1.C.7.a	requiresWorkStyle	workStyleRequiredBy
onet	ElectromechanicalEquipmentAssemblers	1.C.7.b	requiresWorkStyle	workStyleRequiredBy
onet	ElectronicEquipmentAssemblers	1.C.1.a	requiresWorkStyle	workStyleRequiredBy
onet	ElectronicEquipmentAssemblers	1.C.1.b	requiresWorkStyle	workStyleRequiredBy
onet	ElectronicEquipmentAssemblers	1.C.1.c	requiresWorkStyle	workStyleRequiredBy
onet	ElectronicEquipmentAssemblers	1.C.2.b	requiresWorkStyle	workStyleRequiredBy
onet	ElectronicEquipmentAssemblers	1.C.3.a	requiresWorkStyle	workStyleRequiredBy
onet	ElectronicEquipmentAssemblers	1.C.3.b	requiresWorkStyle	workStyleRequiredBy
onet	ElectronicEquipmentAssemblers	1.C.3.c	requiresWorkStyle	workStyleRequiredBy
onet	ElectronicEquipmentAssemblers	1.C.4.a	requiresWorkStyle	workStyleRequiredBy
onet	ElectronicEquipmentAssemblers	1.C.4.b	requiresWorkStyle	workStyleRequiredBy
onet	ElectronicEquipmentAssemblers	1.C.4.c	requiresWorkStyle	workStyleRequiredBy
onet	ElectronicEquipmentAssemblers	1.C.5.a	requiresWorkStyle	workStyleRequiredBy
onet	ElectronicEquipmentAssemblers	1.C.5.b	requiresWorkStyle	workStyleRequiredBy
onet	ElectronicEquipmentAssemblers	1.C.5.c	requiresWorkStyle	workStyleRequiredBy
onet	ElectronicEquipmentAssemblers	1.C.6	requiresWorkStyle	workStyleRequiredBy
onet	ElectronicEquipmentAssemblers	1.C.7.a	requiresWorkStyle	workStyleRequiredBy
onet	ElectronicEquipmentAssemblers	1.C.7.b	requiresWorkStyle	workStyleRequiredBy
onet	ElectronicsDrafters	1.C.1.a	requiresWorkStyle	workStyleRequiredBy
onet	ElectronicsDrafters	1.C.1.b	requiresWorkStyle	workStyleRequiredBy
onet	ElectronicsDrafters	1.C.1.c	requiresWorkStyle	workStyleRequiredBy
onet	ElectronicsDrafters	1.C.2.b	requiresWorkStyle	workStyleRequiredBy
onet	ElectronicsDrafters	1.C.3.a	requiresWorkStyle	workStyleRequiredBy
onet	ElectronicsDrafters	1.C.3.b	requiresWorkStyle	workStyleRequiredBy
onet	ElectronicsDrafters	1.C.3.c	requiresWorkStyle	workStyleRequiredBy
onet	ElectronicsDrafters	1.C.4.a	requiresWorkStyle	workStyleRequiredBy
onet	ElectronicsDrafters	1.C.4.b	requiresWorkStyle	workStyleRequiredBy
onet	ElectronicsDrafters	1.C.4.c	requiresWorkStyle	workStyleRequiredBy
onet	ElectronicsDrafters	1.C.5.a	requiresWorkStyle	workStyleRequiredBy
onet	ElectronicsDrafters	1.C.5.b	requiresWorkStyle	workStyleRequiredBy
onet	ElectronicsDrafters	1.C.5.c	requiresWorkStyle	workStyleRequiredBy
onet	ElectronicsDrafters	1.C.6	requiresWorkStyle	workStyleRequiredBy
onet	ElectronicsDrafters	1.C.7.a	requiresWorkStyle	workStyleRequiredBy
onet	ElectronicsDrafters	1.C.7.b	requiresWorkStyle	workStyleRequiredBy
onet	EligibilityInterviewersGovernmentPrograms	1.C.1.a	requiresWorkStyle	workStyleRequiredBy
onet	EligibilityInterviewersGovernmentPrograms	1.C.1.b	requiresWorkStyle	workStyleRequiredBy
onet	EligibilityInterviewersGovernmentPrograms	1.C.1.c	requiresWorkStyle	workStyleRequiredBy
onet	EligibilityInterviewersGovernmentPrograms	1.C.2.b	requiresWorkStyle	workStyleRequiredBy
onet	EligibilityInterviewersGovernmentPrograms	1.C.3.a	requiresWorkStyle	workStyleRequiredBy
onet	EligibilityInterviewersGovernmentPrograms	1.C.3.b	requiresWorkStyle	workStyleRequiredBy
onet	EligibilityInterviewersGovernmentPrograms	1.C.3.c	requiresWorkStyle	workStyleRequiredBy
onet	EligibilityInterviewersGovernmentPrograms	1.C.4.a	requiresWorkStyle	workStyleRequiredBy
onet	EligibilityInterviewersGovernmentPrograms	1.C.4.b	requiresWorkStyle	workStyleRequiredBy
onet	EligibilityInterviewersGovernmentPrograms	1.C.4.c	requiresWorkStyle	workStyleRequiredBy
onet	EligibilityInterviewersGovernmentPrograms	1.C.5.a	requiresWorkStyle	workStyleRequiredBy
onet	EligibilityInterviewersGovernmentPrograms	1.C.5.b	requiresWorkStyle	workStyleRequiredBy
onet	EligibilityInterviewersGovernmentPrograms	1.C.5.c	requiresWorkStyle	workStyleRequiredBy
onet	EligibilityInterviewersGovernmentPrograms	1.C.6	requiresWorkStyle	workStyleRequiredBy
onet	EligibilityInterviewersGovernmentPrograms	1.C.7.a	requiresWorkStyle	workStyleRequiredBy
onet	EligibilityInterviewersGovernmentPrograms	1.C.7.b	requiresWorkStyle	workStyleRequiredBy
onet	Embalmers	1.C.1.a	requiresWorkStyle	workStyleRequiredBy
onet	Embalmers	1.C.1.b	requiresWorkStyle	workStyleRequiredBy
onet	Embalmers	1.C.1.c	requiresWorkStyle	workStyleRequiredBy
onet	Embalmers	1.C.2.b	requiresWorkStyle	workStyleRequiredBy
onet	Embalmers	1.C.3.a	requiresWorkStyle	workStyleRequiredBy
onet	Embalmers	1.C.3.b	requiresWorkStyle	workStyleRequiredBy
onet	Embalmers	1.C.3.c	requiresWorkStyle	workStyleRequiredBy
onet	Embalmers	1.C.4.a	requiresWorkStyle	workStyleRequiredBy
onet	Embalmers	1.C.4.b	requiresWorkStyle	workStyleRequiredBy
onet	Embalmers	1.C.4.c	requiresWorkStyle	workStyleRequiredBy
onet	Embalmers	1.C.5.a	requiresWorkStyle	workStyleRequiredBy
onet	Embalmers	1.C.5.b	requiresWorkStyle	workStyleRequiredBy
onet	Embalmers	1.C.5.c	requiresWorkStyle	workStyleRequiredBy
onet	Embalmers	1.C.6	requiresWorkStyle	workStyleRequiredBy
onet	Embalmers	1.C.7.a	requiresWorkStyle	workStyleRequiredBy
onet	Embalmers	1.C.7.b	requiresWorkStyle	workStyleRequiredBy
onet	EmergencyManagementDirectors	1.C.1.a	requiresWorkStyle	workStyleRequiredBy
onet	EmergencyManagementDirectors	1.C.1.b	requiresWorkStyle	workStyleRequiredBy
onet	EmergencyManagementDirectors	1.C.1.c	requiresWorkStyle	workStyleRequiredBy
onet	EmergencyManagementDirectors	1.C.2.b	requiresWorkStyle	workStyleRequiredBy
onet	EmergencyManagementDirectors	1.C.3.a	requiresWorkStyle	workStyleRequiredBy
onet	EmergencyManagementDirectors	1.C.3.b	requiresWorkStyle	workStyleRequiredBy
onet	EmergencyManagementDirectors	1.C.3.c	requiresWorkStyle	workStyleRequiredBy
onet	EmergencyManagementDirectors	1.C.4.a	requiresWorkStyle	workStyleRequiredBy
onet	EmergencyManagementDirectors	1.C.4.b	requiresWorkStyle	workStyleRequiredBy
onet	EmergencyManagementDirectors	1.C.4.c	requiresWorkStyle	workStyleRequiredBy
onet	EmergencyManagementDirectors	1.C.5.a	requiresWorkStyle	workStyleRequiredBy
onet	EmergencyManagementDirectors	1.C.5.b	requiresWorkStyle	workStyleRequiredBy
onet	EmergencyManagementDirectors	1.C.5.c	requiresWorkStyle	workStyleRequiredBy
onet	EmergencyManagementDirectors	1.C.6	requiresWorkStyle	workStyleRequiredBy
onet	EmergencyManagementDirectors	1.C.7.a	requiresWorkStyle	workStyleRequiredBy
onet	EmergencyManagementDirectors	1.C.7.b	requiresWorkStyle	workStyleRequiredBy
onet	EmergencyMedicalTechnicians	1.C.1.a	requiresWorkStyle	workStyleRequiredBy
onet	EmergencyMedicalTechnicians	1.C.1.b	requiresWorkStyle	workStyleRequiredBy
onet	EmergencyMedicalTechnicians	1.C.1.c	requiresWorkStyle	workStyleRequiredBy
onet	EmergencyMedicalTechnicians	1.C.2.b	requiresWorkStyle	workStyleRequiredBy
onet	EmergencyMedicalTechnicians	1.C.3.a	requiresWorkStyle	workStyleRequiredBy
onet	EmergencyMedicalTechnicians	1.C.3.b	requiresWorkStyle	workStyleRequiredBy
onet	EmergencyMedicalTechnicians	1.C.3.c	requiresWorkStyle	workStyleRequiredBy
onet	EmergencyMedicalTechnicians	1.C.4.a	requiresWorkStyle	workStyleRequiredBy
onet	EmergencyMedicalTechnicians	1.C.4.b	requiresWorkStyle	workStyleRequiredBy
onet	EmergencyMedicalTechnicians	1.C.4.c	requiresWorkStyle	workStyleRequiredBy
onet	EmergencyMedicalTechnicians	1.C.5.a	requiresWorkStyle	workStyleRequiredBy
onet	EmergencyMedicalTechnicians	1.C.5.b	requiresWorkStyle	workStyleRequiredBy
onet	EmergencyMedicalTechnicians	1.C.5.c	requiresWorkStyle	workStyleRequiredBy
onet	EmergencyMedicalTechnicians	1.C.6	requiresWorkStyle	workStyleRequiredBy
onet	EmergencyMedicalTechnicians	1.C.7.a	requiresWorkStyle	workStyleRequiredBy
onet	EmergencyMedicalTechnicians	1.C.7.b	requiresWorkStyle	workStyleRequiredBy
onet	EmergencyMedicinePhysicians	1.C.1.a	requiresWorkStyle	workStyleRequiredBy
onet	EmergencyMedicinePhysicians	1.C.1.b	requiresWorkStyle	workStyleRequiredBy
onet	EmergencyMedicinePhysicians	1.C.1.c	requiresWorkStyle	workStyleRequiredBy
onet	EmergencyMedicinePhysicians	1.C.2.b	requiresWorkStyle	workStyleRequiredBy
onet	EmergencyMedicinePhysicians	1.C.3.a	requiresWorkStyle	workStyleRequiredBy
onet	EmergencyMedicinePhysicians	1.C.3.b	requiresWorkStyle	workStyleRequiredBy
onet	EmergencyMedicinePhysicians	1.C.3.c	requiresWorkStyle	workStyleRequiredBy
onet	EmergencyMedicinePhysicians	1.C.4.a	requiresWorkStyle	workStyleRequiredBy
onet	EmergencyMedicinePhysicians	1.C.4.b	requiresWorkStyle	workStyleRequiredBy
onet	EmergencyMedicinePhysicians	1.C.4.c	requiresWorkStyle	workStyleRequiredBy
onet	EmergencyMedicinePhysicians	1.C.5.a	requiresWorkStyle	workStyleRequiredBy
onet	EmergencyMedicinePhysicians	1.C.5.b	requiresWorkStyle	workStyleRequiredBy
onet	EmergencyMedicinePhysicians	1.C.5.c	requiresWorkStyle	workStyleRequiredBy
onet	EmergencyMedicinePhysicians	1.C.6	requiresWorkStyle	workStyleRequiredBy
onet	EmergencyMedicinePhysicians	1.C.7.a	requiresWorkStyle	workStyleRequiredBy
onet	EmergencyMedicinePhysicians	1.C.7.b	requiresWorkStyle	workStyleRequiredBy
onet	EndoscopyTechnicians	1.C.1.a	requiresWorkStyle	workStyleRequiredBy
onet	EndoscopyTechnicians	1.C.1.b	requiresWorkStyle	workStyleRequiredBy
onet	EndoscopyTechnicians	1.C.1.c	requiresWorkStyle	workStyleRequiredBy
onet	EndoscopyTechnicians	1.C.2.b	requiresWorkStyle	workStyleRequiredBy
onet	EndoscopyTechnicians	1.C.3.a	requiresWorkStyle	workStyleRequiredBy
onet	EndoscopyTechnicians	1.C.3.b	requiresWorkStyle	workStyleRequiredBy
onet	EndoscopyTechnicians	1.C.3.c	requiresWorkStyle	workStyleRequiredBy
onet	EndoscopyTechnicians	1.C.4.a	requiresWorkStyle	workStyleRequiredBy
onet	EndoscopyTechnicians	1.C.4.b	requiresWorkStyle	workStyleRequiredBy
onet	EndoscopyTechnicians	1.C.4.c	requiresWorkStyle	workStyleRequiredBy
onet	EndoscopyTechnicians	1.C.5.a	requiresWorkStyle	workStyleRequiredBy
onet	EndoscopyTechnicians	1.C.5.b	requiresWorkStyle	workStyleRequiredBy
onet	EndoscopyTechnicians	1.C.5.c	requiresWorkStyle	workStyleRequiredBy
onet	EndoscopyTechnicians	1.C.6	requiresWorkStyle	workStyleRequiredBy
onet	EndoscopyTechnicians	1.C.7.a	requiresWorkStyle	workStyleRequiredBy
onet	EndoscopyTechnicians	1.C.7.b	requiresWorkStyle	workStyleRequiredBy
onet	EnergyAuditors	1.C.1.a	requiresWorkStyle	workStyleRequiredBy
onet	EnergyAuditors	1.C.1.b	requiresWorkStyle	workStyleRequiredBy
onet	EnergyAuditors	1.C.1.c	requiresWorkStyle	workStyleRequiredBy
onet	EnergyAuditors	1.C.2.b	requiresWorkStyle	workStyleRequiredBy
onet	EnergyAuditors	1.C.3.a	requiresWorkStyle	workStyleRequiredBy
onet	EnergyAuditors	1.C.3.b	requiresWorkStyle	workStyleRequiredBy
onet	EnergyAuditors	1.C.3.c	requiresWorkStyle	workStyleRequiredBy
onet	EnergyAuditors	1.C.4.a	requiresWorkStyle	workStyleRequiredBy
onet	EnergyAuditors	1.C.4.b	requiresWorkStyle	workStyleRequiredBy
onet	EnergyAuditors	1.C.4.c	requiresWorkStyle	workStyleRequiredBy
onet	EnergyAuditors	1.C.5.a	requiresWorkStyle	workStyleRequiredBy
onet	EnergyAuditors	1.C.5.b	requiresWorkStyle	workStyleRequiredBy
onet	EnergyAuditors	1.C.5.c	requiresWorkStyle	workStyleRequiredBy
onet	EnergyAuditors	1.C.6	requiresWorkStyle	workStyleRequiredBy
onet	EnergyAuditors	1.C.7.a	requiresWorkStyle	workStyleRequiredBy
onet	EnergyAuditors	1.C.7.b	requiresWorkStyle	workStyleRequiredBy
onet	EngineeringManagers	1.C.1.a	requiresWorkStyle	workStyleRequiredBy
onet	EngineeringManagers	1.C.1.b	requiresWorkStyle	workStyleRequiredBy
onet	EngineeringManagers	1.C.1.c	requiresWorkStyle	workStyleRequiredBy
onet	EngineeringManagers	1.C.2.b	requiresWorkStyle	workStyleRequiredBy
onet	EngineeringManagers	1.C.3.a	requiresWorkStyle	workStyleRequiredBy
onet	EngineeringManagers	1.C.3.b	requiresWorkStyle	workStyleRequiredBy
onet	EngineeringManagers	1.C.3.c	requiresWorkStyle	workStyleRequiredBy
onet	EngineeringManagers	1.C.4.a	requiresWorkStyle	workStyleRequiredBy
onet	EngineeringManagers	1.C.4.b	requiresWorkStyle	workStyleRequiredBy
onet	EngineeringManagers	1.C.4.c	requiresWorkStyle	workStyleRequiredBy
onet	EngineeringManagers	1.C.5.a	requiresWorkStyle	workStyleRequiredBy
onet	EngineeringManagers	1.C.5.b	requiresWorkStyle	workStyleRequiredBy
onet	EngineeringManagers	1.C.5.c	requiresWorkStyle	workStyleRequiredBy
onet	EngineeringManagers	1.C.6	requiresWorkStyle	workStyleRequiredBy
onet	EngineeringManagers	1.C.7.a	requiresWorkStyle	workStyleRequiredBy
onet	EngineeringManagers	1.C.7.b	requiresWorkStyle	workStyleRequiredBy
onet	EngineeringTeachersPostsecondary	1.C.1.a	requiresWorkStyle	workStyleRequiredBy
onet	EngineeringTeachersPostsecondary	1.C.1.b	requiresWorkStyle	workStyleRequiredBy
onet	EngineeringTeachersPostsecondary	1.C.1.c	requiresWorkStyle	workStyleRequiredBy
onet	EngineeringTeachersPostsecondary	1.C.2.b	requiresWorkStyle	workStyleRequiredBy
onet	EngineeringTeachersPostsecondary	1.C.3.a	requiresWorkStyle	workStyleRequiredBy
onet	EngineeringTeachersPostsecondary	1.C.3.b	requiresWorkStyle	workStyleRequiredBy
onet	EngineeringTeachersPostsecondary	1.C.3.c	requiresWorkStyle	workStyleRequiredBy
onet	EngineeringTeachersPostsecondary	1.C.4.a	requiresWorkStyle	workStyleRequiredBy
onet	EngineeringTeachersPostsecondary	1.C.4.b	requiresWorkStyle	workStyleRequiredBy
onet	EngineeringTeachersPostsecondary	1.C.4.c	requiresWorkStyle	workStyleRequiredBy
onet	EngineeringTeachersPostsecondary	1.C.5.a	requiresWorkStyle	workStyleRequiredBy
onet	EngineeringTeachersPostsecondary	1.C.5.b	requiresWorkStyle	workStyleRequiredBy
onet	EngineeringTeachersPostsecondary	1.C.5.c	requiresWorkStyle	workStyleRequiredBy
onet	EngineeringTeachersPostsecondary	1.C.6	requiresWorkStyle	workStyleRequiredBy
onet	EngineeringTeachersPostsecondary	1.C.7.a	requiresWorkStyle	workStyleRequiredBy
onet	EngineeringTeachersPostsecondary	1.C.7.b	requiresWorkStyle	workStyleRequiredBy
onet	Engines	1.C.1.a	requiresWorkStyle	workStyleRequiredBy
onet	Engines	1.C.1.b	requiresWorkStyle	workStyleRequiredBy
onet	Engines	1.C.1.c	requiresWorkStyle	workStyleRequiredBy
onet	Engines	1.C.2.b	requiresWorkStyle	workStyleRequiredBy
onet	Engines	1.C.3.a	requiresWorkStyle	workStyleRequiredBy
onet	Engines	1.C.3.b	requiresWorkStyle	workStyleRequiredBy
onet	Engines	1.C.3.c	requiresWorkStyle	workStyleRequiredBy
onet	Engines	1.C.4.a	requiresWorkStyle	workStyleRequiredBy
onet	Engines	1.C.4.b	requiresWorkStyle	workStyleRequiredBy
onet	Engines	1.C.4.c	requiresWorkStyle	workStyleRequiredBy
onet	Engines	1.C.5.a	requiresWorkStyle	workStyleRequiredBy
onet	Engines	1.C.5.b	requiresWorkStyle	workStyleRequiredBy
onet	Engines	1.C.5.c	requiresWorkStyle	workStyleRequiredBy
onet	Engines	1.C.6	requiresWorkStyle	workStyleRequiredBy
onet	Engines	1.C.7.a	requiresWorkStyle	workStyleRequiredBy
onet	Engines	1.C.7.b	requiresWorkStyle	workStyleRequiredBy
onet	Engravers	1.C.1.a	requiresWorkStyle	workStyleRequiredBy
onet	Engravers	1.C.1.b	requiresWorkStyle	workStyleRequiredBy
onet	Engravers	1.C.1.c	requiresWorkStyle	workStyleRequiredBy
onet	Engravers	1.C.2.b	requiresWorkStyle	workStyleRequiredBy
onet	Engravers	1.C.3.a	requiresWorkStyle	workStyleRequiredBy
onet	Engravers	1.C.3.b	requiresWorkStyle	workStyleRequiredBy
onet	Engravers	1.C.3.c	requiresWorkStyle	workStyleRequiredBy
onet	Engravers	1.C.4.a	requiresWorkStyle	workStyleRequiredBy
onet	Engravers	1.C.4.b	requiresWorkStyle	workStyleRequiredBy
onet	Engravers	1.C.4.c	requiresWorkStyle	workStyleRequiredBy
onet	Engravers	1.C.5.a	requiresWorkStyle	workStyleRequiredBy
onet	Engravers	1.C.5.b	requiresWorkStyle	workStyleRequiredBy
onet	Engravers	1.C.5.c	requiresWorkStyle	workStyleRequiredBy
onet	Engravers	1.C.6	requiresWorkStyle	workStyleRequiredBy
onet	Engravers	1.C.7.a	requiresWorkStyle	workStyleRequiredBy
onet	Engravers	1.C.7.b	requiresWorkStyle	workStyleRequiredBy
onet	EnvironmentalComplianceInspectors	1.C.1.a	requiresWorkStyle	workStyleRequiredBy
onet	EnvironmentalComplianceInspectors	1.C.1.b	requiresWorkStyle	workStyleRequiredBy
onet	EnvironmentalComplianceInspectors	1.C.1.c	requiresWorkStyle	workStyleRequiredBy
onet	EnvironmentalComplianceInspectors	1.C.2.b	requiresWorkStyle	workStyleRequiredBy
onet	EnvironmentalComplianceInspectors	1.C.3.a	requiresWorkStyle	workStyleRequiredBy
onet	EnvironmentalComplianceInspectors	1.C.3.b	requiresWorkStyle	workStyleRequiredBy
onet	EnvironmentalComplianceInspectors	1.C.3.c	requiresWorkStyle	workStyleRequiredBy
onet	EnvironmentalComplianceInspectors	1.C.4.a	requiresWorkStyle	workStyleRequiredBy
onet	EnvironmentalComplianceInspectors	1.C.4.b	requiresWorkStyle	workStyleRequiredBy
onet	EnvironmentalComplianceInspectors	1.C.4.c	requiresWorkStyle	workStyleRequiredBy
onet	EnvironmentalComplianceInspectors	1.C.5.a	requiresWorkStyle	workStyleRequiredBy
onet	EnvironmentalComplianceInspectors	1.C.5.b	requiresWorkStyle	workStyleRequiredBy
onet	EnvironmentalComplianceInspectors	1.C.5.c	requiresWorkStyle	workStyleRequiredBy
onet	EnvironmentalComplianceInspectors	1.C.6	requiresWorkStyle	workStyleRequiredBy
onet	EnvironmentalComplianceInspectors	1.C.7.a	requiresWorkStyle	workStyleRequiredBy
onet	EnvironmentalComplianceInspectors	1.C.7.b	requiresWorkStyle	workStyleRequiredBy
onet	EnvironmentalEconomists	1.C.1.a	requiresWorkStyle	workStyleRequiredBy
onet	EnvironmentalEconomists	1.C.1.b	requiresWorkStyle	workStyleRequiredBy
onet	EnvironmentalEconomists	1.C.1.c	requiresWorkStyle	workStyleRequiredBy
onet	EnvironmentalEconomists	1.C.2.b	requiresWorkStyle	workStyleRequiredBy
onet	EnvironmentalEconomists	1.C.3.a	requiresWorkStyle	workStyleRequiredBy
onet	EnvironmentalEconomists	1.C.3.b	requiresWorkStyle	workStyleRequiredBy
onet	EnvironmentalEconomists	1.C.3.c	requiresWorkStyle	workStyleRequiredBy
onet	EnvironmentalEconomists	1.C.4.a	requiresWorkStyle	workStyleRequiredBy
onet	EnvironmentalEconomists	1.C.4.b	requiresWorkStyle	workStyleRequiredBy
onet	EnvironmentalEconomists	1.C.4.c	requiresWorkStyle	workStyleRequiredBy
onet	EnvironmentalEconomists	1.C.5.a	requiresWorkStyle	workStyleRequiredBy
onet	EnvironmentalEconomists	1.C.5.b	requiresWorkStyle	workStyleRequiredBy
onet	EnvironmentalEconomists	1.C.5.c	requiresWorkStyle	workStyleRequiredBy
onet	EnvironmentalEconomists	1.C.6	requiresWorkStyle	workStyleRequiredBy
onet	EnvironmentalEconomists	1.C.7.a	requiresWorkStyle	workStyleRequiredBy
onet	EnvironmentalEconomists	1.C.7.b	requiresWorkStyle	workStyleRequiredBy
onet	EnvironmentalEngineers	1.C.1.a	requiresWorkStyle	workStyleRequiredBy
onet	EnvironmentalEngineers	1.C.1.b	requiresWorkStyle	workStyleRequiredBy
onet	EnvironmentalEngineers	1.C.1.c	requiresWorkStyle	workStyleRequiredBy
onet	EnvironmentalEngineers	1.C.2.b	requiresWorkStyle	workStyleRequiredBy
onet	EnvironmentalEngineers	1.C.3.a	requiresWorkStyle	workStyleRequiredBy
onet	EnvironmentalEngineers	1.C.3.b	requiresWorkStyle	workStyleRequiredBy
onet	EnvironmentalEngineers	1.C.3.c	requiresWorkStyle	workStyleRequiredBy
onet	EnvironmentalEngineers	1.C.4.a	requiresWorkStyle	workStyleRequiredBy
onet	EnvironmentalEngineers	1.C.4.b	requiresWorkStyle	workStyleRequiredBy
onet	EnvironmentalEngineers	1.C.4.c	requiresWorkStyle	workStyleRequiredBy
onet	EnvironmentalEngineers	1.C.5.a	requiresWorkStyle	workStyleRequiredBy
onet	EnvironmentalEngineers	1.C.5.b	requiresWorkStyle	workStyleRequiredBy
onet	EnvironmentalEngineers	1.C.5.c	requiresWorkStyle	workStyleRequiredBy
onet	EnvironmentalEngineers	1.C.6	requiresWorkStyle	workStyleRequiredBy
onet	EnvironmentalEngineers	1.C.7.a	requiresWorkStyle	workStyleRequiredBy
onet	EnvironmentalEngineers	1.C.7.b	requiresWorkStyle	workStyleRequiredBy
onet	EnvironmentalRestorationPlanners	1.C.1.a	requiresWorkStyle	workStyleRequiredBy
onet	EnvironmentalRestorationPlanners	1.C.1.b	requiresWorkStyle	workStyleRequiredBy
onet	EnvironmentalRestorationPlanners	1.C.1.c	requiresWorkStyle	workStyleRequiredBy
onet	EnvironmentalRestorationPlanners	1.C.2.b	requiresWorkStyle	workStyleRequiredBy
onet	EnvironmentalRestorationPlanners	1.C.3.a	requiresWorkStyle	workStyleRequiredBy
onet	EnvironmentalRestorationPlanners	1.C.3.b	requiresWorkStyle	workStyleRequiredBy
onet	EnvironmentalRestorationPlanners	1.C.3.c	requiresWorkStyle	workStyleRequiredBy
onet	EnvironmentalRestorationPlanners	1.C.4.a	requiresWorkStyle	workStyleRequiredBy
onet	EnvironmentalRestorationPlanners	1.C.4.b	requiresWorkStyle	workStyleRequiredBy
onet	EnvironmentalRestorationPlanners	1.C.4.c	requiresWorkStyle	workStyleRequiredBy
onet	EnvironmentalRestorationPlanners	1.C.5.a	requiresWorkStyle	workStyleRequiredBy
onet	EnvironmentalRestorationPlanners	1.C.5.b	requiresWorkStyle	workStyleRequiredBy
onet	EnvironmentalRestorationPlanners	1.C.5.c	requiresWorkStyle	workStyleRequiredBy
onet	EnvironmentalRestorationPlanners	1.C.6	requiresWorkStyle	workStyleRequiredBy
onet	EnvironmentalRestorationPlanners	1.C.7.a	requiresWorkStyle	workStyleRequiredBy
onet	EnvironmentalRestorationPlanners	1.C.7.b	requiresWorkStyle	workStyleRequiredBy
onet	EnvironmentalScienceTeachersPostsecondary	1.C.1.a	requiresWorkStyle	workStyleRequiredBy
onet	EnvironmentalScienceTeachersPostsecondary	1.C.1.b	requiresWorkStyle	workStyleRequiredBy
onet	EnvironmentalScienceTeachersPostsecondary	1.C.1.c	requiresWorkStyle	workStyleRequiredBy
onet	EnvironmentalScienceTeachersPostsecondary	1.C.2.b	requiresWorkStyle	workStyleRequiredBy
onet	EnvironmentalScienceTeachersPostsecondary	1.C.3.a	requiresWorkStyle	workStyleRequiredBy
onet	EnvironmentalScienceTeachersPostsecondary	1.C.3.b	requiresWorkStyle	workStyleRequiredBy
onet	EnvironmentalScienceTeachersPostsecondary	1.C.3.c	requiresWorkStyle	workStyleRequiredBy
onet	EnvironmentalScienceTeachersPostsecondary	1.C.4.a	requiresWorkStyle	workStyleRequiredBy
onet	EnvironmentalScienceTeachersPostsecondary	1.C.4.b	requiresWorkStyle	workStyleRequiredBy
onet	EnvironmentalScienceTeachersPostsecondary	1.C.4.c	requiresWorkStyle	workStyleRequiredBy
onet	EnvironmentalScienceTeachersPostsecondary	1.C.5.a	requiresWorkStyle	workStyleRequiredBy
onet	EnvironmentalScienceTeachersPostsecondary	1.C.5.b	requiresWorkStyle	workStyleRequiredBy
onet	EnvironmentalScienceTeachersPostsecondary	1.C.5.c	requiresWorkStyle	workStyleRequiredBy
onet	EnvironmentalScienceTeachersPostsecondary	1.C.6	requiresWorkStyle	workStyleRequiredBy
onet	EnvironmentalScienceTeachersPostsecondary	1.C.7.a	requiresWorkStyle	workStyleRequiredBy
onet	EnvironmentalScienceTeachersPostsecondary	1.C.7.b	requiresWorkStyle	workStyleRequiredBy
onet	EnvironmentalScientists	1.C.1.a	requiresWorkStyle	workStyleRequiredBy
onet	EnvironmentalScientists	1.C.1.b	requiresWorkStyle	workStyleRequiredBy
onet	EnvironmentalScientists	1.C.1.c	requiresWorkStyle	workStyleRequiredBy
onet	EnvironmentalScientists	1.C.2.b	requiresWorkStyle	workStyleRequiredBy
onet	EnvironmentalScientists	1.C.3.a	requiresWorkStyle	workStyleRequiredBy
onet	EnvironmentalScientists	1.C.3.b	requiresWorkStyle	workStyleRequiredBy
onet	EnvironmentalScientists	1.C.3.c	requiresWorkStyle	workStyleRequiredBy
onet	EnvironmentalScientists	1.C.4.a	requiresWorkStyle	workStyleRequiredBy
onet	EnvironmentalScientists	1.C.4.b	requiresWorkStyle	workStyleRequiredBy
onet	EnvironmentalScientists	1.C.4.c	requiresWorkStyle	workStyleRequiredBy
onet	EnvironmentalScientists	1.C.5.a	requiresWorkStyle	workStyleRequiredBy
onet	EnvironmentalScientists	1.C.5.b	requiresWorkStyle	workStyleRequiredBy
onet	EnvironmentalScientists	1.C.5.c	requiresWorkStyle	workStyleRequiredBy
onet	EnvironmentalScientists	1.C.6	requiresWorkStyle	workStyleRequiredBy
onet	EnvironmentalScientists	1.C.7.a	requiresWorkStyle	workStyleRequiredBy
onet	EnvironmentalScientists	1.C.7.b	requiresWorkStyle	workStyleRequiredBy
onet	Epidemiologists	1.C.1.a	requiresWorkStyle	workStyleRequiredBy
onet	Epidemiologists	1.C.1.b	requiresWorkStyle	workStyleRequiredBy
onet	Epidemiologists	1.C.1.c	requiresWorkStyle	workStyleRequiredBy
onet	Epidemiologists	1.C.2.b	requiresWorkStyle	workStyleRequiredBy
onet	Epidemiologists	1.C.3.a	requiresWorkStyle	workStyleRequiredBy
onet	Epidemiologists	1.C.3.b	requiresWorkStyle	workStyleRequiredBy
onet	Epidemiologists	1.C.3.c	requiresWorkStyle	workStyleRequiredBy
onet	Epidemiologists	1.C.4.a	requiresWorkStyle	workStyleRequiredBy
onet	Epidemiologists	1.C.4.b	requiresWorkStyle	workStyleRequiredBy
onet	Epidemiologists	1.C.4.c	requiresWorkStyle	workStyleRequiredBy
onet	Epidemiologists	1.C.5.a	requiresWorkStyle	workStyleRequiredBy
onet	Epidemiologists	1.C.5.b	requiresWorkStyle	workStyleRequiredBy
onet	Epidemiologists	1.C.5.c	requiresWorkStyle	workStyleRequiredBy
onet	Epidemiologists	1.C.6	requiresWorkStyle	workStyleRequiredBy
onet	Epidemiologists	1.C.7.a	requiresWorkStyle	workStyleRequiredBy
onet	Epidemiologists	1.C.7.b	requiresWorkStyle	workStyleRequiredBy
onet	Equipment	1.C.1.a	requiresWorkStyle	workStyleRequiredBy
onet	Equipment	1.C.1.b	requiresWorkStyle	workStyleRequiredBy
onet	Equipment	1.C.1.c	requiresWorkStyle	workStyleRequiredBy
onet	Equipment	1.C.2.b	requiresWorkStyle	workStyleRequiredBy
onet	Equipment	1.C.3.a	requiresWorkStyle	workStyleRequiredBy
onet	Equipment	1.C.3.b	requiresWorkStyle	workStyleRequiredBy
onet	Equipment	1.C.3.c	requiresWorkStyle	workStyleRequiredBy
onet	Equipment	1.C.4.a	requiresWorkStyle	workStyleRequiredBy
onet	Equipment	1.C.4.b	requiresWorkStyle	workStyleRequiredBy
onet	Equipment	1.C.4.c	requiresWorkStyle	workStyleRequiredBy
onet	Equipment	1.C.5.a	requiresWorkStyle	workStyleRequiredBy
onet	Equipment	1.C.5.b	requiresWorkStyle	workStyleRequiredBy
onet	Equipment	1.C.5.c	requiresWorkStyle	workStyleRequiredBy
onet	Equipment	1.C.6	requiresWorkStyle	workStyleRequiredBy
onet	Equipment	1.C.7.a	requiresWorkStyle	workStyleRequiredBy
onet	Equipment	1.C.7.b	requiresWorkStyle	workStyleRequiredBy
onet	Ergonomists	1.C.1.a	requiresWorkStyle	workStyleRequiredBy
onet	Ergonomists	1.C.1.b	requiresWorkStyle	workStyleRequiredBy
onet	Ergonomists	1.C.1.c	requiresWorkStyle	workStyleRequiredBy
onet	Ergonomists	1.C.2.b	requiresWorkStyle	workStyleRequiredBy
onet	Ergonomists	1.C.3.a	requiresWorkStyle	workStyleRequiredBy
onet	Ergonomists	1.C.3.b	requiresWorkStyle	workStyleRequiredBy
onet	Ergonomists	1.C.3.c	requiresWorkStyle	workStyleRequiredBy
onet	Ergonomists	1.C.4.a	requiresWorkStyle	workStyleRequiredBy
onet	Ergonomists	1.C.4.b	requiresWorkStyle	workStyleRequiredBy
onet	Ergonomists	1.C.4.c	requiresWorkStyle	workStyleRequiredBy
onet	Ergonomists	1.C.5.a	requiresWorkStyle	workStyleRequiredBy
onet	Ergonomists	1.C.5.b	requiresWorkStyle	workStyleRequiredBy
onet	Ergonomists	1.C.5.c	requiresWorkStyle	workStyleRequiredBy
onet	Ergonomists	1.C.6	requiresWorkStyle	workStyleRequiredBy
onet	Ergonomists	1.C.7.a	requiresWorkStyle	workStyleRequiredBy
onet	Ergonomists	1.C.7.b	requiresWorkStyle	workStyleRequiredBy
onet	Escorts	1.C.1.a	requiresWorkStyle	workStyleRequiredBy
onet	Escorts	1.C.1.b	requiresWorkStyle	workStyleRequiredBy
onet	Escorts	1.C.1.c	requiresWorkStyle	workStyleRequiredBy
onet	Escorts	1.C.2.b	requiresWorkStyle	workStyleRequiredBy
onet	Escorts	1.C.3.a	requiresWorkStyle	workStyleRequiredBy
onet	Escorts	1.C.3.b	requiresWorkStyle	workStyleRequiredBy
onet	Escorts	1.C.3.c	requiresWorkStyle	workStyleRequiredBy
onet	Escorts	1.C.4.a	requiresWorkStyle	workStyleRequiredBy
onet	Escorts	1.C.4.b	requiresWorkStyle	workStyleRequiredBy
onet	Escorts	1.C.4.c	requiresWorkStyle	workStyleRequiredBy
onet	Escorts	1.C.5.a	requiresWorkStyle	workStyleRequiredBy
onet	Escorts	1.C.5.b	requiresWorkStyle	workStyleRequiredBy
onet	Escorts	1.C.5.c	requiresWorkStyle	workStyleRequiredBy
onet	Escorts	1.C.6	requiresWorkStyle	workStyleRequiredBy
onet	Escorts	1.C.7.a	requiresWorkStyle	workStyleRequiredBy
onet	Escorts	1.C.7.b	requiresWorkStyle	workStyleRequiredBy
onet	EventPlanners	1.C.1.a	requiresWorkStyle	workStyleRequiredBy
onet	EventPlanners	1.C.1.b	requiresWorkStyle	workStyleRequiredBy
onet	EventPlanners	1.C.1.c	requiresWorkStyle	workStyleRequiredBy
onet	EventPlanners	1.C.2.b	requiresWorkStyle	workStyleRequiredBy
onet	EventPlanners	1.C.3.a	requiresWorkStyle	workStyleRequiredBy
onet	EventPlanners	1.C.3.b	requiresWorkStyle	workStyleRequiredBy
onet	EventPlanners	1.C.3.c	requiresWorkStyle	workStyleRequiredBy
onet	EventPlanners	1.C.4.a	requiresWorkStyle	workStyleRequiredBy
onet	EventPlanners	1.C.4.b	requiresWorkStyle	workStyleRequiredBy
onet	EventPlanners	1.C.4.c	requiresWorkStyle	workStyleRequiredBy
onet	EventPlanners	1.C.5.a	requiresWorkStyle	workStyleRequiredBy
onet	EventPlanners	1.C.5.b	requiresWorkStyle	workStyleRequiredBy
onet	EventPlanners	1.C.5.c	requiresWorkStyle	workStyleRequiredBy
onet	EventPlanners	1.C.6	requiresWorkStyle	workStyleRequiredBy
onet	EventPlanners	1.C.7.a	requiresWorkStyle	workStyleRequiredBy
onet	EventPlanners	1.C.7.b	requiresWorkStyle	workStyleRequiredBy
onet	Executive	1.C.1.a	requiresWorkStyle	workStyleRequiredBy
onet	Executive	1.C.1.b	requiresWorkStyle	workStyleRequiredBy
onet	Executive	1.C.1.c	requiresWorkStyle	workStyleRequiredBy
onet	Executive	1.C.2.b	requiresWorkStyle	workStyleRequiredBy
onet	Executive	1.C.3.a	requiresWorkStyle	workStyleRequiredBy
onet	Executive	1.C.3.b	requiresWorkStyle	workStyleRequiredBy
onet	Executive	1.C.3.c	requiresWorkStyle	workStyleRequiredBy
onet	Executive	1.C.4.a	requiresWorkStyle	workStyleRequiredBy
onet	Executive	1.C.4.b	requiresWorkStyle	workStyleRequiredBy
onet	Executive	1.C.4.c	requiresWorkStyle	workStyleRequiredBy
onet	Executive	1.C.5.a	requiresWorkStyle	workStyleRequiredBy
onet	Executive	1.C.5.b	requiresWorkStyle	workStyleRequiredBy
onet	Executive	1.C.5.c	requiresWorkStyle	workStyleRequiredBy
onet	Executive	1.C.6	requiresWorkStyle	workStyleRequiredBy
onet	Executive	1.C.7.a	requiresWorkStyle	workStyleRequiredBy
onet	Executive	1.C.7.b	requiresWorkStyle	workStyleRequiredBy
onet	ExecutiveAdministrativeAssistants	1.C.1.a	requiresWorkStyle	workStyleRequiredBy
onet	ExecutiveAdministrativeAssistants	1.C.1.b	requiresWorkStyle	workStyleRequiredBy
onet	ExecutiveAdministrativeAssistants	1.C.1.c	requiresWorkStyle	workStyleRequiredBy
onet	ExecutiveAdministrativeAssistants	1.C.2.b	requiresWorkStyle	workStyleRequiredBy
onet	ExecutiveAdministrativeAssistants	1.C.3.a	requiresWorkStyle	workStyleRequiredBy
onet	ExecutiveAdministrativeAssistants	1.C.3.b	requiresWorkStyle	workStyleRequiredBy
onet	ExecutiveAdministrativeAssistants	1.C.3.c	requiresWorkStyle	workStyleRequiredBy
onet	ExecutiveAdministrativeAssistants	1.C.4.a	requiresWorkStyle	workStyleRequiredBy
onet	ExecutiveAdministrativeAssistants	1.C.4.b	requiresWorkStyle	workStyleRequiredBy
onet	ExecutiveAdministrativeAssistants	1.C.4.c	requiresWorkStyle	workStyleRequiredBy
onet	ExecutiveAdministrativeAssistants	1.C.5.a	requiresWorkStyle	workStyleRequiredBy
onet	ExecutiveAdministrativeAssistants	1.C.5.b	requiresWorkStyle	workStyleRequiredBy
onet	ExecutiveAdministrativeAssistants	1.C.5.c	requiresWorkStyle	workStyleRequiredBy
onet	ExecutiveAdministrativeAssistants	1.C.6	requiresWorkStyle	workStyleRequiredBy
onet	ExecutiveAdministrativeAssistants	1.C.7.a	requiresWorkStyle	workStyleRequiredBy
onet	ExecutiveAdministrativeAssistants	1.C.7.b	requiresWorkStyle	workStyleRequiredBy
onet	ExercisePhysiologists	1.C.1.a	requiresWorkStyle	workStyleRequiredBy
onet	ExercisePhysiologists	1.C.1.b	requiresWorkStyle	workStyleRequiredBy
onet	ExercisePhysiologists	1.C.1.c	requiresWorkStyle	workStyleRequiredBy
onet	ExercisePhysiologists	1.C.2.b	requiresWorkStyle	workStyleRequiredBy
onet	ExercisePhysiologists	1.C.3.a	requiresWorkStyle	workStyleRequiredBy
onet	ExercisePhysiologists	1.C.3.b	requiresWorkStyle	workStyleRequiredBy
onet	ExercisePhysiologists	1.C.3.c	requiresWorkStyle	workStyleRequiredBy
onet	ExercisePhysiologists	1.C.4.a	requiresWorkStyle	workStyleRequiredBy
onet	ExercisePhysiologists	1.C.4.b	requiresWorkStyle	workStyleRequiredBy
onet	ExercisePhysiologists	1.C.4.c	requiresWorkStyle	workStyleRequiredBy
onet	ExercisePhysiologists	1.C.5.a	requiresWorkStyle	workStyleRequiredBy
onet	ExercisePhysiologists	1.C.5.b	requiresWorkStyle	workStyleRequiredBy
onet	ExercisePhysiologists	1.C.5.c	requiresWorkStyle	workStyleRequiredBy
onet	ExercisePhysiologists	1.C.6	requiresWorkStyle	workStyleRequiredBy
onet	ExercisePhysiologists	1.C.7.a	requiresWorkStyle	workStyleRequiredBy
onet	ExercisePhysiologists	1.C.7.b	requiresWorkStyle	workStyleRequiredBy
onet	ExhibitDesigners	1.C.1.a	requiresWorkStyle	workStyleRequiredBy
onet	ExhibitDesigners	1.C.1.b	requiresWorkStyle	workStyleRequiredBy
onet	ExhibitDesigners	1.C.1.c	requiresWorkStyle	workStyleRequiredBy
onet	ExhibitDesigners	1.C.2.b	requiresWorkStyle	workStyleRequiredBy
onet	ExhibitDesigners	1.C.3.a	requiresWorkStyle	workStyleRequiredBy
onet	ExhibitDesigners	1.C.3.b	requiresWorkStyle	workStyleRequiredBy
onet	ExhibitDesigners	1.C.3.c	requiresWorkStyle	workStyleRequiredBy
onet	ExhibitDesigners	1.C.4.a	requiresWorkStyle	workStyleRequiredBy
onet	ExhibitDesigners	1.C.4.b	requiresWorkStyle	workStyleRequiredBy
onet	ExhibitDesigners	1.C.4.c	requiresWorkStyle	workStyleRequiredBy
onet	ExhibitDesigners	1.C.5.a	requiresWorkStyle	workStyleRequiredBy
onet	ExhibitDesigners	1.C.5.b	requiresWorkStyle	workStyleRequiredBy
onet	ExhibitDesigners	1.C.5.c	requiresWorkStyle	workStyleRequiredBy
onet	ExhibitDesigners	1.C.6	requiresWorkStyle	workStyleRequiredBy
onet	ExhibitDesigners	1.C.7.a	requiresWorkStyle	workStyleRequiredBy
onet	ExhibitDesigners	1.C.7.b	requiresWorkStyle	workStyleRequiredBy
onet	ExpeditingClerks	1.C.1.a	requiresWorkStyle	workStyleRequiredBy
onet	ExpeditingClerks	1.C.1.b	requiresWorkStyle	workStyleRequiredBy
onet	ExpeditingClerks	1.C.1.c	requiresWorkStyle	workStyleRequiredBy
onet	ExpeditingClerks	1.C.2.b	requiresWorkStyle	workStyleRequiredBy
onet	ExpeditingClerks	1.C.3.a	requiresWorkStyle	workStyleRequiredBy
onet	ExpeditingClerks	1.C.3.b	requiresWorkStyle	workStyleRequiredBy
onet	ExpeditingClerks	1.C.3.c	requiresWorkStyle	workStyleRequiredBy
onet	ExpeditingClerks	1.C.4.a	requiresWorkStyle	workStyleRequiredBy
onet	ExpeditingClerks	1.C.4.b	requiresWorkStyle	workStyleRequiredBy
onet	ExpeditingClerks	1.C.4.c	requiresWorkStyle	workStyleRequiredBy
onet	ExpeditingClerks	1.C.5.a	requiresWorkStyle	workStyleRequiredBy
onet	ExpeditingClerks	1.C.5.b	requiresWorkStyle	workStyleRequiredBy
onet	ExpeditingClerks	1.C.5.c	requiresWorkStyle	workStyleRequiredBy
onet	ExpeditingClerks	1.C.6	requiresWorkStyle	workStyleRequiredBy
onet	ExpeditingClerks	1.C.7.a	requiresWorkStyle	workStyleRequiredBy
onet	ExpeditingClerks	1.C.7.b	requiresWorkStyle	workStyleRequiredBy
onet	ExtractionWorkers	1.C.1.a	requiresWorkStyle	workStyleRequiredBy
onet	ExtractionWorkers	1.C.1.b	requiresWorkStyle	workStyleRequiredBy
onet	ExtractionWorkers	1.C.1.c	requiresWorkStyle	workStyleRequiredBy
onet	ExtractionWorkers	1.C.2.b	requiresWorkStyle	workStyleRequiredBy
onet	ExtractionWorkers	1.C.3.a	requiresWorkStyle	workStyleRequiredBy
onet	ExtractionWorkers	1.C.3.b	requiresWorkStyle	workStyleRequiredBy
onet	ExtractionWorkers	1.C.3.c	requiresWorkStyle	workStyleRequiredBy
onet	ExtractionWorkers	1.C.4.a	requiresWorkStyle	workStyleRequiredBy
onet	ExtractionWorkers	1.C.4.b	requiresWorkStyle	workStyleRequiredBy
onet	ExtractionWorkers	1.C.4.c	requiresWorkStyle	workStyleRequiredBy
onet	ExtractionWorkers	1.C.5.a	requiresWorkStyle	workStyleRequiredBy
onet	ExtractionWorkers	1.C.5.b	requiresWorkStyle	workStyleRequiredBy
onet	ExtractionWorkers	1.C.5.c	requiresWorkStyle	workStyleRequiredBy
onet	ExtractionWorkers	1.C.6	requiresWorkStyle	workStyleRequiredBy
onet	ExtractionWorkers	1.C.7.a	requiresWorkStyle	workStyleRequiredBy
onet	ExtractionWorkers	1.C.7.b	requiresWorkStyle	workStyleRequiredBy
onet	ExtrudingMachineOperators	1.C.1.a	requiresWorkStyle	workStyleRequiredBy
onet	ExtrudingMachineOperators	1.C.1.b	requiresWorkStyle	workStyleRequiredBy
onet	ExtrudingMachineOperators	1.C.1.c	requiresWorkStyle	workStyleRequiredBy
onet	ExtrudingMachineOperators	1.C.2.b	requiresWorkStyle	workStyleRequiredBy
onet	ExtrudingMachineOperators	1.C.3.a	requiresWorkStyle	workStyleRequiredBy
onet	ExtrudingMachineOperators	1.C.3.b	requiresWorkStyle	workStyleRequiredBy
onet	ExtrudingMachineOperators	1.C.3.c	requiresWorkStyle	workStyleRequiredBy
onet	ExtrudingMachineOperators	1.C.4.a	requiresWorkStyle	workStyleRequiredBy
onet	ExtrudingMachineOperators	1.C.4.b	requiresWorkStyle	workStyleRequiredBy
onet	ExtrudingMachineOperators	1.C.4.c	requiresWorkStyle	workStyleRequiredBy
onet	ExtrudingMachineOperators	1.C.5.a	requiresWorkStyle	workStyleRequiredBy
onet	ExtrudingMachineOperators	1.C.5.b	requiresWorkStyle	workStyleRequiredBy
onet	ExtrudingMachineOperators	1.C.5.c	requiresWorkStyle	workStyleRequiredBy
onet	ExtrudingMachineOperators	1.C.6	requiresWorkStyle	workStyleRequiredBy
onet	ExtrudingMachineOperators	1.C.7.a	requiresWorkStyle	workStyleRequiredBy
onet	ExtrudingMachineOperators	1.C.7.b	requiresWorkStyle	workStyleRequiredBy
onet	Fabricators	1.C.1.a	requiresWorkStyle	workStyleRequiredBy
onet	Fabricators	1.C.1.b	requiresWorkStyle	workStyleRequiredBy
onet	Fabricators	1.C.1.c	requiresWorkStyle	workStyleRequiredBy
onet	Fabricators	1.C.2.b	requiresWorkStyle	workStyleRequiredBy
onet	Fabricators	1.C.3.a	requiresWorkStyle	workStyleRequiredBy
onet	Fabricators	1.C.3.b	requiresWorkStyle	workStyleRequiredBy
onet	Fabricators	1.C.3.c	requiresWorkStyle	workStyleRequiredBy
onet	Fabricators	1.C.4.a	requiresWorkStyle	workStyleRequiredBy
onet	Fabricators	1.C.4.b	requiresWorkStyle	workStyleRequiredBy
onet	Fabricators	1.C.4.c	requiresWorkStyle	workStyleRequiredBy
onet	Fabricators	1.C.5.a	requiresWorkStyle	workStyleRequiredBy
onet	Fabricators	1.C.5.b	requiresWorkStyle	workStyleRequiredBy
onet	Fabricators	1.C.5.c	requiresWorkStyle	workStyleRequiredBy
onet	Fabricators	1.C.6	requiresWorkStyle	workStyleRequiredBy
onet	Fabricators	1.C.7.a	requiresWorkStyle	workStyleRequiredBy
onet	Fabricators	1.C.7.b	requiresWorkStyle	workStyleRequiredBy
onet	FacilitiesManagers	1.C.1.a	requiresWorkStyle	workStyleRequiredBy
onet	FacilitiesManagers	1.C.1.b	requiresWorkStyle	workStyleRequiredBy
onet	FacilitiesManagers	1.C.1.c	requiresWorkStyle	workStyleRequiredBy
onet	FacilitiesManagers	1.C.2.b	requiresWorkStyle	workStyleRequiredBy
onet	FacilitiesManagers	1.C.3.a	requiresWorkStyle	workStyleRequiredBy
onet	FacilitiesManagers	1.C.3.b	requiresWorkStyle	workStyleRequiredBy
onet	FacilitiesManagers	1.C.3.c	requiresWorkStyle	workStyleRequiredBy
onet	FacilitiesManagers	1.C.4.a	requiresWorkStyle	workStyleRequiredBy
onet	FacilitiesManagers	1.C.4.b	requiresWorkStyle	workStyleRequiredBy
onet	FacilitiesManagers	1.C.4.c	requiresWorkStyle	workStyleRequiredBy
onet	FacilitiesManagers	1.C.5.a	requiresWorkStyle	workStyleRequiredBy
onet	FacilitiesManagers	1.C.5.b	requiresWorkStyle	workStyleRequiredBy
onet	FacilitiesManagers	1.C.5.c	requiresWorkStyle	workStyleRequiredBy
onet	FacilitiesManagers	1.C.6	requiresWorkStyle	workStyleRequiredBy
onet	FacilitiesManagers	1.C.7.a	requiresWorkStyle	workStyleRequiredBy
onet	FacilitiesManagers	1.C.7.b	requiresWorkStyle	workStyleRequiredBy
onet	Fallers	1.C.1.a	requiresWorkStyle	workStyleRequiredBy
onet	Fallers	1.C.1.b	requiresWorkStyle	workStyleRequiredBy
onet	Fallers	1.C.1.c	requiresWorkStyle	workStyleRequiredBy
onet	Fallers	1.C.2.b	requiresWorkStyle	workStyleRequiredBy
onet	Fallers	1.C.3.a	requiresWorkStyle	workStyleRequiredBy
onet	Fallers	1.C.3.b	requiresWorkStyle	workStyleRequiredBy
onet	Fallers	1.C.3.c	requiresWorkStyle	workStyleRequiredBy
onet	Fallers	1.C.4.a	requiresWorkStyle	workStyleRequiredBy
onet	Fallers	1.C.4.b	requiresWorkStyle	workStyleRequiredBy
onet	Fallers	1.C.4.c	requiresWorkStyle	workStyleRequiredBy
onet	Fallers	1.C.5.a	requiresWorkStyle	workStyleRequiredBy
onet	Fallers	1.C.5.b	requiresWorkStyle	workStyleRequiredBy
onet	Fallers	1.C.5.c	requiresWorkStyle	workStyleRequiredBy
onet	Fallers	1.C.6	requiresWorkStyle	workStyleRequiredBy
onet	Fallers	1.C.7.a	requiresWorkStyle	workStyleRequiredBy
onet	Fallers	1.C.7.b	requiresWorkStyle	workStyleRequiredBy
onet	FamilyMedicinePhysicians	1.C.1.a	requiresWorkStyle	workStyleRequiredBy
onet	FamilyMedicinePhysicians	1.C.1.b	requiresWorkStyle	workStyleRequiredBy
onet	FamilyMedicinePhysicians	1.C.1.c	requiresWorkStyle	workStyleRequiredBy
onet	FamilyMedicinePhysicians	1.C.2.b	requiresWorkStyle	workStyleRequiredBy
onet	FamilyMedicinePhysicians	1.C.3.a	requiresWorkStyle	workStyleRequiredBy
onet	FamilyMedicinePhysicians	1.C.3.b	requiresWorkStyle	workStyleRequiredBy
onet	FamilyMedicinePhysicians	1.C.3.c	requiresWorkStyle	workStyleRequiredBy
onet	FamilyMedicinePhysicians	1.C.4.a	requiresWorkStyle	workStyleRequiredBy
onet	FamilyMedicinePhysicians	1.C.4.b	requiresWorkStyle	workStyleRequiredBy
onet	FamilyMedicinePhysicians	1.C.4.c	requiresWorkStyle	workStyleRequiredBy
onet	FamilyMedicinePhysicians	1.C.5.a	requiresWorkStyle	workStyleRequiredBy
onet	FamilyMedicinePhysicians	1.C.5.b	requiresWorkStyle	workStyleRequiredBy
onet	FamilyMedicinePhysicians	1.C.5.c	requiresWorkStyle	workStyleRequiredBy
onet	FamilyMedicinePhysicians	1.C.6	requiresWorkStyle	workStyleRequiredBy
onet	FamilyMedicinePhysicians	1.C.7.a	requiresWorkStyle	workStyleRequiredBy
onet	FamilyMedicinePhysicians	1.C.7.b	requiresWorkStyle	workStyleRequiredBy
onet	FamilyTherapists	1.C.1.a	requiresWorkStyle	workStyleRequiredBy
onet	FamilyTherapists	1.C.1.b	requiresWorkStyle	workStyleRequiredBy
onet	FamilyTherapists	1.C.1.c	requiresWorkStyle	workStyleRequiredBy
onet	FamilyTherapists	1.C.2.b	requiresWorkStyle	workStyleRequiredBy
onet	FamilyTherapists	1.C.3.a	requiresWorkStyle	workStyleRequiredBy
onet	FamilyTherapists	1.C.3.b	requiresWorkStyle	workStyleRequiredBy
onet	FamilyTherapists	1.C.3.c	requiresWorkStyle	workStyleRequiredBy
onet	FamilyTherapists	1.C.4.a	requiresWorkStyle	workStyleRequiredBy
onet	FamilyTherapists	1.C.4.b	requiresWorkStyle	workStyleRequiredBy
onet	FamilyTherapists	1.C.4.c	requiresWorkStyle	workStyleRequiredBy
onet	FamilyTherapists	1.C.5.a	requiresWorkStyle	workStyleRequiredBy
onet	FamilyTherapists	1.C.5.b	requiresWorkStyle	workStyleRequiredBy
onet	FamilyTherapists	1.C.5.c	requiresWorkStyle	workStyleRequiredBy
onet	FamilyTherapists	1.C.6	requiresWorkStyle	workStyleRequiredBy
onet	FamilyTherapists	1.C.7.a	requiresWorkStyle	workStyleRequiredBy
onet	FamilyTherapists	1.C.7.b	requiresWorkStyle	workStyleRequiredBy
onet	FarmLaborContractors	1.C.1.a	requiresWorkStyle	workStyleRequiredBy
onet	FarmLaborContractors	1.C.1.b	requiresWorkStyle	workStyleRequiredBy
onet	FarmLaborContractors	1.C.1.c	requiresWorkStyle	workStyleRequiredBy
onet	FarmLaborContractors	1.C.2.b	requiresWorkStyle	workStyleRequiredBy
onet	FarmLaborContractors	1.C.3.a	requiresWorkStyle	workStyleRequiredBy
onet	FarmLaborContractors	1.C.3.b	requiresWorkStyle	workStyleRequiredBy
onet	FarmLaborContractors	1.C.3.c	requiresWorkStyle	workStyleRequiredBy
onet	FarmLaborContractors	1.C.4.a	requiresWorkStyle	workStyleRequiredBy
onet	FarmLaborContractors	1.C.4.b	requiresWorkStyle	workStyleRequiredBy
onet	FarmLaborContractors	1.C.4.c	requiresWorkStyle	workStyleRequiredBy
onet	FarmLaborContractors	1.C.5.a	requiresWorkStyle	workStyleRequiredBy
onet	FarmLaborContractors	1.C.5.b	requiresWorkStyle	workStyleRequiredBy
onet	FarmLaborContractors	1.C.5.c	requiresWorkStyle	workStyleRequiredBy
onet	FarmLaborContractors	1.C.6	requiresWorkStyle	workStyleRequiredBy
onet	FarmLaborContractors	1.C.7.a	requiresWorkStyle	workStyleRequiredBy
onet	FarmLaborContractors	1.C.7.b	requiresWorkStyle	workStyleRequiredBy
onet	FarmProducts	1.C.1.a	requiresWorkStyle	workStyleRequiredBy
onet	FarmProducts	1.C.1.b	requiresWorkStyle	workStyleRequiredBy
onet	FarmProducts	1.C.1.c	requiresWorkStyle	workStyleRequiredBy
onet	FarmProducts	1.C.2.b	requiresWorkStyle	workStyleRequiredBy
onet	FarmProducts	1.C.3.a	requiresWorkStyle	workStyleRequiredBy
onet	FarmProducts	1.C.3.b	requiresWorkStyle	workStyleRequiredBy
onet	FarmProducts	1.C.3.c	requiresWorkStyle	workStyleRequiredBy
onet	FarmProducts	1.C.4.a	requiresWorkStyle	workStyleRequiredBy
onet	FarmProducts	1.C.4.b	requiresWorkStyle	workStyleRequiredBy
onet	FarmProducts	1.C.4.c	requiresWorkStyle	workStyleRequiredBy
onet	FarmProducts	1.C.5.a	requiresWorkStyle	workStyleRequiredBy
onet	FarmProducts	1.C.5.b	requiresWorkStyle	workStyleRequiredBy
onet	FarmProducts	1.C.5.c	requiresWorkStyle	workStyleRequiredBy
onet	FarmProducts	1.C.6	requiresWorkStyle	workStyleRequiredBy
onet	FarmProducts	1.C.7.a	requiresWorkStyle	workStyleRequiredBy
onet	FarmProducts	1.C.7.b	requiresWorkStyle	workStyleRequiredBy
onet	FashionDesigners	1.C.1.a	requiresWorkStyle	workStyleRequiredBy
onet	FashionDesigners	1.C.1.b	requiresWorkStyle	workStyleRequiredBy
onet	FashionDesigners	1.C.1.c	requiresWorkStyle	workStyleRequiredBy
onet	FashionDesigners	1.C.2.b	requiresWorkStyle	workStyleRequiredBy
onet	FashionDesigners	1.C.3.a	requiresWorkStyle	workStyleRequiredBy
onet	FashionDesigners	1.C.3.b	requiresWorkStyle	workStyleRequiredBy
onet	FashionDesigners	1.C.3.c	requiresWorkStyle	workStyleRequiredBy
onet	FashionDesigners	1.C.4.a	requiresWorkStyle	workStyleRequiredBy
onet	FashionDesigners	1.C.4.b	requiresWorkStyle	workStyleRequiredBy
onet	FashionDesigners	1.C.4.c	requiresWorkStyle	workStyleRequiredBy
onet	FashionDesigners	1.C.5.a	requiresWorkStyle	workStyleRequiredBy
onet	FashionDesigners	1.C.5.b	requiresWorkStyle	workStyleRequiredBy
onet	FashionDesigners	1.C.5.c	requiresWorkStyle	workStyleRequiredBy
onet	FashionDesigners	1.C.6	requiresWorkStyle	workStyleRequiredBy
onet	FashionDesigners	1.C.7.a	requiresWorkStyle	workStyleRequiredBy
onet	FashionDesigners	1.C.7.b	requiresWorkStyle	workStyleRequiredBy
onet	FenceErectors	1.C.1.a	requiresWorkStyle	workStyleRequiredBy
onet	FenceErectors	1.C.1.b	requiresWorkStyle	workStyleRequiredBy
onet	FenceErectors	1.C.1.c	requiresWorkStyle	workStyleRequiredBy
onet	FenceErectors	1.C.2.b	requiresWorkStyle	workStyleRequiredBy
onet	FenceErectors	1.C.3.a	requiresWorkStyle	workStyleRequiredBy
onet	FenceErectors	1.C.3.b	requiresWorkStyle	workStyleRequiredBy
onet	FenceErectors	1.C.3.c	requiresWorkStyle	workStyleRequiredBy
onet	FenceErectors	1.C.4.a	requiresWorkStyle	workStyleRequiredBy
onet	FenceErectors	1.C.4.b	requiresWorkStyle	workStyleRequiredBy
onet	FenceErectors	1.C.4.c	requiresWorkStyle	workStyleRequiredBy
onet	FenceErectors	1.C.5.a	requiresWorkStyle	workStyleRequiredBy
onet	FenceErectors	1.C.5.b	requiresWorkStyle	workStyleRequiredBy
onet	FenceErectors	1.C.5.c	requiresWorkStyle	workStyleRequiredBy
onet	FenceErectors	1.C.6	requiresWorkStyle	workStyleRequiredBy
onet	FenceErectors	1.C.7.a	requiresWorkStyle	workStyleRequiredBy
onet	FenceErectors	1.C.7.b	requiresWorkStyle	workStyleRequiredBy
onet	FileClerks	1.C.1.a	requiresWorkStyle	workStyleRequiredBy
onet	FileClerks	1.C.1.b	requiresWorkStyle	workStyleRequiredBy
onet	FileClerks	1.C.1.c	requiresWorkStyle	workStyleRequiredBy
onet	FileClerks	1.C.2.b	requiresWorkStyle	workStyleRequiredBy
onet	FileClerks	1.C.3.a	requiresWorkStyle	workStyleRequiredBy
onet	FileClerks	1.C.3.b	requiresWorkStyle	workStyleRequiredBy
onet	FileClerks	1.C.3.c	requiresWorkStyle	workStyleRequiredBy
onet	FileClerks	1.C.4.a	requiresWorkStyle	workStyleRequiredBy
onet	FileClerks	1.C.4.b	requiresWorkStyle	workStyleRequiredBy
onet	FileClerks	1.C.4.c	requiresWorkStyle	workStyleRequiredBy
onet	FileClerks	1.C.5.a	requiresWorkStyle	workStyleRequiredBy
onet	FileClerks	1.C.5.b	requiresWorkStyle	workStyleRequiredBy
onet	FileClerks	1.C.5.c	requiresWorkStyle	workStyleRequiredBy
onet	FileClerks	1.C.6	requiresWorkStyle	workStyleRequiredBy
onet	FileClerks	1.C.7.a	requiresWorkStyle	workStyleRequiredBy
onet	FileClerks	1.C.7.b	requiresWorkStyle	workStyleRequiredBy
onet	Film	1.C.1.a	requiresWorkStyle	workStyleRequiredBy
onet	Film	1.C.1.b	requiresWorkStyle	workStyleRequiredBy
onet	Film	1.C.1.c	requiresWorkStyle	workStyleRequiredBy
onet	Film	1.C.2.b	requiresWorkStyle	workStyleRequiredBy
onet	Film	1.C.3.a	requiresWorkStyle	workStyleRequiredBy
onet	Film	1.C.3.b	requiresWorkStyle	workStyleRequiredBy
onet	Film	1.C.3.c	requiresWorkStyle	workStyleRequiredBy
onet	Film	1.C.4.a	requiresWorkStyle	workStyleRequiredBy
onet	Film	1.C.4.b	requiresWorkStyle	workStyleRequiredBy
onet	Film	1.C.4.c	requiresWorkStyle	workStyleRequiredBy
onet	Film	1.C.5.a	requiresWorkStyle	workStyleRequiredBy
onet	Film	1.C.5.b	requiresWorkStyle	workStyleRequiredBy
onet	Film	1.C.5.c	requiresWorkStyle	workStyleRequiredBy
onet	Film	1.C.6	requiresWorkStyle	workStyleRequiredBy
onet	Film	1.C.7.a	requiresWorkStyle	workStyleRequiredBy
onet	Film	1.C.7.b	requiresWorkStyle	workStyleRequiredBy
onet	FinancialExaminers	1.C.1.a	requiresWorkStyle	workStyleRequiredBy
onet	FinancialExaminers	1.C.1.b	requiresWorkStyle	workStyleRequiredBy
onet	FinancialExaminers	1.C.1.c	requiresWorkStyle	workStyleRequiredBy
onet	FinancialExaminers	1.C.2.b	requiresWorkStyle	workStyleRequiredBy
onet	FinancialExaminers	1.C.3.a	requiresWorkStyle	workStyleRequiredBy
onet	FinancialExaminers	1.C.3.b	requiresWorkStyle	workStyleRequiredBy
onet	FinancialExaminers	1.C.3.c	requiresWorkStyle	workStyleRequiredBy
onet	FinancialExaminers	1.C.4.a	requiresWorkStyle	workStyleRequiredBy
onet	FinancialExaminers	1.C.4.b	requiresWorkStyle	workStyleRequiredBy
onet	FinancialExaminers	1.C.4.c	requiresWorkStyle	workStyleRequiredBy
onet	FinancialExaminers	1.C.5.a	requiresWorkStyle	workStyleRequiredBy
onet	FinancialExaminers	1.C.5.b	requiresWorkStyle	workStyleRequiredBy
onet	FinancialExaminers	1.C.5.c	requiresWorkStyle	workStyleRequiredBy
onet	FinancialExaminers	1.C.6	requiresWorkStyle	workStyleRequiredBy
onet	FinancialExaminers	1.C.7.a	requiresWorkStyle	workStyleRequiredBy
onet	FinancialExaminers	1.C.7.b	requiresWorkStyle	workStyleRequiredBy
onet	FinancialManagers	1.C.1.a	requiresWorkStyle	workStyleRequiredBy
onet	FinancialManagers	1.C.1.b	requiresWorkStyle	workStyleRequiredBy
onet	FinancialManagers	1.C.1.c	requiresWorkStyle	workStyleRequiredBy
onet	FinancialManagers	1.C.2.b	requiresWorkStyle	workStyleRequiredBy
onet	FinancialManagers	1.C.3.a	requiresWorkStyle	workStyleRequiredBy
onet	FinancialManagers	1.C.3.b	requiresWorkStyle	workStyleRequiredBy
onet	FinancialManagers	1.C.3.c	requiresWorkStyle	workStyleRequiredBy
onet	FinancialManagers	1.C.4.a	requiresWorkStyle	workStyleRequiredBy
onet	FinancialManagers	1.C.4.b	requiresWorkStyle	workStyleRequiredBy
onet	FinancialManagers	1.C.4.c	requiresWorkStyle	workStyleRequiredBy
onet	FinancialManagers	1.C.5.a	requiresWorkStyle	workStyleRequiredBy
onet	FinancialManagers	1.C.5.b	requiresWorkStyle	workStyleRequiredBy
onet	FinancialManagers	1.C.5.c	requiresWorkStyle	workStyleRequiredBy
onet	FinancialManagers	1.C.6	requiresWorkStyle	workStyleRequiredBy
onet	FinancialManagers	1.C.7.a	requiresWorkStyle	workStyleRequiredBy
onet	FinancialManagers	1.C.7.b	requiresWorkStyle	workStyleRequiredBy
onet	FinancialQuantitativeAnalysts	1.C.1.a	requiresWorkStyle	workStyleRequiredBy
onet	FinancialQuantitativeAnalysts	1.C.1.b	requiresWorkStyle	workStyleRequiredBy
onet	FinancialQuantitativeAnalysts	1.C.1.c	requiresWorkStyle	workStyleRequiredBy
onet	FinancialQuantitativeAnalysts	1.C.2.b	requiresWorkStyle	workStyleRequiredBy
onet	FinancialQuantitativeAnalysts	1.C.3.a	requiresWorkStyle	workStyleRequiredBy
onet	FinancialQuantitativeAnalysts	1.C.3.b	requiresWorkStyle	workStyleRequiredBy
onet	FinancialQuantitativeAnalysts	1.C.3.c	requiresWorkStyle	workStyleRequiredBy
onet	FinancialQuantitativeAnalysts	1.C.4.a	requiresWorkStyle	workStyleRequiredBy
onet	FinancialQuantitativeAnalysts	1.C.4.b	requiresWorkStyle	workStyleRequiredBy
onet	FinancialQuantitativeAnalysts	1.C.4.c	requiresWorkStyle	workStyleRequiredBy
onet	FinancialQuantitativeAnalysts	1.C.5.a	requiresWorkStyle	workStyleRequiredBy
onet	FinancialQuantitativeAnalysts	1.C.5.b	requiresWorkStyle	workStyleRequiredBy
onet	FinancialQuantitativeAnalysts	1.C.5.c	requiresWorkStyle	workStyleRequiredBy
onet	FinancialQuantitativeAnalysts	1.C.6	requiresWorkStyle	workStyleRequiredBy
onet	FinancialQuantitativeAnalysts	1.C.7.a	requiresWorkStyle	workStyleRequiredBy
onet	FinancialQuantitativeAnalysts	1.C.7.b	requiresWorkStyle	workStyleRequiredBy
onet	FinancialServicesSalesAgents	1.C.1.a	requiresWorkStyle	workStyleRequiredBy
onet	FinancialServicesSalesAgents	1.C.1.b	requiresWorkStyle	workStyleRequiredBy
onet	FinancialServicesSalesAgents	1.C.1.c	requiresWorkStyle	workStyleRequiredBy
onet	FinancialServicesSalesAgents	1.C.2.b	requiresWorkStyle	workStyleRequiredBy
onet	FinancialServicesSalesAgents	1.C.3.a	requiresWorkStyle	workStyleRequiredBy
onet	FinancialServicesSalesAgents	1.C.3.b	requiresWorkStyle	workStyleRequiredBy
onet	FinancialServicesSalesAgents	1.C.3.c	requiresWorkStyle	workStyleRequiredBy
onet	FinancialServicesSalesAgents	1.C.4.a	requiresWorkStyle	workStyleRequiredBy
onet	FinancialServicesSalesAgents	1.C.4.b	requiresWorkStyle	workStyleRequiredBy
onet	FinancialServicesSalesAgents	1.C.4.c	requiresWorkStyle	workStyleRequiredBy
onet	FinancialServicesSalesAgents	1.C.5.a	requiresWorkStyle	workStyleRequiredBy
onet	FinancialServicesSalesAgents	1.C.5.b	requiresWorkStyle	workStyleRequiredBy
onet	FinancialServicesSalesAgents	1.C.5.c	requiresWorkStyle	workStyleRequiredBy
onet	FinancialServicesSalesAgents	1.C.6	requiresWorkStyle	workStyleRequiredBy
onet	FinancialServicesSalesAgents	1.C.7.a	requiresWorkStyle	workStyleRequiredBy
onet	FinancialServicesSalesAgents	1.C.7.b	requiresWorkStyle	workStyleRequiredBy
onet	Finishers	1.C.1.a	requiresWorkStyle	workStyleRequiredBy
onet	Finishers	1.C.1.b	requiresWorkStyle	workStyleRequiredBy
onet	Finishers	1.C.1.c	requiresWorkStyle	workStyleRequiredBy
onet	Finishers	1.C.2.b	requiresWorkStyle	workStyleRequiredBy
onet	Finishers	1.C.3.a	requiresWorkStyle	workStyleRequiredBy
onet	Finishers	1.C.3.b	requiresWorkStyle	workStyleRequiredBy
onet	Finishers	1.C.3.c	requiresWorkStyle	workStyleRequiredBy
onet	Finishers	1.C.4.a	requiresWorkStyle	workStyleRequiredBy
onet	Finishers	1.C.4.b	requiresWorkStyle	workStyleRequiredBy
onet	Finishers	1.C.4.c	requiresWorkStyle	workStyleRequiredBy
onet	Finishers	1.C.5.a	requiresWorkStyle	workStyleRequiredBy
onet	Finishers	1.C.5.b	requiresWorkStyle	workStyleRequiredBy
onet	Finishers	1.C.5.c	requiresWorkStyle	workStyleRequiredBy
onet	Finishers	1.C.6	requiresWorkStyle	workStyleRequiredBy
onet	Finishers	1.C.7.a	requiresWorkStyle	workStyleRequiredBy
onet	Finishers	1.C.7.b	requiresWorkStyle	workStyleRequiredBy
onet	FinishingWorkers	1.C.1.a	requiresWorkStyle	workStyleRequiredBy
onet	FinishingWorkers	1.C.1.b	requiresWorkStyle	workStyleRequiredBy
onet	FinishingWorkers	1.C.1.c	requiresWorkStyle	workStyleRequiredBy
onet	FinishingWorkers	1.C.2.b	requiresWorkStyle	workStyleRequiredBy
onet	FinishingWorkers	1.C.3.a	requiresWorkStyle	workStyleRequiredBy
onet	FinishingWorkers	1.C.3.b	requiresWorkStyle	workStyleRequiredBy
onet	FinishingWorkers	1.C.3.c	requiresWorkStyle	workStyleRequiredBy
onet	FinishingWorkers	1.C.4.a	requiresWorkStyle	workStyleRequiredBy
onet	FinishingWorkers	1.C.4.b	requiresWorkStyle	workStyleRequiredBy
onet	FinishingWorkers	1.C.4.c	requiresWorkStyle	workStyleRequiredBy
onet	FinishingWorkers	1.C.5.a	requiresWorkStyle	workStyleRequiredBy
onet	FinishingWorkers	1.C.5.b	requiresWorkStyle	workStyleRequiredBy
onet	FinishingWorkers	1.C.5.c	requiresWorkStyle	workStyleRequiredBy
onet	FinishingWorkers	1.C.6	requiresWorkStyle	workStyleRequiredBy
onet	FinishingWorkers	1.C.7.a	requiresWorkStyle	workStyleRequiredBy
onet	FinishingWorkers	1.C.7.b	requiresWorkStyle	workStyleRequiredBy
onet	FireAlarmSystemsInstallers	1.C.1.a	requiresWorkStyle	workStyleRequiredBy
onet	FireAlarmSystemsInstallers	1.C.1.b	requiresWorkStyle	workStyleRequiredBy
onet	FireAlarmSystemsInstallers	1.C.1.c	requiresWorkStyle	workStyleRequiredBy
onet	FireAlarmSystemsInstallers	1.C.2.b	requiresWorkStyle	workStyleRequiredBy
onet	FireAlarmSystemsInstallers	1.C.3.a	requiresWorkStyle	workStyleRequiredBy
onet	FireAlarmSystemsInstallers	1.C.3.b	requiresWorkStyle	workStyleRequiredBy
onet	FireAlarmSystemsInstallers	1.C.3.c	requiresWorkStyle	workStyleRequiredBy
onet	FireAlarmSystemsInstallers	1.C.4.a	requiresWorkStyle	workStyleRequiredBy
onet	FireAlarmSystemsInstallers	1.C.4.b	requiresWorkStyle	workStyleRequiredBy
onet	FireAlarmSystemsInstallers	1.C.4.c	requiresWorkStyle	workStyleRequiredBy
onet	FireAlarmSystemsInstallers	1.C.5.a	requiresWorkStyle	workStyleRequiredBy
onet	FireAlarmSystemsInstallers	1.C.5.b	requiresWorkStyle	workStyleRequiredBy
onet	FireAlarmSystemsInstallers	1.C.5.c	requiresWorkStyle	workStyleRequiredBy
onet	FireAlarmSystemsInstallers	1.C.6	requiresWorkStyle	workStyleRequiredBy
onet	FireAlarmSystemsInstallers	1.C.7.a	requiresWorkStyle	workStyleRequiredBy
onet	FireAlarmSystemsInstallers	1.C.7.b	requiresWorkStyle	workStyleRequiredBy
onet	Firefighters	1.C.1.a	requiresWorkStyle	workStyleRequiredBy
onet	Firefighters	1.C.1.b	requiresWorkStyle	workStyleRequiredBy
onet	Firefighters	1.C.1.c	requiresWorkStyle	workStyleRequiredBy
onet	Firefighters	1.C.2.b	requiresWorkStyle	workStyleRequiredBy
onet	Firefighters	1.C.3.a	requiresWorkStyle	workStyleRequiredBy
onet	Firefighters	1.C.3.b	requiresWorkStyle	workStyleRequiredBy
onet	Firefighters	1.C.3.c	requiresWorkStyle	workStyleRequiredBy
onet	Firefighters	1.C.4.a	requiresWorkStyle	workStyleRequiredBy
onet	Firefighters	1.C.4.b	requiresWorkStyle	workStyleRequiredBy
onet	Firefighters	1.C.4.c	requiresWorkStyle	workStyleRequiredBy
onet	Firefighters	1.C.5.a	requiresWorkStyle	workStyleRequiredBy
onet	Firefighters	1.C.5.b	requiresWorkStyle	workStyleRequiredBy
onet	Firefighters	1.C.5.c	requiresWorkStyle	workStyleRequiredBy
onet	Firefighters	1.C.6	requiresWorkStyle	workStyleRequiredBy
onet	Firefighters	1.C.7.a	requiresWorkStyle	workStyleRequiredBy
onet	Firefighters	1.C.7.b	requiresWorkStyle	workStyleRequiredBy
onet	FirstLineSupervisorsOfCorrectionalOfficers	1.C.1.a	requiresWorkStyle	workStyleRequiredBy
onet	FirstLineSupervisorsOfCorrectionalOfficers	1.C.1.b	requiresWorkStyle	workStyleRequiredBy
onet	FirstLineSupervisorsOfCorrectionalOfficers	1.C.1.c	requiresWorkStyle	workStyleRequiredBy
onet	FirstLineSupervisorsOfCorrectionalOfficers	1.C.2.b	requiresWorkStyle	workStyleRequiredBy
onet	FirstLineSupervisorsOfCorrectionalOfficers	1.C.3.a	requiresWorkStyle	workStyleRequiredBy
onet	FirstLineSupervisorsOfCorrectionalOfficers	1.C.3.b	requiresWorkStyle	workStyleRequiredBy
onet	FirstLineSupervisorsOfCorrectionalOfficers	1.C.3.c	requiresWorkStyle	workStyleRequiredBy
onet	FirstLineSupervisorsOfCorrectionalOfficers	1.C.4.a	requiresWorkStyle	workStyleRequiredBy
onet	FirstLineSupervisorsOfCorrectionalOfficers	1.C.4.b	requiresWorkStyle	workStyleRequiredBy
onet	FirstLineSupervisorsOfCorrectionalOfficers	1.C.4.c	requiresWorkStyle	workStyleRequiredBy
onet	FirstLineSupervisorsOfCorrectionalOfficers	1.C.5.a	requiresWorkStyle	workStyleRequiredBy
onet	FirstLineSupervisorsOfCorrectionalOfficers	1.C.5.b	requiresWorkStyle	workStyleRequiredBy
onet	FirstLineSupervisorsOfCorrectionalOfficers	1.C.5.c	requiresWorkStyle	workStyleRequiredBy
onet	FirstLineSupervisorsOfCorrectionalOfficers	1.C.6	requiresWorkStyle	workStyleRequiredBy
onet	FirstLineSupervisorsOfCorrectionalOfficers	1.C.7.a	requiresWorkStyle	workStyleRequiredBy
onet	FirstLineSupervisorsOfCorrectionalOfficers	1.C.7.b	requiresWorkStyle	workStyleRequiredBy
onet	FirstLineSupervisorsOfGamblingServicesWorkers	1.C.1.a	requiresWorkStyle	workStyleRequiredBy
onet	FirstLineSupervisorsOfGamblingServicesWorkers	1.C.1.b	requiresWorkStyle	workStyleRequiredBy
onet	FirstLineSupervisorsOfGamblingServicesWorkers	1.C.1.c	requiresWorkStyle	workStyleRequiredBy
onet	FirstLineSupervisorsOfGamblingServicesWorkers	1.C.2.b	requiresWorkStyle	workStyleRequiredBy
onet	FirstLineSupervisorsOfGamblingServicesWorkers	1.C.3.a	requiresWorkStyle	workStyleRequiredBy
onet	FirstLineSupervisorsOfGamblingServicesWorkers	1.C.3.b	requiresWorkStyle	workStyleRequiredBy
onet	FirstLineSupervisorsOfGamblingServicesWorkers	1.C.3.c	requiresWorkStyle	workStyleRequiredBy
onet	FirstLineSupervisorsOfGamblingServicesWorkers	1.C.4.a	requiresWorkStyle	workStyleRequiredBy
onet	FirstLineSupervisorsOfGamblingServicesWorkers	1.C.4.b	requiresWorkStyle	workStyleRequiredBy
onet	FirstLineSupervisorsOfGamblingServicesWorkers	1.C.4.c	requiresWorkStyle	workStyleRequiredBy
onet	FirstLineSupervisorsOfGamblingServicesWorkers	1.C.5.a	requiresWorkStyle	workStyleRequiredBy
onet	FirstLineSupervisorsOfGamblingServicesWorkers	1.C.5.b	requiresWorkStyle	workStyleRequiredBy
onet	FirstLineSupervisorsOfGamblingServicesWorkers	1.C.5.c	requiresWorkStyle	workStyleRequiredBy
onet	FirstLineSupervisorsOfGamblingServicesWorkers	1.C.6	requiresWorkStyle	workStyleRequiredBy
onet	FirstLineSupervisorsOfGamblingServicesWorkers	1.C.7.a	requiresWorkStyle	workStyleRequiredBy
onet	FirstLineSupervisorsOfGamblingServicesWorkers	1.C.7.b	requiresWorkStyle	workStyleRequiredBy
onet	FirstLineSupervisorsOfNonRetailSalesWorkers	1.C.1.a	requiresWorkStyle	workStyleRequiredBy
onet	FirstLineSupervisorsOfNonRetailSalesWorkers	1.C.1.b	requiresWorkStyle	workStyleRequiredBy
onet	FirstLineSupervisorsOfNonRetailSalesWorkers	1.C.1.c	requiresWorkStyle	workStyleRequiredBy
onet	FirstLineSupervisorsOfNonRetailSalesWorkers	1.C.2.b	requiresWorkStyle	workStyleRequiredBy
onet	FirstLineSupervisorsOfNonRetailSalesWorkers	1.C.3.a	requiresWorkStyle	workStyleRequiredBy
onet	FirstLineSupervisorsOfNonRetailSalesWorkers	1.C.3.b	requiresWorkStyle	workStyleRequiredBy
onet	FirstLineSupervisorsOfNonRetailSalesWorkers	1.C.3.c	requiresWorkStyle	workStyleRequiredBy
onet	FirstLineSupervisorsOfNonRetailSalesWorkers	1.C.4.a	requiresWorkStyle	workStyleRequiredBy
onet	FirstLineSupervisorsOfNonRetailSalesWorkers	1.C.4.b	requiresWorkStyle	workStyleRequiredBy
onet	FirstLineSupervisorsOfNonRetailSalesWorkers	1.C.4.c	requiresWorkStyle	workStyleRequiredBy
onet	FirstLineSupervisorsOfNonRetailSalesWorkers	1.C.5.a	requiresWorkStyle	workStyleRequiredBy
onet	FirstLineSupervisorsOfNonRetailSalesWorkers	1.C.5.b	requiresWorkStyle	workStyleRequiredBy
onet	FirstLineSupervisorsOfNonRetailSalesWorkers	1.C.5.c	requiresWorkStyle	workStyleRequiredBy
onet	FirstLineSupervisorsOfNonRetailSalesWorkers	1.C.6	requiresWorkStyle	workStyleRequiredBy
onet	FirstLineSupervisorsOfNonRetailSalesWorkers	1.C.7.a	requiresWorkStyle	workStyleRequiredBy
onet	FirstLineSupervisorsOfNonRetailSalesWorkers	1.C.7.b	requiresWorkStyle	workStyleRequiredBy
onet	FirstLineSupervisorsOfPersonalServiceWorkers	1.C.1.a	requiresWorkStyle	workStyleRequiredBy
onet	FirstLineSupervisorsOfPersonalServiceWorkers	1.C.1.b	requiresWorkStyle	workStyleRequiredBy
onet	FirstLineSupervisorsOfPersonalServiceWorkers	1.C.1.c	requiresWorkStyle	workStyleRequiredBy
onet	FirstLineSupervisorsOfPersonalServiceWorkers	1.C.2.b	requiresWorkStyle	workStyleRequiredBy
onet	FirstLineSupervisorsOfPersonalServiceWorkers	1.C.3.a	requiresWorkStyle	workStyleRequiredBy
onet	FirstLineSupervisorsOfPersonalServiceWorkers	1.C.3.b	requiresWorkStyle	workStyleRequiredBy
onet	FirstLineSupervisorsOfPersonalServiceWorkers	1.C.3.c	requiresWorkStyle	workStyleRequiredBy
onet	FirstLineSupervisorsOfPersonalServiceWorkers	1.C.4.a	requiresWorkStyle	workStyleRequiredBy
onet	FirstLineSupervisorsOfPersonalServiceWorkers	1.C.4.b	requiresWorkStyle	workStyleRequiredBy
onet	FirstLineSupervisorsOfPersonalServiceWorkers	1.C.4.c	requiresWorkStyle	workStyleRequiredBy
onet	FirstLineSupervisorsOfPersonalServiceWorkers	1.C.5.a	requiresWorkStyle	workStyleRequiredBy
onet	FirstLineSupervisorsOfPersonalServiceWorkers	1.C.5.b	requiresWorkStyle	workStyleRequiredBy
onet	FirstLineSupervisorsOfPersonalServiceWorkers	1.C.5.c	requiresWorkStyle	workStyleRequiredBy
onet	FirstLineSupervisorsOfPersonalServiceWorkers	1.C.6	requiresWorkStyle	workStyleRequiredBy
onet	FirstLineSupervisorsOfPersonalServiceWorkers	1.C.7.a	requiresWorkStyle	workStyleRequiredBy
onet	FirstLineSupervisorsOfPersonalServiceWorkers	1.C.7.b	requiresWorkStyle	workStyleRequiredBy
onet	FirstLineSupervisorsOfRetailSalesWorkers	1.C.1.a	requiresWorkStyle	workStyleRequiredBy
onet	FirstLineSupervisorsOfRetailSalesWorkers	1.C.1.b	requiresWorkStyle	workStyleRequiredBy
onet	FirstLineSupervisorsOfRetailSalesWorkers	1.C.1.c	requiresWorkStyle	workStyleRequiredBy
onet	FirstLineSupervisorsOfRetailSalesWorkers	1.C.2.b	requiresWorkStyle	workStyleRequiredBy
onet	FirstLineSupervisorsOfRetailSalesWorkers	1.C.3.a	requiresWorkStyle	workStyleRequiredBy
onet	FirstLineSupervisorsOfRetailSalesWorkers	1.C.3.b	requiresWorkStyle	workStyleRequiredBy
onet	FirstLineSupervisorsOfRetailSalesWorkers	1.C.3.c	requiresWorkStyle	workStyleRequiredBy
onet	FirstLineSupervisorsOfRetailSalesWorkers	1.C.4.a	requiresWorkStyle	workStyleRequiredBy
onet	FirstLineSupervisorsOfRetailSalesWorkers	1.C.4.b	requiresWorkStyle	workStyleRequiredBy
onet	FirstLineSupervisorsOfRetailSalesWorkers	1.C.4.c	requiresWorkStyle	workStyleRequiredBy
onet	FirstLineSupervisorsOfRetailSalesWorkers	1.C.5.a	requiresWorkStyle	workStyleRequiredBy
onet	FirstLineSupervisorsOfRetailSalesWorkers	1.C.5.b	requiresWorkStyle	workStyleRequiredBy
onet	FirstLineSupervisorsOfRetailSalesWorkers	1.C.5.c	requiresWorkStyle	workStyleRequiredBy
onet	FirstLineSupervisorsOfRetailSalesWorkers	1.C.6	requiresWorkStyle	workStyleRequiredBy
onet	FirstLineSupervisorsOfRetailSalesWorkers	1.C.7.a	requiresWorkStyle	workStyleRequiredBy
onet	FirstLineSupervisorsOfRetailSalesWorkers	1.C.7.b	requiresWorkStyle	workStyleRequiredBy
onet	FirstLineSupervisorsOfSecurityWorkers	1.C.1.a	requiresWorkStyle	workStyleRequiredBy
onet	FirstLineSupervisorsOfSecurityWorkers	1.C.1.b	requiresWorkStyle	workStyleRequiredBy
onet	FirstLineSupervisorsOfSecurityWorkers	1.C.1.c	requiresWorkStyle	workStyleRequiredBy
onet	FirstLineSupervisorsOfSecurityWorkers	1.C.2.b	requiresWorkStyle	workStyleRequiredBy
onet	FirstLineSupervisorsOfSecurityWorkers	1.C.3.a	requiresWorkStyle	workStyleRequiredBy
onet	FirstLineSupervisorsOfSecurityWorkers	1.C.3.b	requiresWorkStyle	workStyleRequiredBy
onet	FirstLineSupervisorsOfSecurityWorkers	1.C.3.c	requiresWorkStyle	workStyleRequiredBy
onet	FirstLineSupervisorsOfSecurityWorkers	1.C.4.a	requiresWorkStyle	workStyleRequiredBy
onet	FirstLineSupervisorsOfSecurityWorkers	1.C.4.b	requiresWorkStyle	workStyleRequiredBy
onet	FirstLineSupervisorsOfSecurityWorkers	1.C.4.c	requiresWorkStyle	workStyleRequiredBy
onet	FirstLineSupervisorsOfSecurityWorkers	1.C.5.a	requiresWorkStyle	workStyleRequiredBy
onet	FirstLineSupervisorsOfSecurityWorkers	1.C.5.b	requiresWorkStyle	workStyleRequiredBy
onet	FirstLineSupervisorsOfSecurityWorkers	1.C.5.c	requiresWorkStyle	workStyleRequiredBy
onet	FirstLineSupervisorsOfSecurityWorkers	1.C.6	requiresWorkStyle	workStyleRequiredBy
onet	FirstLineSupervisorsOfSecurityWorkers	1.C.7.a	requiresWorkStyle	workStyleRequiredBy
onet	FirstLineSupervisorsOfSecurityWorkers	1.C.7.b	requiresWorkStyle	workStyleRequiredBy
onet	FitnessStudiesTeachersPostsecondary	1.C.1.a	requiresWorkStyle	workStyleRequiredBy
onet	FitnessStudiesTeachersPostsecondary	1.C.1.b	requiresWorkStyle	workStyleRequiredBy
onet	FitnessStudiesTeachersPostsecondary	1.C.1.c	requiresWorkStyle	workStyleRequiredBy
onet	FitnessStudiesTeachersPostsecondary	1.C.2.b	requiresWorkStyle	workStyleRequiredBy
onet	FitnessStudiesTeachersPostsecondary	1.C.3.a	requiresWorkStyle	workStyleRequiredBy
onet	FitnessStudiesTeachersPostsecondary	1.C.3.b	requiresWorkStyle	workStyleRequiredBy
onet	FitnessStudiesTeachersPostsecondary	1.C.3.c	requiresWorkStyle	workStyleRequiredBy
onet	FitnessStudiesTeachersPostsecondary	1.C.4.a	requiresWorkStyle	workStyleRequiredBy
onet	FitnessStudiesTeachersPostsecondary	1.C.4.b	requiresWorkStyle	workStyleRequiredBy
onet	FitnessStudiesTeachersPostsecondary	1.C.4.c	requiresWorkStyle	workStyleRequiredBy
onet	FitnessStudiesTeachersPostsecondary	1.C.5.a	requiresWorkStyle	workStyleRequiredBy
onet	FitnessStudiesTeachersPostsecondary	1.C.5.b	requiresWorkStyle	workStyleRequiredBy
onet	FitnessStudiesTeachersPostsecondary	1.C.5.c	requiresWorkStyle	workStyleRequiredBy
onet	FitnessStudiesTeachersPostsecondary	1.C.6	requiresWorkStyle	workStyleRequiredBy
onet	FitnessStudiesTeachersPostsecondary	1.C.7.a	requiresWorkStyle	workStyleRequiredBy
onet	FitnessStudiesTeachersPostsecondary	1.C.7.b	requiresWorkStyle	workStyleRequiredBy
onet	Fitters	1.C.1.a	requiresWorkStyle	workStyleRequiredBy
onet	Fitters	1.C.1.b	requiresWorkStyle	workStyleRequiredBy
onet	Fitters	1.C.1.c	requiresWorkStyle	workStyleRequiredBy
onet	Fitters	1.C.2.b	requiresWorkStyle	workStyleRequiredBy
onet	Fitters	1.C.3.a	requiresWorkStyle	workStyleRequiredBy
onet	Fitters	1.C.3.b	requiresWorkStyle	workStyleRequiredBy
onet	Fitters	1.C.3.c	requiresWorkStyle	workStyleRequiredBy
onet	Fitters	1.C.4.a	requiresWorkStyle	workStyleRequiredBy
onet	Fitters	1.C.4.b	requiresWorkStyle	workStyleRequiredBy
onet	Fitters	1.C.4.c	requiresWorkStyle	workStyleRequiredBy
onet	Fitters	1.C.5.a	requiresWorkStyle	workStyleRequiredBy
onet	Fitters	1.C.5.b	requiresWorkStyle	workStyleRequiredBy
onet	Fitters	1.C.5.c	requiresWorkStyle	workStyleRequiredBy
onet	Fitters	1.C.6	requiresWorkStyle	workStyleRequiredBy
onet	Fitters	1.C.7.a	requiresWorkStyle	workStyleRequiredBy
onet	Fitters	1.C.7.b	requiresWorkStyle	workStyleRequiredBy
onet	Flaggers	1.C.1.a	requiresWorkStyle	workStyleRequiredBy
onet	Flaggers	1.C.1.b	requiresWorkStyle	workStyleRequiredBy
onet	Flaggers	1.C.1.c	requiresWorkStyle	workStyleRequiredBy
onet	Flaggers	1.C.2.b	requiresWorkStyle	workStyleRequiredBy
onet	Flaggers	1.C.3.a	requiresWorkStyle	workStyleRequiredBy
onet	Flaggers	1.C.3.b	requiresWorkStyle	workStyleRequiredBy
onet	Flaggers	1.C.3.c	requiresWorkStyle	workStyleRequiredBy
onet	Flaggers	1.C.4.a	requiresWorkStyle	workStyleRequiredBy
onet	Flaggers	1.C.4.b	requiresWorkStyle	workStyleRequiredBy
onet	Flaggers	1.C.4.c	requiresWorkStyle	workStyleRequiredBy
onet	Flaggers	1.C.5.a	requiresWorkStyle	workStyleRequiredBy
onet	Flaggers	1.C.5.b	requiresWorkStyle	workStyleRequiredBy
onet	Flaggers	1.C.5.c	requiresWorkStyle	workStyleRequiredBy
onet	Flaggers	1.C.6	requiresWorkStyle	workStyleRequiredBy
onet	Flaggers	1.C.7.a	requiresWorkStyle	workStyleRequiredBy
onet	Flaggers	1.C.7.b	requiresWorkStyle	workStyleRequiredBy
onet	FlightAttendants	1.C.1.a	requiresWorkStyle	workStyleRequiredBy
onet	FlightAttendants	1.C.1.b	requiresWorkStyle	workStyleRequiredBy
onet	FlightAttendants	1.C.1.c	requiresWorkStyle	workStyleRequiredBy
onet	FlightAttendants	1.C.2.b	requiresWorkStyle	workStyleRequiredBy
onet	FlightAttendants	1.C.3.a	requiresWorkStyle	workStyleRequiredBy
onet	FlightAttendants	1.C.3.b	requiresWorkStyle	workStyleRequiredBy
onet	FlightAttendants	1.C.3.c	requiresWorkStyle	workStyleRequiredBy
onet	FlightAttendants	1.C.4.a	requiresWorkStyle	workStyleRequiredBy
onet	FlightAttendants	1.C.4.b	requiresWorkStyle	workStyleRequiredBy
onet	FlightAttendants	1.C.4.c	requiresWorkStyle	workStyleRequiredBy
onet	FlightAttendants	1.C.5.a	requiresWorkStyle	workStyleRequiredBy
onet	FlightAttendants	1.C.5.b	requiresWorkStyle	workStyleRequiredBy
onet	FlightAttendants	1.C.5.c	requiresWorkStyle	workStyleRequiredBy
onet	FlightAttendants	1.C.6	requiresWorkStyle	workStyleRequiredBy
onet	FlightAttendants	1.C.7.a	requiresWorkStyle	workStyleRequiredBy
onet	FlightAttendants	1.C.7.b	requiresWorkStyle	workStyleRequiredBy
onet	FlightEngineers	1.C.1.a	requiresWorkStyle	workStyleRequiredBy
onet	FlightEngineers	1.C.1.b	requiresWorkStyle	workStyleRequiredBy
onet	FlightEngineers	1.C.1.c	requiresWorkStyle	workStyleRequiredBy
onet	FlightEngineers	1.C.2.b	requiresWorkStyle	workStyleRequiredBy
onet	FlightEngineers	1.C.3.a	requiresWorkStyle	workStyleRequiredBy
onet	FlightEngineers	1.C.3.b	requiresWorkStyle	workStyleRequiredBy
onet	FlightEngineers	1.C.3.c	requiresWorkStyle	workStyleRequiredBy
onet	FlightEngineers	1.C.4.a	requiresWorkStyle	workStyleRequiredBy
onet	FlightEngineers	1.C.4.b	requiresWorkStyle	workStyleRequiredBy
onet	FlightEngineers	1.C.4.c	requiresWorkStyle	workStyleRequiredBy
onet	FlightEngineers	1.C.5.a	requiresWorkStyle	workStyleRequiredBy
onet	FlightEngineers	1.C.5.b	requiresWorkStyle	workStyleRequiredBy
onet	FlightEngineers	1.C.5.c	requiresWorkStyle	workStyleRequiredBy
onet	FlightEngineers	1.C.6	requiresWorkStyle	workStyleRequiredBy
onet	FlightEngineers	1.C.7.a	requiresWorkStyle	workStyleRequiredBy
onet	FlightEngineers	1.C.7.b	requiresWorkStyle	workStyleRequiredBy
onet	FloralDesigners	1.C.1.a	requiresWorkStyle	workStyleRequiredBy
onet	FloralDesigners	1.C.1.b	requiresWorkStyle	workStyleRequiredBy
onet	FloralDesigners	1.C.1.c	requiresWorkStyle	workStyleRequiredBy
onet	FloralDesigners	1.C.2.b	requiresWorkStyle	workStyleRequiredBy
onet	FloralDesigners	1.C.3.a	requiresWorkStyle	workStyleRequiredBy
onet	FloralDesigners	1.C.3.b	requiresWorkStyle	workStyleRequiredBy
onet	FloralDesigners	1.C.3.c	requiresWorkStyle	workStyleRequiredBy
onet	FloralDesigners	1.C.4.a	requiresWorkStyle	workStyleRequiredBy
onet	FloralDesigners	1.C.4.b	requiresWorkStyle	workStyleRequiredBy
onet	FloralDesigners	1.C.4.c	requiresWorkStyle	workStyleRequiredBy
onet	FloralDesigners	1.C.5.a	requiresWorkStyle	workStyleRequiredBy
onet	FloralDesigners	1.C.5.b	requiresWorkStyle	workStyleRequiredBy
onet	FloralDesigners	1.C.5.c	requiresWorkStyle	workStyleRequiredBy
onet	FloralDesigners	1.C.6	requiresWorkStyle	workStyleRequiredBy
onet	FloralDesigners	1.C.7.a	requiresWorkStyle	workStyleRequiredBy
onet	FloralDesigners	1.C.7.b	requiresWorkStyle	workStyleRequiredBy
onet	FoodBatchmakers	1.C.1.a	requiresWorkStyle	workStyleRequiredBy
onet	FoodBatchmakers	1.C.1.b	requiresWorkStyle	workStyleRequiredBy
onet	FoodBatchmakers	1.C.1.c	requiresWorkStyle	workStyleRequiredBy
onet	FoodBatchmakers	1.C.2.b	requiresWorkStyle	workStyleRequiredBy
onet	FoodBatchmakers	1.C.3.a	requiresWorkStyle	workStyleRequiredBy
onet	FoodBatchmakers	1.C.3.b	requiresWorkStyle	workStyleRequiredBy
onet	FoodBatchmakers	1.C.3.c	requiresWorkStyle	workStyleRequiredBy
onet	FoodBatchmakers	1.C.4.a	requiresWorkStyle	workStyleRequiredBy
onet	FoodBatchmakers	1.C.4.b	requiresWorkStyle	workStyleRequiredBy
onet	FoodBatchmakers	1.C.4.c	requiresWorkStyle	workStyleRequiredBy
onet	FoodBatchmakers	1.C.5.a	requiresWorkStyle	workStyleRequiredBy
onet	FoodBatchmakers	1.C.5.b	requiresWorkStyle	workStyleRequiredBy
onet	FoodBatchmakers	1.C.5.c	requiresWorkStyle	workStyleRequiredBy
onet	FoodBatchmakers	1.C.6	requiresWorkStyle	workStyleRequiredBy
onet	FoodBatchmakers	1.C.7.a	requiresWorkStyle	workStyleRequiredBy
onet	FoodBatchmakers	1.C.7.b	requiresWorkStyle	workStyleRequiredBy
onet	FoodPreparationWorkers	1.C.1.a	requiresWorkStyle	workStyleRequiredBy
onet	FoodPreparationWorkers	1.C.1.b	requiresWorkStyle	workStyleRequiredBy
onet	FoodPreparationWorkers	1.C.1.c	requiresWorkStyle	workStyleRequiredBy
onet	FoodPreparationWorkers	1.C.2.b	requiresWorkStyle	workStyleRequiredBy
onet	FoodPreparationWorkers	1.C.3.a	requiresWorkStyle	workStyleRequiredBy
onet	FoodPreparationWorkers	1.C.3.b	requiresWorkStyle	workStyleRequiredBy
onet	FoodPreparationWorkers	1.C.3.c	requiresWorkStyle	workStyleRequiredBy
onet	FoodPreparationWorkers	1.C.4.a	requiresWorkStyle	workStyleRequiredBy
onet	FoodPreparationWorkers	1.C.4.b	requiresWorkStyle	workStyleRequiredBy
onet	FoodPreparationWorkers	1.C.4.c	requiresWorkStyle	workStyleRequiredBy
onet	FoodPreparationWorkers	1.C.5.a	requiresWorkStyle	workStyleRequiredBy
onet	FoodPreparationWorkers	1.C.5.b	requiresWorkStyle	workStyleRequiredBy
onet	FoodPreparationWorkers	1.C.5.c	requiresWorkStyle	workStyleRequiredBy
onet	FoodPreparationWorkers	1.C.6	requiresWorkStyle	workStyleRequiredBy
onet	FoodPreparationWorkers	1.C.7.a	requiresWorkStyle	workStyleRequiredBy
onet	FoodPreparationWorkers	1.C.7.b	requiresWorkStyle	workStyleRequiredBy
onet	FoodScienceTechnicians	1.C.1.a	requiresWorkStyle	workStyleRequiredBy
onet	FoodScienceTechnicians	1.C.1.b	requiresWorkStyle	workStyleRequiredBy
onet	FoodScienceTechnicians	1.C.1.c	requiresWorkStyle	workStyleRequiredBy
onet	FoodScienceTechnicians	1.C.2.b	requiresWorkStyle	workStyleRequiredBy
onet	FoodScienceTechnicians	1.C.3.a	requiresWorkStyle	workStyleRequiredBy
onet	FoodScienceTechnicians	1.C.3.b	requiresWorkStyle	workStyleRequiredBy
onet	FoodScienceTechnicians	1.C.3.c	requiresWorkStyle	workStyleRequiredBy
onet	FoodScienceTechnicians	1.C.4.a	requiresWorkStyle	workStyleRequiredBy
onet	FoodScienceTechnicians	1.C.4.b	requiresWorkStyle	workStyleRequiredBy
onet	FoodScienceTechnicians	1.C.4.c	requiresWorkStyle	workStyleRequiredBy
onet	FoodScienceTechnicians	1.C.5.a	requiresWorkStyle	workStyleRequiredBy
onet	FoodScienceTechnicians	1.C.5.b	requiresWorkStyle	workStyleRequiredBy
onet	FoodScienceTechnicians	1.C.5.c	requiresWorkStyle	workStyleRequiredBy
onet	FoodScienceTechnicians	1.C.6	requiresWorkStyle	workStyleRequiredBy
onet	FoodScienceTechnicians	1.C.7.a	requiresWorkStyle	workStyleRequiredBy
onet	FoodScienceTechnicians	1.C.7.b	requiresWorkStyle	workStyleRequiredBy
onet	FoodServersNonrestaurant	1.C.1.a	requiresWorkStyle	workStyleRequiredBy
onet	FoodServersNonrestaurant	1.C.1.b	requiresWorkStyle	workStyleRequiredBy
onet	FoodServersNonrestaurant	1.C.1.c	requiresWorkStyle	workStyleRequiredBy
onet	FoodServersNonrestaurant	1.C.2.b	requiresWorkStyle	workStyleRequiredBy
onet	FoodServersNonrestaurant	1.C.3.a	requiresWorkStyle	workStyleRequiredBy
onet	FoodServersNonrestaurant	1.C.3.b	requiresWorkStyle	workStyleRequiredBy
onet	FoodServersNonrestaurant	1.C.3.c	requiresWorkStyle	workStyleRequiredBy
onet	FoodServersNonrestaurant	1.C.4.a	requiresWorkStyle	workStyleRequiredBy
onet	FoodServersNonrestaurant	1.C.4.b	requiresWorkStyle	workStyleRequiredBy
onet	FoodServersNonrestaurant	1.C.4.c	requiresWorkStyle	workStyleRequiredBy
onet	FoodServersNonrestaurant	1.C.5.a	requiresWorkStyle	workStyleRequiredBy
onet	FoodServersNonrestaurant	1.C.5.b	requiresWorkStyle	workStyleRequiredBy
onet	FoodServersNonrestaurant	1.C.5.c	requiresWorkStyle	workStyleRequiredBy
onet	FoodServersNonrestaurant	1.C.6	requiresWorkStyle	workStyleRequiredBy
onet	FoodServersNonrestaurant	1.C.7.a	requiresWorkStyle	workStyleRequiredBy
onet	FoodServersNonrestaurant	1.C.7.b	requiresWorkStyle	workStyleRequiredBy
onet	FoodServiceManagers	1.C.1.a	requiresWorkStyle	workStyleRequiredBy
onet	FoodServiceManagers	1.C.1.b	requiresWorkStyle	workStyleRequiredBy
onet	FoodServiceManagers	1.C.1.c	requiresWorkStyle	workStyleRequiredBy
onet	FoodServiceManagers	1.C.2.b	requiresWorkStyle	workStyleRequiredBy
onet	FoodServiceManagers	1.C.3.a	requiresWorkStyle	workStyleRequiredBy
onet	FoodServiceManagers	1.C.3.b	requiresWorkStyle	workStyleRequiredBy
onet	FoodServiceManagers	1.C.3.c	requiresWorkStyle	workStyleRequiredBy
onet	FoodServiceManagers	1.C.4.a	requiresWorkStyle	workStyleRequiredBy
onet	FoodServiceManagers	1.C.4.b	requiresWorkStyle	workStyleRequiredBy
onet	FoodServiceManagers	1.C.4.c	requiresWorkStyle	workStyleRequiredBy
onet	FoodServiceManagers	1.C.5.a	requiresWorkStyle	workStyleRequiredBy
onet	FoodServiceManagers	1.C.5.b	requiresWorkStyle	workStyleRequiredBy
onet	FoodServiceManagers	1.C.5.c	requiresWorkStyle	workStyleRequiredBy
onet	FoodServiceManagers	1.C.6	requiresWorkStyle	workStyleRequiredBy
onet	FoodServiceManagers	1.C.7.a	requiresWorkStyle	workStyleRequiredBy
onet	FoodServiceManagers	1.C.7.b	requiresWorkStyle	workStyleRequiredBy
onet	ForeignLanguageTeachers	1.C.1.a	requiresWorkStyle	workStyleRequiredBy
onet	ForeignLanguageTeachers	1.C.1.b	requiresWorkStyle	workStyleRequiredBy
onet	ForeignLanguageTeachers	1.C.1.c	requiresWorkStyle	workStyleRequiredBy
onet	ForeignLanguageTeachers	1.C.2.b	requiresWorkStyle	workStyleRequiredBy
onet	ForeignLanguageTeachers	1.C.3.a	requiresWorkStyle	workStyleRequiredBy
onet	ForeignLanguageTeachers	1.C.3.b	requiresWorkStyle	workStyleRequiredBy
onet	ForeignLanguageTeachers	1.C.3.c	requiresWorkStyle	workStyleRequiredBy
onet	ForeignLanguageTeachers	1.C.4.a	requiresWorkStyle	workStyleRequiredBy
onet	ForeignLanguageTeachers	1.C.4.b	requiresWorkStyle	workStyleRequiredBy
onet	ForeignLanguageTeachers	1.C.4.c	requiresWorkStyle	workStyleRequiredBy
onet	ForeignLanguageTeachers	1.C.5.a	requiresWorkStyle	workStyleRequiredBy
onet	ForeignLanguageTeachers	1.C.5.b	requiresWorkStyle	workStyleRequiredBy
onet	ForeignLanguageTeachers	1.C.5.c	requiresWorkStyle	workStyleRequiredBy
onet	ForeignLanguageTeachers	1.C.6	requiresWorkStyle	workStyleRequiredBy
onet	ForeignLanguageTeachers	1.C.7.a	requiresWorkStyle	workStyleRequiredBy
onet	ForeignLanguageTeachers	1.C.7.b	requiresWorkStyle	workStyleRequiredBy
onet	ForensicScienceTechnicians	1.C.1.a	requiresWorkStyle	workStyleRequiredBy
onet	ForensicScienceTechnicians	1.C.1.b	requiresWorkStyle	workStyleRequiredBy
onet	ForensicScienceTechnicians	1.C.1.c	requiresWorkStyle	workStyleRequiredBy
onet	ForensicScienceTechnicians	1.C.2.b	requiresWorkStyle	workStyleRequiredBy
onet	ForensicScienceTechnicians	1.C.3.a	requiresWorkStyle	workStyleRequiredBy
onet	ForensicScienceTechnicians	1.C.3.b	requiresWorkStyle	workStyleRequiredBy
onet	ForensicScienceTechnicians	1.C.3.c	requiresWorkStyle	workStyleRequiredBy
onet	ForensicScienceTechnicians	1.C.4.a	requiresWorkStyle	workStyleRequiredBy
onet	ForensicScienceTechnicians	1.C.4.b	requiresWorkStyle	workStyleRequiredBy
onet	ForensicScienceTechnicians	1.C.4.c	requiresWorkStyle	workStyleRequiredBy
onet	ForensicScienceTechnicians	1.C.5.a	requiresWorkStyle	workStyleRequiredBy
onet	ForensicScienceTechnicians	1.C.5.b	requiresWorkStyle	workStyleRequiredBy
onet	ForensicScienceTechnicians	1.C.5.c	requiresWorkStyle	workStyleRequiredBy
onet	ForensicScienceTechnicians	1.C.6	requiresWorkStyle	workStyleRequiredBy
onet	ForensicScienceTechnicians	1.C.7.a	requiresWorkStyle	workStyleRequiredBy
onet	ForensicScienceTechnicians	1.C.7.b	requiresWorkStyle	workStyleRequiredBy
onet	Foresters	1.C.1.a	requiresWorkStyle	workStyleRequiredBy
onet	Foresters	1.C.1.b	requiresWorkStyle	workStyleRequiredBy
onet	Foresters	1.C.1.c	requiresWorkStyle	workStyleRequiredBy
onet	Foresters	1.C.2.b	requiresWorkStyle	workStyleRequiredBy
onet	Foresters	1.C.3.a	requiresWorkStyle	workStyleRequiredBy
onet	Foresters	1.C.3.b	requiresWorkStyle	workStyleRequiredBy
onet	Foresters	1.C.3.c	requiresWorkStyle	workStyleRequiredBy
onet	Foresters	1.C.4.a	requiresWorkStyle	workStyleRequiredBy
onet	Foresters	1.C.4.b	requiresWorkStyle	workStyleRequiredBy
onet	Foresters	1.C.4.c	requiresWorkStyle	workStyleRequiredBy
onet	Foresters	1.C.5.a	requiresWorkStyle	workStyleRequiredBy
onet	Foresters	1.C.5.b	requiresWorkStyle	workStyleRequiredBy
onet	Foresters	1.C.5.c	requiresWorkStyle	workStyleRequiredBy
onet	Foresters	1.C.6	requiresWorkStyle	workStyleRequiredBy
onet	Foresters	1.C.7.a	requiresWorkStyle	workStyleRequiredBy
onet	Foresters	1.C.7.b	requiresWorkStyle	workStyleRequiredBy
onet	ForestryWorkers	1.C.1.a	requiresWorkStyle	workStyleRequiredBy
onet	ForestryWorkers	1.C.1.b	requiresWorkStyle	workStyleRequiredBy
onet	ForestryWorkers	1.C.1.c	requiresWorkStyle	workStyleRequiredBy
onet	ForestryWorkers	1.C.2.b	requiresWorkStyle	workStyleRequiredBy
onet	ForestryWorkers	1.C.3.a	requiresWorkStyle	workStyleRequiredBy
onet	ForestryWorkers	1.C.3.b	requiresWorkStyle	workStyleRequiredBy
onet	ForestryWorkers	1.C.3.c	requiresWorkStyle	workStyleRequiredBy
onet	ForestryWorkers	1.C.4.a	requiresWorkStyle	workStyleRequiredBy
onet	ForestryWorkers	1.C.4.b	requiresWorkStyle	workStyleRequiredBy
onet	ForestryWorkers	1.C.4.c	requiresWorkStyle	workStyleRequiredBy
onet	ForestryWorkers	1.C.5.a	requiresWorkStyle	workStyleRequiredBy
onet	ForestryWorkers	1.C.5.b	requiresWorkStyle	workStyleRequiredBy
onet	ForestryWorkers	1.C.5.c	requiresWorkStyle	workStyleRequiredBy
onet	ForestryWorkers	1.C.6	requiresWorkStyle	workStyleRequiredBy
onet	ForestryWorkers	1.C.7.a	requiresWorkStyle	workStyleRequiredBy
onet	ForestryWorkers	1.C.7.b	requiresWorkStyle	workStyleRequiredBy
onet	FreightAgents	1.C.1.a	requiresWorkStyle	workStyleRequiredBy
onet	FreightAgents	1.C.1.b	requiresWorkStyle	workStyleRequiredBy
onet	FreightAgents	1.C.1.c	requiresWorkStyle	workStyleRequiredBy
onet	FreightAgents	1.C.2.b	requiresWorkStyle	workStyleRequiredBy
onet	FreightAgents	1.C.3.a	requiresWorkStyle	workStyleRequiredBy
onet	FreightAgents	1.C.3.b	requiresWorkStyle	workStyleRequiredBy
onet	FreightAgents	1.C.3.c	requiresWorkStyle	workStyleRequiredBy
onet	FreightAgents	1.C.4.a	requiresWorkStyle	workStyleRequiredBy
onet	FreightAgents	1.C.4.b	requiresWorkStyle	workStyleRequiredBy
onet	FreightAgents	1.C.4.c	requiresWorkStyle	workStyleRequiredBy
onet	FreightAgents	1.C.5.a	requiresWorkStyle	workStyleRequiredBy
onet	FreightAgents	1.C.5.b	requiresWorkStyle	workStyleRequiredBy
onet	FreightAgents	1.C.5.c	requiresWorkStyle	workStyleRequiredBy
onet	FreightAgents	1.C.6	requiresWorkStyle	workStyleRequiredBy
onet	FreightAgents	1.C.7.a	requiresWorkStyle	workStyleRequiredBy
onet	FreightAgents	1.C.7.b	requiresWorkStyle	workStyleRequiredBy
onet	FreightForwarders	1.C.1.a	requiresWorkStyle	workStyleRequiredBy
onet	FreightForwarders	1.C.1.b	requiresWorkStyle	workStyleRequiredBy
onet	FreightForwarders	1.C.1.c	requiresWorkStyle	workStyleRequiredBy
onet	FreightForwarders	1.C.2.b	requiresWorkStyle	workStyleRequiredBy
onet	FreightForwarders	1.C.3.a	requiresWorkStyle	workStyleRequiredBy
onet	FreightForwarders	1.C.3.b	requiresWorkStyle	workStyleRequiredBy
onet	FreightForwarders	1.C.3.c	requiresWorkStyle	workStyleRequiredBy
onet	FreightForwarders	1.C.4.a	requiresWorkStyle	workStyleRequiredBy
onet	FreightForwarders	1.C.4.b	requiresWorkStyle	workStyleRequiredBy
onet	FreightForwarders	1.C.4.c	requiresWorkStyle	workStyleRequiredBy
onet	FreightForwarders	1.C.5.a	requiresWorkStyle	workStyleRequiredBy
onet	FreightForwarders	1.C.5.b	requiresWorkStyle	workStyleRequiredBy
onet	FreightForwarders	1.C.5.c	requiresWorkStyle	workStyleRequiredBy
onet	FreightForwarders	1.C.6	requiresWorkStyle	workStyleRequiredBy
onet	FreightForwarders	1.C.7.a	requiresWorkStyle	workStyleRequiredBy
onet	FreightForwarders	1.C.7.b	requiresWorkStyle	workStyleRequiredBy
onet	FuelCellEngineers	1.C.1.a	requiresWorkStyle	workStyleRequiredBy
onet	FuelCellEngineers	1.C.1.b	requiresWorkStyle	workStyleRequiredBy
onet	FuelCellEngineers	1.C.1.c	requiresWorkStyle	workStyleRequiredBy
onet	FuelCellEngineers	1.C.2.b	requiresWorkStyle	workStyleRequiredBy
onet	FuelCellEngineers	1.C.3.a	requiresWorkStyle	workStyleRequiredBy
onet	FuelCellEngineers	1.C.3.b	requiresWorkStyle	workStyleRequiredBy
onet	FuelCellEngineers	1.C.3.c	requiresWorkStyle	workStyleRequiredBy
onet	FuelCellEngineers	1.C.4.a	requiresWorkStyle	workStyleRequiredBy
onet	FuelCellEngineers	1.C.4.b	requiresWorkStyle	workStyleRequiredBy
onet	FuelCellEngineers	1.C.4.c	requiresWorkStyle	workStyleRequiredBy
onet	FuelCellEngineers	1.C.5.a	requiresWorkStyle	workStyleRequiredBy
onet	FuelCellEngineers	1.C.5.b	requiresWorkStyle	workStyleRequiredBy
onet	FuelCellEngineers	1.C.5.c	requiresWorkStyle	workStyleRequiredBy
onet	FuelCellEngineers	1.C.6	requiresWorkStyle	workStyleRequiredBy
onet	FuelCellEngineers	1.C.7.a	requiresWorkStyle	workStyleRequiredBy
onet	FuelCellEngineers	1.C.7.b	requiresWorkStyle	workStyleRequiredBy
onet	Fundraisers	1.C.1.a	requiresWorkStyle	workStyleRequiredBy
onet	Fundraisers	1.C.1.b	requiresWorkStyle	workStyleRequiredBy
onet	Fundraisers	1.C.1.c	requiresWorkStyle	workStyleRequiredBy
onet	Fundraisers	1.C.2.b	requiresWorkStyle	workStyleRequiredBy
onet	Fundraisers	1.C.3.a	requiresWorkStyle	workStyleRequiredBy
onet	Fundraisers	1.C.3.b	requiresWorkStyle	workStyleRequiredBy
onet	Fundraisers	1.C.3.c	requiresWorkStyle	workStyleRequiredBy
onet	Fundraisers	1.C.4.a	requiresWorkStyle	workStyleRequiredBy
onet	Fundraisers	1.C.4.b	requiresWorkStyle	workStyleRequiredBy
onet	Fundraisers	1.C.4.c	requiresWorkStyle	workStyleRequiredBy
onet	Fundraisers	1.C.5.a	requiresWorkStyle	workStyleRequiredBy
onet	Fundraisers	1.C.5.b	requiresWorkStyle	workStyleRequiredBy
onet	Fundraisers	1.C.5.c	requiresWorkStyle	workStyleRequiredBy
onet	Fundraisers	1.C.6	requiresWorkStyle	workStyleRequiredBy
onet	Fundraisers	1.C.7.a	requiresWorkStyle	workStyleRequiredBy
onet	Fundraisers	1.C.7.b	requiresWorkStyle	workStyleRequiredBy
onet	FundraisingManagers	1.C.1.a	requiresWorkStyle	workStyleRequiredBy
onet	FundraisingManagers	1.C.1.b	requiresWorkStyle	workStyleRequiredBy
onet	FundraisingManagers	1.C.1.c	requiresWorkStyle	workStyleRequiredBy
onet	FundraisingManagers	1.C.2.b	requiresWorkStyle	workStyleRequiredBy
onet	FundraisingManagers	1.C.3.a	requiresWorkStyle	workStyleRequiredBy
onet	FundraisingManagers	1.C.3.b	requiresWorkStyle	workStyleRequiredBy
onet	FundraisingManagers	1.C.3.c	requiresWorkStyle	workStyleRequiredBy
onet	FundraisingManagers	1.C.4.a	requiresWorkStyle	workStyleRequiredBy
onet	FundraisingManagers	1.C.4.b	requiresWorkStyle	workStyleRequiredBy
onet	FundraisingManagers	1.C.4.c	requiresWorkStyle	workStyleRequiredBy
onet	FundraisingManagers	1.C.5.a	requiresWorkStyle	workStyleRequiredBy
onet	FundraisingManagers	1.C.5.b	requiresWorkStyle	workStyleRequiredBy
onet	FundraisingManagers	1.C.5.c	requiresWorkStyle	workStyleRequiredBy
onet	FundraisingManagers	1.C.6	requiresWorkStyle	workStyleRequiredBy
onet	FundraisingManagers	1.C.7.a	requiresWorkStyle	workStyleRequiredBy
onet	FundraisingManagers	1.C.7.b	requiresWorkStyle	workStyleRequiredBy
onet	FuneralArrangers	1.C.1.a	requiresWorkStyle	workStyleRequiredBy
onet	FuneralArrangers	1.C.1.b	requiresWorkStyle	workStyleRequiredBy
onet	FuneralArrangers	1.C.1.c	requiresWorkStyle	workStyleRequiredBy
onet	FuneralArrangers	1.C.2.b	requiresWorkStyle	workStyleRequiredBy
onet	FuneralArrangers	1.C.3.a	requiresWorkStyle	workStyleRequiredBy
onet	FuneralArrangers	1.C.3.b	requiresWorkStyle	workStyleRequiredBy
onet	FuneralArrangers	1.C.3.c	requiresWorkStyle	workStyleRequiredBy
onet	FuneralArrangers	1.C.4.a	requiresWorkStyle	workStyleRequiredBy
onet	FuneralArrangers	1.C.4.b	requiresWorkStyle	workStyleRequiredBy
onet	FuneralArrangers	1.C.4.c	requiresWorkStyle	workStyleRequiredBy
onet	FuneralArrangers	1.C.5.a	requiresWorkStyle	workStyleRequiredBy
onet	FuneralArrangers	1.C.5.b	requiresWorkStyle	workStyleRequiredBy
onet	FuneralArrangers	1.C.5.c	requiresWorkStyle	workStyleRequiredBy
onet	FuneralArrangers	1.C.6	requiresWorkStyle	workStyleRequiredBy
onet	FuneralArrangers	1.C.7.a	requiresWorkStyle	workStyleRequiredBy
onet	FuneralArrangers	1.C.7.b	requiresWorkStyle	workStyleRequiredBy
onet	FuneralAttendants	1.C.1.a	requiresWorkStyle	workStyleRequiredBy
onet	FuneralAttendants	1.C.1.b	requiresWorkStyle	workStyleRequiredBy
onet	FuneralAttendants	1.C.1.c	requiresWorkStyle	workStyleRequiredBy
onet	FuneralAttendants	1.C.2.b	requiresWorkStyle	workStyleRequiredBy
onet	FuneralAttendants	1.C.3.a	requiresWorkStyle	workStyleRequiredBy
onet	FuneralAttendants	1.C.3.b	requiresWorkStyle	workStyleRequiredBy
onet	FuneralAttendants	1.C.3.c	requiresWorkStyle	workStyleRequiredBy
onet	FuneralAttendants	1.C.4.a	requiresWorkStyle	workStyleRequiredBy
onet	FuneralAttendants	1.C.4.b	requiresWorkStyle	workStyleRequiredBy
onet	FuneralAttendants	1.C.4.c	requiresWorkStyle	workStyleRequiredBy
onet	FuneralAttendants	1.C.5.a	requiresWorkStyle	workStyleRequiredBy
onet	FuneralAttendants	1.C.5.b	requiresWorkStyle	workStyleRequiredBy
onet	FuneralAttendants	1.C.5.c	requiresWorkStyle	workStyleRequiredBy
onet	FuneralAttendants	1.C.6	requiresWorkStyle	workStyleRequiredBy
onet	FuneralAttendants	1.C.7.a	requiresWorkStyle	workStyleRequiredBy
onet	FuneralAttendants	1.C.7.b	requiresWorkStyle	workStyleRequiredBy
onet	FuneralHomeManagers	1.C.1.a	requiresWorkStyle	workStyleRequiredBy
onet	FuneralHomeManagers	1.C.1.b	requiresWorkStyle	workStyleRequiredBy
onet	FuneralHomeManagers	1.C.1.c	requiresWorkStyle	workStyleRequiredBy
onet	FuneralHomeManagers	1.C.2.b	requiresWorkStyle	workStyleRequiredBy
onet	FuneralHomeManagers	1.C.3.a	requiresWorkStyle	workStyleRequiredBy
onet	FuneralHomeManagers	1.C.3.b	requiresWorkStyle	workStyleRequiredBy
onet	FuneralHomeManagers	1.C.3.c	requiresWorkStyle	workStyleRequiredBy
onet	FuneralHomeManagers	1.C.4.a	requiresWorkStyle	workStyleRequiredBy
onet	FuneralHomeManagers	1.C.4.b	requiresWorkStyle	workStyleRequiredBy
onet	FuneralHomeManagers	1.C.4.c	requiresWorkStyle	workStyleRequiredBy
onet	FuneralHomeManagers	1.C.5.a	requiresWorkStyle	workStyleRequiredBy
onet	FuneralHomeManagers	1.C.5.b	requiresWorkStyle	workStyleRequiredBy
onet	FuneralHomeManagers	1.C.5.c	requiresWorkStyle	workStyleRequiredBy
onet	FuneralHomeManagers	1.C.6	requiresWorkStyle	workStyleRequiredBy
onet	FuneralHomeManagers	1.C.7.a	requiresWorkStyle	workStyleRequiredBy
onet	FuneralHomeManagers	1.C.7.b	requiresWorkStyle	workStyleRequiredBy
onet	FurnitureFinishers	1.C.1.a	requiresWorkStyle	workStyleRequiredBy
onet	FurnitureFinishers	1.C.1.b	requiresWorkStyle	workStyleRequiredBy
onet	FurnitureFinishers	1.C.1.c	requiresWorkStyle	workStyleRequiredBy
onet	FurnitureFinishers	1.C.2.b	requiresWorkStyle	workStyleRequiredBy
onet	FurnitureFinishers	1.C.3.a	requiresWorkStyle	workStyleRequiredBy
onet	FurnitureFinishers	1.C.3.b	requiresWorkStyle	workStyleRequiredBy
onet	FurnitureFinishers	1.C.3.c	requiresWorkStyle	workStyleRequiredBy
onet	FurnitureFinishers	1.C.4.a	requiresWorkStyle	workStyleRequiredBy
onet	FurnitureFinishers	1.C.4.b	requiresWorkStyle	workStyleRequiredBy
onet	FurnitureFinishers	1.C.4.c	requiresWorkStyle	workStyleRequiredBy
onet	FurnitureFinishers	1.C.5.a	requiresWorkStyle	workStyleRequiredBy
onet	FurnitureFinishers	1.C.5.b	requiresWorkStyle	workStyleRequiredBy
onet	FurnitureFinishers	1.C.5.c	requiresWorkStyle	workStyleRequiredBy
onet	FurnitureFinishers	1.C.6	requiresWorkStyle	workStyleRequiredBy
onet	FurnitureFinishers	1.C.7.a	requiresWorkStyle	workStyleRequiredBy
onet	FurnitureFinishers	1.C.7.b	requiresWorkStyle	workStyleRequiredBy
onet	Gambling	1.C.1.a	requiresWorkStyle	workStyleRequiredBy
onet	Gambling	1.C.1.b	requiresWorkStyle	workStyleRequiredBy
onet	Gambling	1.C.1.c	requiresWorkStyle	workStyleRequiredBy
onet	Gambling	1.C.2.b	requiresWorkStyle	workStyleRequiredBy
onet	Gambling	1.C.3.a	requiresWorkStyle	workStyleRequiredBy
onet	Gambling	1.C.3.b	requiresWorkStyle	workStyleRequiredBy
onet	Gambling	1.C.3.c	requiresWorkStyle	workStyleRequiredBy
onet	Gambling	1.C.4.a	requiresWorkStyle	workStyleRequiredBy
onet	Gambling	1.C.4.b	requiresWorkStyle	workStyleRequiredBy
onet	Gambling	1.C.4.c	requiresWorkStyle	workStyleRequiredBy
onet	Gambling	1.C.5.a	requiresWorkStyle	workStyleRequiredBy
onet	Gambling	1.C.5.b	requiresWorkStyle	workStyleRequiredBy
onet	Gambling	1.C.5.c	requiresWorkStyle	workStyleRequiredBy
onet	Gambling	1.C.6	requiresWorkStyle	workStyleRequiredBy
onet	Gambling	1.C.7.a	requiresWorkStyle	workStyleRequiredBy
onet	Gambling	1.C.7.b	requiresWorkStyle	workStyleRequiredBy
onet	GamblingCageWorkers	1.C.1.a	requiresWorkStyle	workStyleRequiredBy
onet	GamblingCageWorkers	1.C.1.b	requiresWorkStyle	workStyleRequiredBy
onet	GamblingCageWorkers	1.C.1.c	requiresWorkStyle	workStyleRequiredBy
onet	GamblingCageWorkers	1.C.2.b	requiresWorkStyle	workStyleRequiredBy
onet	GamblingCageWorkers	1.C.3.a	requiresWorkStyle	workStyleRequiredBy
onet	GamblingCageWorkers	1.C.3.b	requiresWorkStyle	workStyleRequiredBy
onet	GamblingCageWorkers	1.C.3.c	requiresWorkStyle	workStyleRequiredBy
onet	GamblingCageWorkers	1.C.4.a	requiresWorkStyle	workStyleRequiredBy
onet	GamblingCageWorkers	1.C.4.b	requiresWorkStyle	workStyleRequiredBy
onet	GamblingCageWorkers	1.C.4.c	requiresWorkStyle	workStyleRequiredBy
onet	GamblingCageWorkers	1.C.5.a	requiresWorkStyle	workStyleRequiredBy
onet	GamblingCageWorkers	1.C.5.b	requiresWorkStyle	workStyleRequiredBy
onet	GamblingCageWorkers	1.C.5.c	requiresWorkStyle	workStyleRequiredBy
onet	GamblingCageWorkers	1.C.6	requiresWorkStyle	workStyleRequiredBy
onet	GamblingCageWorkers	1.C.7.a	requiresWorkStyle	workStyleRequiredBy
onet	GamblingCageWorkers	1.C.7.b	requiresWorkStyle	workStyleRequiredBy
onet	GamblingDealers	1.C.1.a	requiresWorkStyle	workStyleRequiredBy
onet	GamblingDealers	1.C.1.b	requiresWorkStyle	workStyleRequiredBy
onet	GamblingDealers	1.C.1.c	requiresWorkStyle	workStyleRequiredBy
onet	GamblingDealers	1.C.2.b	requiresWorkStyle	workStyleRequiredBy
onet	GamblingDealers	1.C.3.a	requiresWorkStyle	workStyleRequiredBy
onet	GamblingDealers	1.C.3.b	requiresWorkStyle	workStyleRequiredBy
onet	GamblingDealers	1.C.3.c	requiresWorkStyle	workStyleRequiredBy
onet	GamblingDealers	1.C.4.a	requiresWorkStyle	workStyleRequiredBy
onet	GamblingDealers	1.C.4.b	requiresWorkStyle	workStyleRequiredBy
onet	GamblingDealers	1.C.4.c	requiresWorkStyle	workStyleRequiredBy
onet	GamblingDealers	1.C.5.a	requiresWorkStyle	workStyleRequiredBy
onet	GamblingDealers	1.C.5.b	requiresWorkStyle	workStyleRequiredBy
onet	GamblingDealers	1.C.5.c	requiresWorkStyle	workStyleRequiredBy
onet	GamblingDealers	1.C.6	requiresWorkStyle	workStyleRequiredBy
onet	GamblingDealers	1.C.7.a	requiresWorkStyle	workStyleRequiredBy
onet	GamblingDealers	1.C.7.b	requiresWorkStyle	workStyleRequiredBy
onet	GamblingInvestigators	1.C.1.a	requiresWorkStyle	workStyleRequiredBy
onet	GamblingInvestigators	1.C.1.b	requiresWorkStyle	workStyleRequiredBy
onet	GamblingInvestigators	1.C.1.c	requiresWorkStyle	workStyleRequiredBy
onet	GamblingInvestigators	1.C.2.b	requiresWorkStyle	workStyleRequiredBy
onet	GamblingInvestigators	1.C.3.a	requiresWorkStyle	workStyleRequiredBy
onet	GamblingInvestigators	1.C.3.b	requiresWorkStyle	workStyleRequiredBy
onet	GamblingInvestigators	1.C.3.c	requiresWorkStyle	workStyleRequiredBy
onet	GamblingInvestigators	1.C.4.a	requiresWorkStyle	workStyleRequiredBy
onet	GamblingInvestigators	1.C.4.b	requiresWorkStyle	workStyleRequiredBy
onet	GamblingInvestigators	1.C.4.c	requiresWorkStyle	workStyleRequiredBy
onet	GamblingInvestigators	1.C.5.a	requiresWorkStyle	workStyleRequiredBy
onet	GamblingInvestigators	1.C.5.b	requiresWorkStyle	workStyleRequiredBy
onet	GamblingInvestigators	1.C.5.c	requiresWorkStyle	workStyleRequiredBy
onet	GamblingInvestigators	1.C.6	requiresWorkStyle	workStyleRequiredBy
onet	GamblingInvestigators	1.C.7.a	requiresWorkStyle	workStyleRequiredBy
onet	GamblingInvestigators	1.C.7.b	requiresWorkStyle	workStyleRequiredBy
onet	GamblingManagers	1.C.1.a	requiresWorkStyle	workStyleRequiredBy
onet	GamblingManagers	1.C.1.b	requiresWorkStyle	workStyleRequiredBy
onet	GamblingManagers	1.C.1.c	requiresWorkStyle	workStyleRequiredBy
onet	GamblingManagers	1.C.2.b	requiresWorkStyle	workStyleRequiredBy
onet	GamblingManagers	1.C.3.a	requiresWorkStyle	workStyleRequiredBy
onet	GamblingManagers	1.C.3.b	requiresWorkStyle	workStyleRequiredBy
onet	GamblingManagers	1.C.3.c	requiresWorkStyle	workStyleRequiredBy
onet	GamblingManagers	1.C.4.a	requiresWorkStyle	workStyleRequiredBy
onet	GamblingManagers	1.C.4.b	requiresWorkStyle	workStyleRequiredBy
onet	GamblingManagers	1.C.4.c	requiresWorkStyle	workStyleRequiredBy
onet	GamblingManagers	1.C.5.a	requiresWorkStyle	workStyleRequiredBy
onet	GamblingManagers	1.C.5.b	requiresWorkStyle	workStyleRequiredBy
onet	GamblingManagers	1.C.5.c	requiresWorkStyle	workStyleRequiredBy
onet	GamblingManagers	1.C.6	requiresWorkStyle	workStyleRequiredBy
onet	GamblingManagers	1.C.7.a	requiresWorkStyle	workStyleRequiredBy
onet	GamblingManagers	1.C.7.b	requiresWorkStyle	workStyleRequiredBy
onet	GameWardens	1.C.1.a	requiresWorkStyle	workStyleRequiredBy
onet	GameWardens	1.C.1.b	requiresWorkStyle	workStyleRequiredBy
onet	GameWardens	1.C.1.c	requiresWorkStyle	workStyleRequiredBy
onet	GameWardens	1.C.2.b	requiresWorkStyle	workStyleRequiredBy
onet	GameWardens	1.C.3.a	requiresWorkStyle	workStyleRequiredBy
onet	GameWardens	1.C.3.b	requiresWorkStyle	workStyleRequiredBy
onet	GameWardens	1.C.3.c	requiresWorkStyle	workStyleRequiredBy
onet	GameWardens	1.C.4.a	requiresWorkStyle	workStyleRequiredBy
onet	GameWardens	1.C.4.b	requiresWorkStyle	workStyleRequiredBy
onet	GameWardens	1.C.4.c	requiresWorkStyle	workStyleRequiredBy
onet	GameWardens	1.C.5.a	requiresWorkStyle	workStyleRequiredBy
onet	GameWardens	1.C.5.b	requiresWorkStyle	workStyleRequiredBy
onet	GameWardens	1.C.5.c	requiresWorkStyle	workStyleRequiredBy
onet	GameWardens	1.C.6	requiresWorkStyle	workStyleRequiredBy
onet	GameWardens	1.C.7.a	requiresWorkStyle	workStyleRequiredBy
onet	GameWardens	1.C.7.b	requiresWorkStyle	workStyleRequiredBy
onet	Gas	1.C.1.a	requiresWorkStyle	workStyleRequiredBy
onet	Gas	1.C.1.b	requiresWorkStyle	workStyleRequiredBy
onet	Gas	1.C.1.c	requiresWorkStyle	workStyleRequiredBy
onet	Gas	1.C.2.b	requiresWorkStyle	workStyleRequiredBy
onet	Gas	1.C.3.a	requiresWorkStyle	workStyleRequiredBy
onet	Gas	1.C.3.b	requiresWorkStyle	workStyleRequiredBy
onet	Gas	1.C.3.c	requiresWorkStyle	workStyleRequiredBy
onet	Gas	1.C.4.a	requiresWorkStyle	workStyleRequiredBy
onet	Gas	1.C.4.b	requiresWorkStyle	workStyleRequiredBy
onet	Gas	1.C.4.c	requiresWorkStyle	workStyleRequiredBy
onet	Gas	1.C.5.a	requiresWorkStyle	workStyleRequiredBy
onet	Gas	1.C.5.b	requiresWorkStyle	workStyleRequiredBy
onet	Gas	1.C.5.c	requiresWorkStyle	workStyleRequiredBy
onet	Gas	1.C.6	requiresWorkStyle	workStyleRequiredBy
onet	Gas	1.C.7.a	requiresWorkStyle	workStyleRequiredBy
onet	Gas	1.C.7.b	requiresWorkStyle	workStyleRequiredBy
onet	GasPlantOperators	1.C.1.a	requiresWorkStyle	workStyleRequiredBy
onet	GasPlantOperators	1.C.1.b	requiresWorkStyle	workStyleRequiredBy
onet	GasPlantOperators	1.C.1.c	requiresWorkStyle	workStyleRequiredBy
onet	GasPlantOperators	1.C.2.b	requiresWorkStyle	workStyleRequiredBy
onet	GasPlantOperators	1.C.3.a	requiresWorkStyle	workStyleRequiredBy
onet	GasPlantOperators	1.C.3.b	requiresWorkStyle	workStyleRequiredBy
onet	GasPlantOperators	1.C.3.c	requiresWorkStyle	workStyleRequiredBy
onet	GasPlantOperators	1.C.4.a	requiresWorkStyle	workStyleRequiredBy
onet	GasPlantOperators	1.C.4.b	requiresWorkStyle	workStyleRequiredBy
onet	GasPlantOperators	1.C.4.c	requiresWorkStyle	workStyleRequiredBy
onet	GasPlantOperators	1.C.5.a	requiresWorkStyle	workStyleRequiredBy
onet	GasPlantOperators	1.C.5.b	requiresWorkStyle	workStyleRequiredBy
onet	GasPlantOperators	1.C.5.c	requiresWorkStyle	workStyleRequiredBy
onet	GasPlantOperators	1.C.6	requiresWorkStyle	workStyleRequiredBy
onet	GasPlantOperators	1.C.7.a	requiresWorkStyle	workStyleRequiredBy
onet	GasPlantOperators	1.C.7.b	requiresWorkStyle	workStyleRequiredBy
onet	GasPumpingStationOperators	1.C.1.a	requiresWorkStyle	workStyleRequiredBy
onet	GasPumpingStationOperators	1.C.1.b	requiresWorkStyle	workStyleRequiredBy
onet	GasPumpingStationOperators	1.C.1.c	requiresWorkStyle	workStyleRequiredBy
onet	GasPumpingStationOperators	1.C.2.b	requiresWorkStyle	workStyleRequiredBy
onet	GasPumpingStationOperators	1.C.3.a	requiresWorkStyle	workStyleRequiredBy
onet	GasPumpingStationOperators	1.C.3.b	requiresWorkStyle	workStyleRequiredBy
onet	GasPumpingStationOperators	1.C.3.c	requiresWorkStyle	workStyleRequiredBy
onet	GasPumpingStationOperators	1.C.4.a	requiresWorkStyle	workStyleRequiredBy
onet	GasPumpingStationOperators	1.C.4.b	requiresWorkStyle	workStyleRequiredBy
onet	GasPumpingStationOperators	1.C.4.c	requiresWorkStyle	workStyleRequiredBy
onet	GasPumpingStationOperators	1.C.5.a	requiresWorkStyle	workStyleRequiredBy
onet	GasPumpingStationOperators	1.C.5.b	requiresWorkStyle	workStyleRequiredBy
onet	GasPumpingStationOperators	1.C.5.c	requiresWorkStyle	workStyleRequiredBy
onet	GasPumpingStationOperators	1.C.6	requiresWorkStyle	workStyleRequiredBy
onet	GasPumpingStationOperators	1.C.7.a	requiresWorkStyle	workStyleRequiredBy
onet	GasPumpingStationOperators	1.C.7.b	requiresWorkStyle	workStyleRequiredBy
onet	Gaugers	1.C.1.a	requiresWorkStyle	workStyleRequiredBy
onet	Gaugers	1.C.1.b	requiresWorkStyle	workStyleRequiredBy
onet	Gaugers	1.C.1.c	requiresWorkStyle	workStyleRequiredBy
onet	Gaugers	1.C.2.b	requiresWorkStyle	workStyleRequiredBy
onet	Gaugers	1.C.3.a	requiresWorkStyle	workStyleRequiredBy
onet	Gaugers	1.C.3.b	requiresWorkStyle	workStyleRequiredBy
onet	Gaugers	1.C.3.c	requiresWorkStyle	workStyleRequiredBy
onet	Gaugers	1.C.4.a	requiresWorkStyle	workStyleRequiredBy
onet	Gaugers	1.C.4.b	requiresWorkStyle	workStyleRequiredBy
onet	Gaugers	1.C.4.c	requiresWorkStyle	workStyleRequiredBy
onet	Gaugers	1.C.5.a	requiresWorkStyle	workStyleRequiredBy
onet	Gaugers	1.C.5.b	requiresWorkStyle	workStyleRequiredBy
onet	Gaugers	1.C.5.c	requiresWorkStyle	workStyleRequiredBy
onet	Gaugers	1.C.6	requiresWorkStyle	workStyleRequiredBy
onet	Gaugers	1.C.7.a	requiresWorkStyle	workStyleRequiredBy
onet	Gaugers	1.C.7.b	requiresWorkStyle	workStyleRequiredBy
onet	GeneralInternalMedicinePhysicians	1.C.1.a	requiresWorkStyle	workStyleRequiredBy
onet	GeneralInternalMedicinePhysicians	1.C.1.b	requiresWorkStyle	workStyleRequiredBy
onet	GeneralInternalMedicinePhysicians	1.C.1.c	requiresWorkStyle	workStyleRequiredBy
onet	GeneralInternalMedicinePhysicians	1.C.2.b	requiresWorkStyle	workStyleRequiredBy
onet	GeneralInternalMedicinePhysicians	1.C.3.a	requiresWorkStyle	workStyleRequiredBy
onet	GeneralInternalMedicinePhysicians	1.C.3.b	requiresWorkStyle	workStyleRequiredBy
onet	GeneralInternalMedicinePhysicians	1.C.3.c	requiresWorkStyle	workStyleRequiredBy
onet	GeneralInternalMedicinePhysicians	1.C.4.a	requiresWorkStyle	workStyleRequiredBy
onet	GeneralInternalMedicinePhysicians	1.C.4.b	requiresWorkStyle	workStyleRequiredBy
onet	GeneralInternalMedicinePhysicians	1.C.4.c	requiresWorkStyle	workStyleRequiredBy
onet	GeneralInternalMedicinePhysicians	1.C.5.a	requiresWorkStyle	workStyleRequiredBy
onet	GeneralInternalMedicinePhysicians	1.C.5.b	requiresWorkStyle	workStyleRequiredBy
onet	GeneralInternalMedicinePhysicians	1.C.5.c	requiresWorkStyle	workStyleRequiredBy
onet	GeneralInternalMedicinePhysicians	1.C.6	requiresWorkStyle	workStyleRequiredBy
onet	GeneralInternalMedicinePhysicians	1.C.7.a	requiresWorkStyle	workStyleRequiredBy
onet	GeneralInternalMedicinePhysicians	1.C.7.b	requiresWorkStyle	workStyleRequiredBy
onet	GeneticCounselors	1.C.1.a	requiresWorkStyle	workStyleRequiredBy
onet	GeneticCounselors	1.C.1.b	requiresWorkStyle	workStyleRequiredBy
onet	GeneticCounselors	1.C.1.c	requiresWorkStyle	workStyleRequiredBy
onet	GeneticCounselors	1.C.2.b	requiresWorkStyle	workStyleRequiredBy
onet	GeneticCounselors	1.C.3.a	requiresWorkStyle	workStyleRequiredBy
onet	GeneticCounselors	1.C.3.b	requiresWorkStyle	workStyleRequiredBy
onet	GeneticCounselors	1.C.3.c	requiresWorkStyle	workStyleRequiredBy
onet	GeneticCounselors	1.C.4.a	requiresWorkStyle	workStyleRequiredBy
onet	GeneticCounselors	1.C.4.b	requiresWorkStyle	workStyleRequiredBy
onet	GeneticCounselors	1.C.4.c	requiresWorkStyle	workStyleRequiredBy
onet	GeneticCounselors	1.C.5.a	requiresWorkStyle	workStyleRequiredBy
onet	GeneticCounselors	1.C.5.b	requiresWorkStyle	workStyleRequiredBy
onet	GeneticCounselors	1.C.5.c	requiresWorkStyle	workStyleRequiredBy
onet	GeneticCounselors	1.C.6	requiresWorkStyle	workStyleRequiredBy
onet	GeneticCounselors	1.C.7.a	requiresWorkStyle	workStyleRequiredBy
onet	GeneticCounselors	1.C.7.b	requiresWorkStyle	workStyleRequiredBy
onet	Geneticists	1.C.1.a	requiresWorkStyle	workStyleRequiredBy
onet	Geneticists	1.C.1.b	requiresWorkStyle	workStyleRequiredBy
onet	Geneticists	1.C.1.c	requiresWorkStyle	workStyleRequiredBy
onet	Geneticists	1.C.2.b	requiresWorkStyle	workStyleRequiredBy
onet	Geneticists	1.C.3.a	requiresWorkStyle	workStyleRequiredBy
onet	Geneticists	1.C.3.b	requiresWorkStyle	workStyleRequiredBy
onet	Geneticists	1.C.3.c	requiresWorkStyle	workStyleRequiredBy
onet	Geneticists	1.C.4.a	requiresWorkStyle	workStyleRequiredBy
onet	Geneticists	1.C.4.b	requiresWorkStyle	workStyleRequiredBy
onet	Geneticists	1.C.4.c	requiresWorkStyle	workStyleRequiredBy
onet	Geneticists	1.C.5.a	requiresWorkStyle	workStyleRequiredBy
onet	Geneticists	1.C.5.b	requiresWorkStyle	workStyleRequiredBy
onet	Geneticists	1.C.5.c	requiresWorkStyle	workStyleRequiredBy
onet	Geneticists	1.C.6	requiresWorkStyle	workStyleRequiredBy
onet	Geneticists	1.C.7.a	requiresWorkStyle	workStyleRequiredBy
onet	Geneticists	1.C.7.b	requiresWorkStyle	workStyleRequiredBy
onet	GeodeticSurveyors	1.C.1.a	requiresWorkStyle	workStyleRequiredBy
onet	GeodeticSurveyors	1.C.1.b	requiresWorkStyle	workStyleRequiredBy
onet	GeodeticSurveyors	1.C.1.c	requiresWorkStyle	workStyleRequiredBy
onet	GeodeticSurveyors	1.C.2.b	requiresWorkStyle	workStyleRequiredBy
onet	GeodeticSurveyors	1.C.3.a	requiresWorkStyle	workStyleRequiredBy
onet	GeodeticSurveyors	1.C.3.b	requiresWorkStyle	workStyleRequiredBy
onet	GeodeticSurveyors	1.C.3.c	requiresWorkStyle	workStyleRequiredBy
onet	GeodeticSurveyors	1.C.4.a	requiresWorkStyle	workStyleRequiredBy
onet	GeodeticSurveyors	1.C.4.b	requiresWorkStyle	workStyleRequiredBy
onet	GeodeticSurveyors	1.C.4.c	requiresWorkStyle	workStyleRequiredBy
onet	GeodeticSurveyors	1.C.5.a	requiresWorkStyle	workStyleRequiredBy
onet	GeodeticSurveyors	1.C.5.b	requiresWorkStyle	workStyleRequiredBy
onet	GeodeticSurveyors	1.C.5.c	requiresWorkStyle	workStyleRequiredBy
onet	GeodeticSurveyors	1.C.6	requiresWorkStyle	workStyleRequiredBy
onet	GeodeticSurveyors	1.C.7.a	requiresWorkStyle	workStyleRequiredBy
onet	GeodeticSurveyors	1.C.7.b	requiresWorkStyle	workStyleRequiredBy
onet	Geographers	1.C.1.a	requiresWorkStyle	workStyleRequiredBy
onet	Geographers	1.C.1.b	requiresWorkStyle	workStyleRequiredBy
onet	Geographers	1.C.1.c	requiresWorkStyle	workStyleRequiredBy
onet	Geographers	1.C.2.b	requiresWorkStyle	workStyleRequiredBy
onet	Geographers	1.C.3.a	requiresWorkStyle	workStyleRequiredBy
onet	Geographers	1.C.3.b	requiresWorkStyle	workStyleRequiredBy
onet	Geographers	1.C.3.c	requiresWorkStyle	workStyleRequiredBy
onet	Geographers	1.C.4.a	requiresWorkStyle	workStyleRequiredBy
onet	Geographers	1.C.4.b	requiresWorkStyle	workStyleRequiredBy
onet	Geographers	1.C.4.c	requiresWorkStyle	workStyleRequiredBy
onet	Geographers	1.C.5.a	requiresWorkStyle	workStyleRequiredBy
onet	Geographers	1.C.5.b	requiresWorkStyle	workStyleRequiredBy
onet	Geographers	1.C.5.c	requiresWorkStyle	workStyleRequiredBy
onet	Geographers	1.C.6	requiresWorkStyle	workStyleRequiredBy
onet	Geographers	1.C.7.a	requiresWorkStyle	workStyleRequiredBy
onet	Geographers	1.C.7.b	requiresWorkStyle	workStyleRequiredBy
onet	GeographyTeachersPostsecondary	1.C.1.a	requiresWorkStyle	workStyleRequiredBy
onet	GeographyTeachersPostsecondary	1.C.1.b	requiresWorkStyle	workStyleRequiredBy
onet	GeographyTeachersPostsecondary	1.C.1.c	requiresWorkStyle	workStyleRequiredBy
onet	GeographyTeachersPostsecondary	1.C.2.b	requiresWorkStyle	workStyleRequiredBy
onet	GeographyTeachersPostsecondary	1.C.3.a	requiresWorkStyle	workStyleRequiredBy
onet	GeographyTeachersPostsecondary	1.C.3.b	requiresWorkStyle	workStyleRequiredBy
onet	GeographyTeachersPostsecondary	1.C.3.c	requiresWorkStyle	workStyleRequiredBy
onet	GeographyTeachersPostsecondary	1.C.4.a	requiresWorkStyle	workStyleRequiredBy
onet	GeographyTeachersPostsecondary	1.C.4.b	requiresWorkStyle	workStyleRequiredBy
onet	GeographyTeachersPostsecondary	1.C.4.c	requiresWorkStyle	workStyleRequiredBy
onet	GeographyTeachersPostsecondary	1.C.5.a	requiresWorkStyle	workStyleRequiredBy
onet	GeographyTeachersPostsecondary	1.C.5.b	requiresWorkStyle	workStyleRequiredBy
onet	GeographyTeachersPostsecondary	1.C.5.c	requiresWorkStyle	workStyleRequiredBy
onet	GeographyTeachersPostsecondary	1.C.6	requiresWorkStyle	workStyleRequiredBy
onet	GeographyTeachersPostsecondary	1.C.7.a	requiresWorkStyle	workStyleRequiredBy
onet	GeographyTeachersPostsecondary	1.C.7.b	requiresWorkStyle	workStyleRequiredBy
onet	GeothermalProductionManagers	1.C.1.a	requiresWorkStyle	workStyleRequiredBy
onet	GeothermalProductionManagers	1.C.1.b	requiresWorkStyle	workStyleRequiredBy
onet	GeothermalProductionManagers	1.C.1.c	requiresWorkStyle	workStyleRequiredBy
onet	GeothermalProductionManagers	1.C.2.b	requiresWorkStyle	workStyleRequiredBy
onet	GeothermalProductionManagers	1.C.3.a	requiresWorkStyle	workStyleRequiredBy
onet	GeothermalProductionManagers	1.C.3.b	requiresWorkStyle	workStyleRequiredBy
onet	GeothermalProductionManagers	1.C.3.c	requiresWorkStyle	workStyleRequiredBy
onet	GeothermalProductionManagers	1.C.4.a	requiresWorkStyle	workStyleRequiredBy
onet	GeothermalProductionManagers	1.C.4.b	requiresWorkStyle	workStyleRequiredBy
onet	GeothermalProductionManagers	1.C.4.c	requiresWorkStyle	workStyleRequiredBy
onet	GeothermalProductionManagers	1.C.5.a	requiresWorkStyle	workStyleRequiredBy
onet	GeothermalProductionManagers	1.C.5.b	requiresWorkStyle	workStyleRequiredBy
onet	GeothermalProductionManagers	1.C.5.c	requiresWorkStyle	workStyleRequiredBy
onet	GeothermalProductionManagers	1.C.6	requiresWorkStyle	workStyleRequiredBy
onet	GeothermalProductionManagers	1.C.7.a	requiresWorkStyle	workStyleRequiredBy
onet	GeothermalProductionManagers	1.C.7.b	requiresWorkStyle	workStyleRequiredBy
onet	GeothermalTechnicians	1.C.1.a	requiresWorkStyle	workStyleRequiredBy
onet	GeothermalTechnicians	1.C.1.b	requiresWorkStyle	workStyleRequiredBy
onet	GeothermalTechnicians	1.C.1.c	requiresWorkStyle	workStyleRequiredBy
onet	GeothermalTechnicians	1.C.2.b	requiresWorkStyle	workStyleRequiredBy
onet	GeothermalTechnicians	1.C.3.a	requiresWorkStyle	workStyleRequiredBy
onet	GeothermalTechnicians	1.C.3.b	requiresWorkStyle	workStyleRequiredBy
onet	GeothermalTechnicians	1.C.3.c	requiresWorkStyle	workStyleRequiredBy
onet	GeothermalTechnicians	1.C.4.a	requiresWorkStyle	workStyleRequiredBy
onet	GeothermalTechnicians	1.C.4.b	requiresWorkStyle	workStyleRequiredBy
onet	GeothermalTechnicians	1.C.4.c	requiresWorkStyle	workStyleRequiredBy
onet	GeothermalTechnicians	1.C.5.a	requiresWorkStyle	workStyleRequiredBy
onet	GeothermalTechnicians	1.C.5.b	requiresWorkStyle	workStyleRequiredBy
onet	GeothermalTechnicians	1.C.5.c	requiresWorkStyle	workStyleRequiredBy
onet	GeothermalTechnicians	1.C.6	requiresWorkStyle	workStyleRequiredBy
onet	GeothermalTechnicians	1.C.7.a	requiresWorkStyle	workStyleRequiredBy
onet	GeothermalTechnicians	1.C.7.b	requiresWorkStyle	workStyleRequiredBy
onet	Glaziers	1.C.1.a	requiresWorkStyle	workStyleRequiredBy
onet	Glaziers	1.C.1.b	requiresWorkStyle	workStyleRequiredBy
onet	Glaziers	1.C.1.c	requiresWorkStyle	workStyleRequiredBy
onet	Glaziers	1.C.2.b	requiresWorkStyle	workStyleRequiredBy
onet	Glaziers	1.C.3.a	requiresWorkStyle	workStyleRequiredBy
onet	Glaziers	1.C.3.b	requiresWorkStyle	workStyleRequiredBy
onet	Glaziers	1.C.3.c	requiresWorkStyle	workStyleRequiredBy
onet	Glaziers	1.C.4.a	requiresWorkStyle	workStyleRequiredBy
onet	Glaziers	1.C.4.b	requiresWorkStyle	workStyleRequiredBy
onet	Glaziers	1.C.4.c	requiresWorkStyle	workStyleRequiredBy
onet	Glaziers	1.C.5.a	requiresWorkStyle	workStyleRequiredBy
onet	Glaziers	1.C.5.b	requiresWorkStyle	workStyleRequiredBy
onet	Glaziers	1.C.5.c	requiresWorkStyle	workStyleRequiredBy
onet	Glaziers	1.C.6	requiresWorkStyle	workStyleRequiredBy
onet	Glaziers	1.C.7.a	requiresWorkStyle	workStyleRequiredBy
onet	Glaziers	1.C.7.b	requiresWorkStyle	workStyleRequiredBy
onet	GraphicDesigners	1.C.1.a	requiresWorkStyle	workStyleRequiredBy
onet	GraphicDesigners	1.C.1.b	requiresWorkStyle	workStyleRequiredBy
onet	GraphicDesigners	1.C.1.c	requiresWorkStyle	workStyleRequiredBy
onet	GraphicDesigners	1.C.2.b	requiresWorkStyle	workStyleRequiredBy
onet	GraphicDesigners	1.C.3.a	requiresWorkStyle	workStyleRequiredBy
onet	GraphicDesigners	1.C.3.b	requiresWorkStyle	workStyleRequiredBy
onet	GraphicDesigners	1.C.3.c	requiresWorkStyle	workStyleRequiredBy
onet	GraphicDesigners	1.C.4.a	requiresWorkStyle	workStyleRequiredBy
onet	GraphicDesigners	1.C.4.b	requiresWorkStyle	workStyleRequiredBy
onet	GraphicDesigners	1.C.4.c	requiresWorkStyle	workStyleRequiredBy
onet	GraphicDesigners	1.C.5.a	requiresWorkStyle	workStyleRequiredBy
onet	GraphicDesigners	1.C.5.b	requiresWorkStyle	workStyleRequiredBy
onet	GraphicDesigners	1.C.5.c	requiresWorkStyle	workStyleRequiredBy
onet	GraphicDesigners	1.C.6	requiresWorkStyle	workStyleRequiredBy
onet	GraphicDesigners	1.C.7.a	requiresWorkStyle	workStyleRequiredBy
onet	GraphicDesigners	1.C.7.b	requiresWorkStyle	workStyleRequiredBy
onet	Greenhouse	1.C.1.a	requiresWorkStyle	workStyleRequiredBy
onet	Greenhouse	1.C.1.b	requiresWorkStyle	workStyleRequiredBy
onet	Greenhouse	1.C.1.c	requiresWorkStyle	workStyleRequiredBy
onet	Greenhouse	1.C.2.b	requiresWorkStyle	workStyleRequiredBy
onet	Greenhouse	1.C.3.a	requiresWorkStyle	workStyleRequiredBy
onet	Greenhouse	1.C.3.b	requiresWorkStyle	workStyleRequiredBy
onet	Greenhouse	1.C.3.c	requiresWorkStyle	workStyleRequiredBy
onet	Greenhouse	1.C.4.a	requiresWorkStyle	workStyleRequiredBy
onet	Greenhouse	1.C.4.b	requiresWorkStyle	workStyleRequiredBy
onet	Greenhouse	1.C.4.c	requiresWorkStyle	workStyleRequiredBy
onet	Greenhouse	1.C.5.a	requiresWorkStyle	workStyleRequiredBy
onet	Greenhouse	1.C.5.b	requiresWorkStyle	workStyleRequiredBy
onet	Greenhouse	1.C.5.c	requiresWorkStyle	workStyleRequiredBy
onet	Greenhouse	1.C.6	requiresWorkStyle	workStyleRequiredBy
onet	Greenhouse	1.C.7.a	requiresWorkStyle	workStyleRequiredBy
onet	Greenhouse	1.C.7.b	requiresWorkStyle	workStyleRequiredBy
onet	GroundskeepingWorkers	1.C.1.a	requiresWorkStyle	workStyleRequiredBy
onet	GroundskeepingWorkers	1.C.1.b	requiresWorkStyle	workStyleRequiredBy
onet	GroundskeepingWorkers	1.C.1.c	requiresWorkStyle	workStyleRequiredBy
onet	GroundskeepingWorkers	1.C.2.b	requiresWorkStyle	workStyleRequiredBy
onet	GroundskeepingWorkers	1.C.3.a	requiresWorkStyle	workStyleRequiredBy
onet	GroundskeepingWorkers	1.C.3.b	requiresWorkStyle	workStyleRequiredBy
onet	GroundskeepingWorkers	1.C.3.c	requiresWorkStyle	workStyleRequiredBy
onet	GroundskeepingWorkers	1.C.4.a	requiresWorkStyle	workStyleRequiredBy
onet	GroundskeepingWorkers	1.C.4.b	requiresWorkStyle	workStyleRequiredBy
onet	GroundskeepingWorkers	1.C.4.c	requiresWorkStyle	workStyleRequiredBy
onet	GroundskeepingWorkers	1.C.5.a	requiresWorkStyle	workStyleRequiredBy
onet	GroundskeepingWorkers	1.C.5.b	requiresWorkStyle	workStyleRequiredBy
onet	GroundskeepingWorkers	1.C.5.c	requiresWorkStyle	workStyleRequiredBy
onet	GroundskeepingWorkers	1.C.6	requiresWorkStyle	workStyleRequiredBy
onet	GroundskeepingWorkers	1.C.7.a	requiresWorkStyle	workStyleRequiredBy
onet	GroundskeepingWorkers	1.C.7.b	requiresWorkStyle	workStyleRequiredBy
onet	GroupFitnessInstructors	1.C.1.a	requiresWorkStyle	workStyleRequiredBy
onet	GroupFitnessInstructors	1.C.1.b	requiresWorkStyle	workStyleRequiredBy
onet	GroupFitnessInstructors	1.C.1.c	requiresWorkStyle	workStyleRequiredBy
onet	GroupFitnessInstructors	1.C.2.b	requiresWorkStyle	workStyleRequiredBy
onet	GroupFitnessInstructors	1.C.3.a	requiresWorkStyle	workStyleRequiredBy
onet	GroupFitnessInstructors	1.C.3.b	requiresWorkStyle	workStyleRequiredBy
onet	GroupFitnessInstructors	1.C.3.c	requiresWorkStyle	workStyleRequiredBy
onet	GroupFitnessInstructors	1.C.4.a	requiresWorkStyle	workStyleRequiredBy
onet	GroupFitnessInstructors	1.C.4.b	requiresWorkStyle	workStyleRequiredBy
onet	GroupFitnessInstructors	1.C.4.c	requiresWorkStyle	workStyleRequiredBy
onet	GroupFitnessInstructors	1.C.5.a	requiresWorkStyle	workStyleRequiredBy
onet	GroupFitnessInstructors	1.C.5.b	requiresWorkStyle	workStyleRequiredBy
onet	GroupFitnessInstructors	1.C.5.c	requiresWorkStyle	workStyleRequiredBy
onet	GroupFitnessInstructors	1.C.6	requiresWorkStyle	workStyleRequiredBy
onet	GroupFitnessInstructors	1.C.7.a	requiresWorkStyle	workStyleRequiredBy
onet	GroupFitnessInstructors	1.C.7.b	requiresWorkStyle	workStyleRequiredBy
onet	Gynecologists	1.C.1.a	requiresWorkStyle	workStyleRequiredBy
onet	Gynecologists	1.C.1.b	requiresWorkStyle	workStyleRequiredBy
onet	Gynecologists	1.C.1.c	requiresWorkStyle	workStyleRequiredBy
onet	Gynecologists	1.C.2.b	requiresWorkStyle	workStyleRequiredBy
onet	Gynecologists	1.C.3.a	requiresWorkStyle	workStyleRequiredBy
onet	Gynecologists	1.C.3.b	requiresWorkStyle	workStyleRequiredBy
onet	Gynecologists	1.C.3.c	requiresWorkStyle	workStyleRequiredBy
onet	Gynecologists	1.C.4.a	requiresWorkStyle	workStyleRequiredBy
onet	Gynecologists	1.C.4.b	requiresWorkStyle	workStyleRequiredBy
onet	Gynecologists	1.C.4.c	requiresWorkStyle	workStyleRequiredBy
onet	Gynecologists	1.C.5.a	requiresWorkStyle	workStyleRequiredBy
onet	Gynecologists	1.C.5.b	requiresWorkStyle	workStyleRequiredBy
onet	Gynecologists	1.C.5.c	requiresWorkStyle	workStyleRequiredBy
onet	Gynecologists	1.C.6	requiresWorkStyle	workStyleRequiredBy
onet	Gynecologists	1.C.7.a	requiresWorkStyle	workStyleRequiredBy
onet	Gynecologists	1.C.7.b	requiresWorkStyle	workStyleRequiredBy
onet	HardTiles	1.C.1.a	requiresWorkStyle	workStyleRequiredBy
onet	HardTiles	1.C.1.b	requiresWorkStyle	workStyleRequiredBy
onet	HardTiles	1.C.1.c	requiresWorkStyle	workStyleRequiredBy
onet	HardTiles	1.C.2.b	requiresWorkStyle	workStyleRequiredBy
onet	HardTiles	1.C.3.a	requiresWorkStyle	workStyleRequiredBy
onet	HardTiles	1.C.3.b	requiresWorkStyle	workStyleRequiredBy
onet	HardTiles	1.C.3.c	requiresWorkStyle	workStyleRequiredBy
onet	HardTiles	1.C.4.a	requiresWorkStyle	workStyleRequiredBy
onet	HardTiles	1.C.4.b	requiresWorkStyle	workStyleRequiredBy
onet	HardTiles	1.C.4.c	requiresWorkStyle	workStyleRequiredBy
onet	HardTiles	1.C.5.a	requiresWorkStyle	workStyleRequiredBy
onet	HardTiles	1.C.5.b	requiresWorkStyle	workStyleRequiredBy
onet	HardTiles	1.C.5.c	requiresWorkStyle	workStyleRequiredBy
onet	HardTiles	1.C.6	requiresWorkStyle	workStyleRequiredBy
onet	HardTiles	1.C.7.a	requiresWorkStyle	workStyleRequiredBy
onet	HardTiles	1.C.7.b	requiresWorkStyle	workStyleRequiredBy
onet	HazardousMaterialsRemovalWorkers	1.C.1.a	requiresWorkStyle	workStyleRequiredBy
onet	HazardousMaterialsRemovalWorkers	1.C.1.b	requiresWorkStyle	workStyleRequiredBy
onet	HazardousMaterialsRemovalWorkers	1.C.1.c	requiresWorkStyle	workStyleRequiredBy
onet	HazardousMaterialsRemovalWorkers	1.C.2.b	requiresWorkStyle	workStyleRequiredBy
onet	HazardousMaterialsRemovalWorkers	1.C.3.a	requiresWorkStyle	workStyleRequiredBy
onet	HazardousMaterialsRemovalWorkers	1.C.3.b	requiresWorkStyle	workStyleRequiredBy
onet	HazardousMaterialsRemovalWorkers	1.C.3.c	requiresWorkStyle	workStyleRequiredBy
onet	HazardousMaterialsRemovalWorkers	1.C.4.a	requiresWorkStyle	workStyleRequiredBy
onet	HazardousMaterialsRemovalWorkers	1.C.4.b	requiresWorkStyle	workStyleRequiredBy
onet	HazardousMaterialsRemovalWorkers	1.C.4.c	requiresWorkStyle	workStyleRequiredBy
onet	HazardousMaterialsRemovalWorkers	1.C.5.a	requiresWorkStyle	workStyleRequiredBy
onet	HazardousMaterialsRemovalWorkers	1.C.5.b	requiresWorkStyle	workStyleRequiredBy
onet	HazardousMaterialsRemovalWorkers	1.C.5.c	requiresWorkStyle	workStyleRequiredBy
onet	HazardousMaterialsRemovalWorkers	1.C.6	requiresWorkStyle	workStyleRequiredBy
onet	HazardousMaterialsRemovalWorkers	1.C.7.a	requiresWorkStyle	workStyleRequiredBy
onet	HazardousMaterialsRemovalWorkers	1.C.7.b	requiresWorkStyle	workStyleRequiredBy
onet	HeadCooks	1.C.1.a	requiresWorkStyle	workStyleRequiredBy
onet	HeadCooks	1.C.1.b	requiresWorkStyle	workStyleRequiredBy
onet	HeadCooks	1.C.1.c	requiresWorkStyle	workStyleRequiredBy
onet	HeadCooks	1.C.2.b	requiresWorkStyle	workStyleRequiredBy
onet	HeadCooks	1.C.3.a	requiresWorkStyle	workStyleRequiredBy
onet	HeadCooks	1.C.3.b	requiresWorkStyle	workStyleRequiredBy
onet	HeadCooks	1.C.3.c	requiresWorkStyle	workStyleRequiredBy
onet	HeadCooks	1.C.4.a	requiresWorkStyle	workStyleRequiredBy
onet	HeadCooks	1.C.4.b	requiresWorkStyle	workStyleRequiredBy
onet	HeadCooks	1.C.4.c	requiresWorkStyle	workStyleRequiredBy
onet	HeadCooks	1.C.5.a	requiresWorkStyle	workStyleRequiredBy
onet	HeadCooks	1.C.5.b	requiresWorkStyle	workStyleRequiredBy
onet	HeadCooks	1.C.5.c	requiresWorkStyle	workStyleRequiredBy
onet	HeadCooks	1.C.6	requiresWorkStyle	workStyleRequiredBy
onet	HeadCooks	1.C.7.a	requiresWorkStyle	workStyleRequiredBy
onet	HeadCooks	1.C.7.b	requiresWorkStyle	workStyleRequiredBy
onet	Health	1.C.1.a	requiresWorkStyle	workStyleRequiredBy
onet	Health	1.C.1.b	requiresWorkStyle	workStyleRequiredBy
onet	Health	1.C.1.c	requiresWorkStyle	workStyleRequiredBy
onet	Health	1.C.2.b	requiresWorkStyle	workStyleRequiredBy
onet	Health	1.C.3.a	requiresWorkStyle	workStyleRequiredBy
onet	Health	1.C.3.b	requiresWorkStyle	workStyleRequiredBy
onet	Health	1.C.3.c	requiresWorkStyle	workStyleRequiredBy
onet	Health	1.C.4.a	requiresWorkStyle	workStyleRequiredBy
onet	Health	1.C.4.b	requiresWorkStyle	workStyleRequiredBy
onet	Health	1.C.4.c	requiresWorkStyle	workStyleRequiredBy
onet	Health	1.C.5.a	requiresWorkStyle	workStyleRequiredBy
onet	Health	1.C.5.b	requiresWorkStyle	workStyleRequiredBy
onet	Health	1.C.5.c	requiresWorkStyle	workStyleRequiredBy
onet	Health	1.C.6	requiresWorkStyle	workStyleRequiredBy
onet	Health	1.C.7.a	requiresWorkStyle	workStyleRequiredBy
onet	Health	1.C.7.b	requiresWorkStyle	workStyleRequiredBy
onet	HealthEducationSpecialists	1.C.1.a	requiresWorkStyle	workStyleRequiredBy
onet	HealthEducationSpecialists	1.C.1.b	requiresWorkStyle	workStyleRequiredBy
onet	HealthEducationSpecialists	1.C.1.c	requiresWorkStyle	workStyleRequiredBy
onet	HealthEducationSpecialists	1.C.2.b	requiresWorkStyle	workStyleRequiredBy
onet	HealthEducationSpecialists	1.C.3.a	requiresWorkStyle	workStyleRequiredBy
onet	HealthEducationSpecialists	1.C.3.b	requiresWorkStyle	workStyleRequiredBy
onet	HealthEducationSpecialists	1.C.3.c	requiresWorkStyle	workStyleRequiredBy
onet	HealthEducationSpecialists	1.C.4.a	requiresWorkStyle	workStyleRequiredBy
onet	HealthEducationSpecialists	1.C.4.b	requiresWorkStyle	workStyleRequiredBy
onet	HealthEducationSpecialists	1.C.4.c	requiresWorkStyle	workStyleRequiredBy
onet	HealthEducationSpecialists	1.C.5.a	requiresWorkStyle	workStyleRequiredBy
onet	HealthEducationSpecialists	1.C.5.b	requiresWorkStyle	workStyleRequiredBy
onet	HealthEducationSpecialists	1.C.5.c	requiresWorkStyle	workStyleRequiredBy
onet	HealthEducationSpecialists	1.C.6	requiresWorkStyle	workStyleRequiredBy
onet	HealthEducationSpecialists	1.C.7.a	requiresWorkStyle	workStyleRequiredBy
onet	HealthEducationSpecialists	1.C.7.b	requiresWorkStyle	workStyleRequiredBy
onet	HealthInformaticsSpecialists	1.C.1.a	requiresWorkStyle	workStyleRequiredBy
onet	HealthInformaticsSpecialists	1.C.1.b	requiresWorkStyle	workStyleRequiredBy
onet	HealthInformaticsSpecialists	1.C.1.c	requiresWorkStyle	workStyleRequiredBy
onet	HealthInformaticsSpecialists	1.C.2.b	requiresWorkStyle	workStyleRequiredBy
onet	HealthInformaticsSpecialists	1.C.3.a	requiresWorkStyle	workStyleRequiredBy
onet	HealthInformaticsSpecialists	1.C.3.b	requiresWorkStyle	workStyleRequiredBy
onet	HealthInformaticsSpecialists	1.C.3.c	requiresWorkStyle	workStyleRequiredBy
onet	HealthInformaticsSpecialists	1.C.4.a	requiresWorkStyle	workStyleRequiredBy
onet	HealthInformaticsSpecialists	1.C.4.b	requiresWorkStyle	workStyleRequiredBy
onet	HealthInformaticsSpecialists	1.C.4.c	requiresWorkStyle	workStyleRequiredBy
onet	HealthInformaticsSpecialists	1.C.5.a	requiresWorkStyle	workStyleRequiredBy
onet	HealthInformaticsSpecialists	1.C.5.b	requiresWorkStyle	workStyleRequiredBy
onet	HealthInformaticsSpecialists	1.C.5.c	requiresWorkStyle	workStyleRequiredBy
onet	HealthInformaticsSpecialists	1.C.6	requiresWorkStyle	workStyleRequiredBy
onet	HealthInformaticsSpecialists	1.C.7.a	requiresWorkStyle	workStyleRequiredBy
onet	HealthInformaticsSpecialists	1.C.7.b	requiresWorkStyle	workStyleRequiredBy
onet	HealthServicesManagers	1.C.1.a	requiresWorkStyle	workStyleRequiredBy
onet	HealthServicesManagers	1.C.1.b	requiresWorkStyle	workStyleRequiredBy
onet	HealthServicesManagers	1.C.1.c	requiresWorkStyle	workStyleRequiredBy
onet	HealthServicesManagers	1.C.2.b	requiresWorkStyle	workStyleRequiredBy
onet	HealthServicesManagers	1.C.3.a	requiresWorkStyle	workStyleRequiredBy
onet	HealthServicesManagers	1.C.3.b	requiresWorkStyle	workStyleRequiredBy
onet	HealthServicesManagers	1.C.3.c	requiresWorkStyle	workStyleRequiredBy
onet	HealthServicesManagers	1.C.4.a	requiresWorkStyle	workStyleRequiredBy
onet	HealthServicesManagers	1.C.4.b	requiresWorkStyle	workStyleRequiredBy
onet	HealthServicesManagers	1.C.4.c	requiresWorkStyle	workStyleRequiredBy
onet	HealthServicesManagers	1.C.5.a	requiresWorkStyle	workStyleRequiredBy
onet	HealthServicesManagers	1.C.5.b	requiresWorkStyle	workStyleRequiredBy
onet	HealthServicesManagers	1.C.5.c	requiresWorkStyle	workStyleRequiredBy
onet	HealthServicesManagers	1.C.6	requiresWorkStyle	workStyleRequiredBy
onet	HealthServicesManagers	1.C.7.a	requiresWorkStyle	workStyleRequiredBy
onet	HealthServicesManagers	1.C.7.b	requiresWorkStyle	workStyleRequiredBy
onet	HealthSpecialtiesTeachersPostsecondary	1.C.1.a	requiresWorkStyle	workStyleRequiredBy
onet	HealthSpecialtiesTeachersPostsecondary	1.C.1.b	requiresWorkStyle	workStyleRequiredBy
onet	HealthSpecialtiesTeachersPostsecondary	1.C.1.c	requiresWorkStyle	workStyleRequiredBy
onet	HealthSpecialtiesTeachersPostsecondary	1.C.2.b	requiresWorkStyle	workStyleRequiredBy
onet	HealthSpecialtiesTeachersPostsecondary	1.C.3.a	requiresWorkStyle	workStyleRequiredBy
onet	HealthSpecialtiesTeachersPostsecondary	1.C.3.b	requiresWorkStyle	workStyleRequiredBy
onet	HealthSpecialtiesTeachersPostsecondary	1.C.3.c	requiresWorkStyle	workStyleRequiredBy
onet	HealthSpecialtiesTeachersPostsecondary	1.C.4.a	requiresWorkStyle	workStyleRequiredBy
onet	HealthSpecialtiesTeachersPostsecondary	1.C.4.b	requiresWorkStyle	workStyleRequiredBy
onet	HealthSpecialtiesTeachersPostsecondary	1.C.4.c	requiresWorkStyle	workStyleRequiredBy
onet	HealthSpecialtiesTeachersPostsecondary	1.C.5.a	requiresWorkStyle	workStyleRequiredBy
onet	HealthSpecialtiesTeachersPostsecondary	1.C.5.b	requiresWorkStyle	workStyleRequiredBy
onet	HealthSpecialtiesTeachersPostsecondary	1.C.5.c	requiresWorkStyle	workStyleRequiredBy
onet	HealthSpecialtiesTeachersPostsecondary	1.C.6	requiresWorkStyle	workStyleRequiredBy
onet	HealthSpecialtiesTeachersPostsecondary	1.C.7.a	requiresWorkStyle	workStyleRequiredBy
onet	HealthSpecialtiesTeachersPostsecondary	1.C.7.b	requiresWorkStyle	workStyleRequiredBy
onet	HealthcareSocialWorkers	1.C.1.a	requiresWorkStyle	workStyleRequiredBy
onet	HealthcareSocialWorkers	1.C.1.b	requiresWorkStyle	workStyleRequiredBy
onet	HealthcareSocialWorkers	1.C.1.c	requiresWorkStyle	workStyleRequiredBy
onet	HealthcareSocialWorkers	1.C.2.b	requiresWorkStyle	workStyleRequiredBy
onet	HealthcareSocialWorkers	1.C.3.a	requiresWorkStyle	workStyleRequiredBy
onet	HealthcareSocialWorkers	1.C.3.b	requiresWorkStyle	workStyleRequiredBy
onet	HealthcareSocialWorkers	1.C.3.c	requiresWorkStyle	workStyleRequiredBy
onet	HealthcareSocialWorkers	1.C.4.a	requiresWorkStyle	workStyleRequiredBy
onet	HealthcareSocialWorkers	1.C.4.b	requiresWorkStyle	workStyleRequiredBy
onet	HealthcareSocialWorkers	1.C.4.c	requiresWorkStyle	workStyleRequiredBy
onet	HealthcareSocialWorkers	1.C.5.a	requiresWorkStyle	workStyleRequiredBy
onet	HealthcareSocialWorkers	1.C.5.b	requiresWorkStyle	workStyleRequiredBy
onet	HealthcareSocialWorkers	1.C.5.c	requiresWorkStyle	workStyleRequiredBy
onet	HealthcareSocialWorkers	1.C.6	requiresWorkStyle	workStyleRequiredBy
onet	HealthcareSocialWorkers	1.C.7.a	requiresWorkStyle	workStyleRequiredBy
onet	HealthcareSocialWorkers	1.C.7.b	requiresWorkStyle	workStyleRequiredBy
onet	HearingAidSpecialists	1.C.1.a	requiresWorkStyle	workStyleRequiredBy
onet	HearingAidSpecialists	1.C.1.b	requiresWorkStyle	workStyleRequiredBy
onet	HearingAidSpecialists	1.C.1.c	requiresWorkStyle	workStyleRequiredBy
onet	HearingAidSpecialists	1.C.2.b	requiresWorkStyle	workStyleRequiredBy
onet	HearingAidSpecialists	1.C.3.a	requiresWorkStyle	workStyleRequiredBy
onet	HearingAidSpecialists	1.C.3.b	requiresWorkStyle	workStyleRequiredBy
onet	HearingAidSpecialists	1.C.3.c	requiresWorkStyle	workStyleRequiredBy
onet	HearingAidSpecialists	1.C.4.a	requiresWorkStyle	workStyleRequiredBy
onet	HearingAidSpecialists	1.C.4.b	requiresWorkStyle	workStyleRequiredBy
onet	HearingAidSpecialists	1.C.4.c	requiresWorkStyle	workStyleRequiredBy
onet	HearingAidSpecialists	1.C.5.a	requiresWorkStyle	workStyleRequiredBy
onet	HearingAidSpecialists	1.C.5.b	requiresWorkStyle	workStyleRequiredBy
onet	HearingAidSpecialists	1.C.5.c	requiresWorkStyle	workStyleRequiredBy
onet	HearingAidSpecialists	1.C.6	requiresWorkStyle	workStyleRequiredBy
onet	HearingAidSpecialists	1.C.7.a	requiresWorkStyle	workStyleRequiredBy
onet	HearingAidSpecialists	1.C.7.b	requiresWorkStyle	workStyleRequiredBy
onet	HearingOfficers	1.C.1.a	requiresWorkStyle	workStyleRequiredBy
onet	HearingOfficers	1.C.1.b	requiresWorkStyle	workStyleRequiredBy
onet	HearingOfficers	1.C.1.c	requiresWorkStyle	workStyleRequiredBy
onet	HearingOfficers	1.C.2.b	requiresWorkStyle	workStyleRequiredBy
onet	HearingOfficers	1.C.3.a	requiresWorkStyle	workStyleRequiredBy
onet	HearingOfficers	1.C.3.b	requiresWorkStyle	workStyleRequiredBy
onet	HearingOfficers	1.C.3.c	requiresWorkStyle	workStyleRequiredBy
onet	HearingOfficers	1.C.4.a	requiresWorkStyle	workStyleRequiredBy
onet	HearingOfficers	1.C.4.b	requiresWorkStyle	workStyleRequiredBy
onet	HearingOfficers	1.C.4.c	requiresWorkStyle	workStyleRequiredBy
onet	HearingOfficers	1.C.5.a	requiresWorkStyle	workStyleRequiredBy
onet	HearingOfficers	1.C.5.b	requiresWorkStyle	workStyleRequiredBy
onet	HearingOfficers	1.C.5.c	requiresWorkStyle	workStyleRequiredBy
onet	HearingOfficers	1.C.6	requiresWorkStyle	workStyleRequiredBy
onet	HearingOfficers	1.C.7.a	requiresWorkStyle	workStyleRequiredBy
onet	HearingOfficers	1.C.7.b	requiresWorkStyle	workStyleRequiredBy
onet	HelpersCarpenters	1.C.1.a	requiresWorkStyle	workStyleRequiredBy
onet	HelpersCarpenters	1.C.1.b	requiresWorkStyle	workStyleRequiredBy
onet	HelpersCarpenters	1.C.1.c	requiresWorkStyle	workStyleRequiredBy
onet	HelpersCarpenters	1.C.2.b	requiresWorkStyle	workStyleRequiredBy
onet	HelpersCarpenters	1.C.3.a	requiresWorkStyle	workStyleRequiredBy
onet	HelpersCarpenters	1.C.3.b	requiresWorkStyle	workStyleRequiredBy
onet	HelpersCarpenters	1.C.3.c	requiresWorkStyle	workStyleRequiredBy
onet	HelpersCarpenters	1.C.4.a	requiresWorkStyle	workStyleRequiredBy
onet	HelpersCarpenters	1.C.4.b	requiresWorkStyle	workStyleRequiredBy
onet	HelpersCarpenters	1.C.4.c	requiresWorkStyle	workStyleRequiredBy
onet	HelpersCarpenters	1.C.5.a	requiresWorkStyle	workStyleRequiredBy
onet	HelpersCarpenters	1.C.5.b	requiresWorkStyle	workStyleRequiredBy
onet	HelpersCarpenters	1.C.5.c	requiresWorkStyle	workStyleRequiredBy
onet	HelpersCarpenters	1.C.6	requiresWorkStyle	workStyleRequiredBy
onet	HelpersCarpenters	1.C.7.a	requiresWorkStyle	workStyleRequiredBy
onet	HelpersCarpenters	1.C.7.b	requiresWorkStyle	workStyleRequiredBy
onet	HelpersElectricians	1.C.1.a	requiresWorkStyle	workStyleRequiredBy
onet	HelpersElectricians	1.C.1.b	requiresWorkStyle	workStyleRequiredBy
onet	HelpersElectricians	1.C.1.c	requiresWorkStyle	workStyleRequiredBy
onet	HelpersElectricians	1.C.2.b	requiresWorkStyle	workStyleRequiredBy
onet	HelpersElectricians	1.C.3.a	requiresWorkStyle	workStyleRequiredBy
onet	HelpersElectricians	1.C.3.b	requiresWorkStyle	workStyleRequiredBy
onet	HelpersElectricians	1.C.3.c	requiresWorkStyle	workStyleRequiredBy
onet	HelpersElectricians	1.C.4.a	requiresWorkStyle	workStyleRequiredBy
onet	HelpersElectricians	1.C.4.b	requiresWorkStyle	workStyleRequiredBy
onet	HelpersElectricians	1.C.4.c	requiresWorkStyle	workStyleRequiredBy
onet	HelpersElectricians	1.C.5.a	requiresWorkStyle	workStyleRequiredBy
onet	HelpersElectricians	1.C.5.b	requiresWorkStyle	workStyleRequiredBy
onet	HelpersElectricians	1.C.5.c	requiresWorkStyle	workStyleRequiredBy
onet	HelpersElectricians	1.C.6	requiresWorkStyle	workStyleRequiredBy
onet	HelpersElectricians	1.C.7.a	requiresWorkStyle	workStyleRequiredBy
onet	HelpersElectricians	1.C.7.b	requiresWorkStyle	workStyleRequiredBy
onet	HelpersExtractionWorkers	1.C.1.a	requiresWorkStyle	workStyleRequiredBy
onet	HelpersExtractionWorkers	1.C.1.b	requiresWorkStyle	workStyleRequiredBy
onet	HelpersExtractionWorkers	1.C.1.c	requiresWorkStyle	workStyleRequiredBy
onet	HelpersExtractionWorkers	1.C.2.b	requiresWorkStyle	workStyleRequiredBy
onet	HelpersExtractionWorkers	1.C.3.a	requiresWorkStyle	workStyleRequiredBy
onet	HelpersExtractionWorkers	1.C.3.b	requiresWorkStyle	workStyleRequiredBy
onet	HelpersExtractionWorkers	1.C.3.c	requiresWorkStyle	workStyleRequiredBy
onet	HelpersExtractionWorkers	1.C.4.a	requiresWorkStyle	workStyleRequiredBy
onet	HelpersExtractionWorkers	1.C.4.b	requiresWorkStyle	workStyleRequiredBy
onet	HelpersExtractionWorkers	1.C.4.c	requiresWorkStyle	workStyleRequiredBy
onet	HelpersExtractionWorkers	1.C.5.a	requiresWorkStyle	workStyleRequiredBy
onet	HelpersExtractionWorkers	1.C.5.b	requiresWorkStyle	workStyleRequiredBy
onet	HelpersExtractionWorkers	1.C.5.c	requiresWorkStyle	workStyleRequiredBy
onet	HelpersExtractionWorkers	1.C.6	requiresWorkStyle	workStyleRequiredBy
onet	HelpersExtractionWorkers	1.C.7.a	requiresWorkStyle	workStyleRequiredBy
onet	HelpersExtractionWorkers	1.C.7.b	requiresWorkStyle	workStyleRequiredBy
onet	HelpersProductionWorkers	1.C.1.a	requiresWorkStyle	workStyleRequiredBy
onet	HelpersProductionWorkers	1.C.1.b	requiresWorkStyle	workStyleRequiredBy
onet	HelpersProductionWorkers	1.C.1.c	requiresWorkStyle	workStyleRequiredBy
onet	HelpersProductionWorkers	1.C.2.b	requiresWorkStyle	workStyleRequiredBy
onet	HelpersProductionWorkers	1.C.3.a	requiresWorkStyle	workStyleRequiredBy
onet	HelpersProductionWorkers	1.C.3.b	requiresWorkStyle	workStyleRequiredBy
onet	HelpersProductionWorkers	1.C.3.c	requiresWorkStyle	workStyleRequiredBy
onet	HelpersProductionWorkers	1.C.4.a	requiresWorkStyle	workStyleRequiredBy
onet	HelpersProductionWorkers	1.C.4.b	requiresWorkStyle	workStyleRequiredBy
onet	HelpersProductionWorkers	1.C.4.c	requiresWorkStyle	workStyleRequiredBy
onet	HelpersProductionWorkers	1.C.5.a	requiresWorkStyle	workStyleRequiredBy
onet	HelpersProductionWorkers	1.C.5.b	requiresWorkStyle	workStyleRequiredBy
onet	HelpersProductionWorkers	1.C.5.c	requiresWorkStyle	workStyleRequiredBy
onet	HelpersProductionWorkers	1.C.6	requiresWorkStyle	workStyleRequiredBy
onet	HelpersProductionWorkers	1.C.7.a	requiresWorkStyle	workStyleRequiredBy
onet	HelpersProductionWorkers	1.C.7.b	requiresWorkStyle	workStyleRequiredBy
onet	HelpersRoofers	1.C.1.a	requiresWorkStyle	workStyleRequiredBy
onet	HelpersRoofers	1.C.1.b	requiresWorkStyle	workStyleRequiredBy
onet	HelpersRoofers	1.C.1.c	requiresWorkStyle	workStyleRequiredBy
onet	HelpersRoofers	1.C.2.b	requiresWorkStyle	workStyleRequiredBy
onet	HelpersRoofers	1.C.3.a	requiresWorkStyle	workStyleRequiredBy
onet	HelpersRoofers	1.C.3.b	requiresWorkStyle	workStyleRequiredBy
onet	HelpersRoofers	1.C.3.c	requiresWorkStyle	workStyleRequiredBy
onet	HelpersRoofers	1.C.4.a	requiresWorkStyle	workStyleRequiredBy
onet	HelpersRoofers	1.C.4.b	requiresWorkStyle	workStyleRequiredBy
onet	HelpersRoofers	1.C.4.c	requiresWorkStyle	workStyleRequiredBy
onet	HelpersRoofers	1.C.5.a	requiresWorkStyle	workStyleRequiredBy
onet	HelpersRoofers	1.C.5.b	requiresWorkStyle	workStyleRequiredBy
onet	HelpersRoofers	1.C.5.c	requiresWorkStyle	workStyleRequiredBy
onet	HelpersRoofers	1.C.6	requiresWorkStyle	workStyleRequiredBy
onet	HelpersRoofers	1.C.7.a	requiresWorkStyle	workStyleRequiredBy
onet	HelpersRoofers	1.C.7.b	requiresWorkStyle	workStyleRequiredBy
onet	HighwayMaintenanceWorkers	1.C.1.a	requiresWorkStyle	workStyleRequiredBy
onet	HighwayMaintenanceWorkers	1.C.1.b	requiresWorkStyle	workStyleRequiredBy
onet	HighwayMaintenanceWorkers	1.C.1.c	requiresWorkStyle	workStyleRequiredBy
onet	HighwayMaintenanceWorkers	1.C.2.b	requiresWorkStyle	workStyleRequiredBy
onet	HighwayMaintenanceWorkers	1.C.3.a	requiresWorkStyle	workStyleRequiredBy
onet	HighwayMaintenanceWorkers	1.C.3.b	requiresWorkStyle	workStyleRequiredBy
onet	HighwayMaintenanceWorkers	1.C.3.c	requiresWorkStyle	workStyleRequiredBy
onet	HighwayMaintenanceWorkers	1.C.4.a	requiresWorkStyle	workStyleRequiredBy
onet	HighwayMaintenanceWorkers	1.C.4.b	requiresWorkStyle	workStyleRequiredBy
onet	HighwayMaintenanceWorkers	1.C.4.c	requiresWorkStyle	workStyleRequiredBy
onet	HighwayMaintenanceWorkers	1.C.5.a	requiresWorkStyle	workStyleRequiredBy
onet	HighwayMaintenanceWorkers	1.C.5.b	requiresWorkStyle	workStyleRequiredBy
onet	HighwayMaintenanceWorkers	1.C.5.c	requiresWorkStyle	workStyleRequiredBy
onet	HighwayMaintenanceWorkers	1.C.6	requiresWorkStyle	workStyleRequiredBy
onet	HighwayMaintenanceWorkers	1.C.7.a	requiresWorkStyle	workStyleRequiredBy
onet	HighwayMaintenanceWorkers	1.C.7.b	requiresWorkStyle	workStyleRequiredBy
onet	HistologyTechnicians	1.C.1.a	requiresWorkStyle	workStyleRequiredBy
onet	HistologyTechnicians	1.C.1.b	requiresWorkStyle	workStyleRequiredBy
onet	HistologyTechnicians	1.C.1.c	requiresWorkStyle	workStyleRequiredBy
onet	HistologyTechnicians	1.C.2.b	requiresWorkStyle	workStyleRequiredBy
onet	HistologyTechnicians	1.C.3.a	requiresWorkStyle	workStyleRequiredBy
onet	HistologyTechnicians	1.C.3.b	requiresWorkStyle	workStyleRequiredBy
onet	HistologyTechnicians	1.C.3.c	requiresWorkStyle	workStyleRequiredBy
onet	HistologyTechnicians	1.C.4.a	requiresWorkStyle	workStyleRequiredBy
onet	HistologyTechnicians	1.C.4.b	requiresWorkStyle	workStyleRequiredBy
onet	HistologyTechnicians	1.C.4.c	requiresWorkStyle	workStyleRequiredBy
onet	HistologyTechnicians	1.C.5.a	requiresWorkStyle	workStyleRequiredBy
onet	HistologyTechnicians	1.C.5.b	requiresWorkStyle	workStyleRequiredBy
onet	HistologyTechnicians	1.C.5.c	requiresWorkStyle	workStyleRequiredBy
onet	HistologyTechnicians	1.C.6	requiresWorkStyle	workStyleRequiredBy
onet	HistologyTechnicians	1.C.7.a	requiresWorkStyle	workStyleRequiredBy
onet	HistologyTechnicians	1.C.7.b	requiresWorkStyle	workStyleRequiredBy
onet	Historians	1.C.1.a	requiresWorkStyle	workStyleRequiredBy
onet	Historians	1.C.1.b	requiresWorkStyle	workStyleRequiredBy
onet	Historians	1.C.1.c	requiresWorkStyle	workStyleRequiredBy
onet	Historians	1.C.2.b	requiresWorkStyle	workStyleRequiredBy
onet	Historians	1.C.3.a	requiresWorkStyle	workStyleRequiredBy
onet	Historians	1.C.3.b	requiresWorkStyle	workStyleRequiredBy
onet	Historians	1.C.3.c	requiresWorkStyle	workStyleRequiredBy
onet	Historians	1.C.4.a	requiresWorkStyle	workStyleRequiredBy
onet	Historians	1.C.4.b	requiresWorkStyle	workStyleRequiredBy
onet	Historians	1.C.4.c	requiresWorkStyle	workStyleRequiredBy
onet	Historians	1.C.5.a	requiresWorkStyle	workStyleRequiredBy
onet	Historians	1.C.5.b	requiresWorkStyle	workStyleRequiredBy
onet	Historians	1.C.5.c	requiresWorkStyle	workStyleRequiredBy
onet	Historians	1.C.6	requiresWorkStyle	workStyleRequiredBy
onet	Historians	1.C.7.a	requiresWorkStyle	workStyleRequiredBy
onet	Historians	1.C.7.b	requiresWorkStyle	workStyleRequiredBy
onet	HistoryTeachersPostsecondary	1.C.1.a	requiresWorkStyle	workStyleRequiredBy
onet	HistoryTeachersPostsecondary	1.C.1.b	requiresWorkStyle	workStyleRequiredBy
onet	HistoryTeachersPostsecondary	1.C.1.c	requiresWorkStyle	workStyleRequiredBy
onet	HistoryTeachersPostsecondary	1.C.2.b	requiresWorkStyle	workStyleRequiredBy
onet	HistoryTeachersPostsecondary	1.C.3.a	requiresWorkStyle	workStyleRequiredBy
onet	HistoryTeachersPostsecondary	1.C.3.b	requiresWorkStyle	workStyleRequiredBy
onet	HistoryTeachersPostsecondary	1.C.3.c	requiresWorkStyle	workStyleRequiredBy
onet	HistoryTeachersPostsecondary	1.C.4.a	requiresWorkStyle	workStyleRequiredBy
onet	HistoryTeachersPostsecondary	1.C.4.b	requiresWorkStyle	workStyleRequiredBy
onet	HistoryTeachersPostsecondary	1.C.4.c	requiresWorkStyle	workStyleRequiredBy
onet	HistoryTeachersPostsecondary	1.C.5.a	requiresWorkStyle	workStyleRequiredBy
onet	HistoryTeachersPostsecondary	1.C.5.b	requiresWorkStyle	workStyleRequiredBy
onet	HistoryTeachersPostsecondary	1.C.5.c	requiresWorkStyle	workStyleRequiredBy
onet	HistoryTeachersPostsecondary	1.C.6	requiresWorkStyle	workStyleRequiredBy
onet	HistoryTeachersPostsecondary	1.C.7.a	requiresWorkStyle	workStyleRequiredBy
onet	HistoryTeachersPostsecondary	1.C.7.b	requiresWorkStyle	workStyleRequiredBy
onet	Histotechnologists	1.C.1.a	requiresWorkStyle	workStyleRequiredBy
onet	Histotechnologists	1.C.1.b	requiresWorkStyle	workStyleRequiredBy
onet	Histotechnologists	1.C.1.c	requiresWorkStyle	workStyleRequiredBy
onet	Histotechnologists	1.C.2.b	requiresWorkStyle	workStyleRequiredBy
onet	Histotechnologists	1.C.3.a	requiresWorkStyle	workStyleRequiredBy
onet	Histotechnologists	1.C.3.b	requiresWorkStyle	workStyleRequiredBy
onet	Histotechnologists	1.C.3.c	requiresWorkStyle	workStyleRequiredBy
onet	Histotechnologists	1.C.4.a	requiresWorkStyle	workStyleRequiredBy
onet	Histotechnologists	1.C.4.b	requiresWorkStyle	workStyleRequiredBy
onet	Histotechnologists	1.C.4.c	requiresWorkStyle	workStyleRequiredBy
onet	Histotechnologists	1.C.5.a	requiresWorkStyle	workStyleRequiredBy
onet	Histotechnologists	1.C.5.b	requiresWorkStyle	workStyleRequiredBy
onet	Histotechnologists	1.C.5.c	requiresWorkStyle	workStyleRequiredBy
onet	Histotechnologists	1.C.6	requiresWorkStyle	workStyleRequiredBy
onet	Histotechnologists	1.C.7.a	requiresWorkStyle	workStyleRequiredBy
onet	Histotechnologists	1.C.7.b	requiresWorkStyle	workStyleRequiredBy
onet	HomeApplianceRepairers	1.C.1.a	requiresWorkStyle	workStyleRequiredBy
onet	HomeApplianceRepairers	1.C.1.b	requiresWorkStyle	workStyleRequiredBy
onet	HomeApplianceRepairers	1.C.1.c	requiresWorkStyle	workStyleRequiredBy
onet	HomeApplianceRepairers	1.C.2.b	requiresWorkStyle	workStyleRequiredBy
onet	HomeApplianceRepairers	1.C.3.a	requiresWorkStyle	workStyleRequiredBy
onet	HomeApplianceRepairers	1.C.3.b	requiresWorkStyle	workStyleRequiredBy
onet	HomeApplianceRepairers	1.C.3.c	requiresWorkStyle	workStyleRequiredBy
onet	HomeApplianceRepairers	1.C.4.a	requiresWorkStyle	workStyleRequiredBy
onet	HomeApplianceRepairers	1.C.4.b	requiresWorkStyle	workStyleRequiredBy
onet	HomeApplianceRepairers	1.C.4.c	requiresWorkStyle	workStyleRequiredBy
onet	HomeApplianceRepairers	1.C.5.a	requiresWorkStyle	workStyleRequiredBy
onet	HomeApplianceRepairers	1.C.5.b	requiresWorkStyle	workStyleRequiredBy
onet	HomeApplianceRepairers	1.C.5.c	requiresWorkStyle	workStyleRequiredBy
onet	HomeApplianceRepairers	1.C.6	requiresWorkStyle	workStyleRequiredBy
onet	HomeApplianceRepairers	1.C.7.a	requiresWorkStyle	workStyleRequiredBy
onet	HomeApplianceRepairers	1.C.7.b	requiresWorkStyle	workStyleRequiredBy
onet	HomeHealthAides	1.C.1.a	requiresWorkStyle	workStyleRequiredBy
onet	HomeHealthAides	1.C.1.b	requiresWorkStyle	workStyleRequiredBy
onet	HomeHealthAides	1.C.1.c	requiresWorkStyle	workStyleRequiredBy
onet	HomeHealthAides	1.C.2.b	requiresWorkStyle	workStyleRequiredBy
onet	HomeHealthAides	1.C.3.a	requiresWorkStyle	workStyleRequiredBy
onet	HomeHealthAides	1.C.3.b	requiresWorkStyle	workStyleRequiredBy
onet	HomeHealthAides	1.C.3.c	requiresWorkStyle	workStyleRequiredBy
onet	HomeHealthAides	1.C.4.a	requiresWorkStyle	workStyleRequiredBy
onet	HomeHealthAides	1.C.4.b	requiresWorkStyle	workStyleRequiredBy
onet	HomeHealthAides	1.C.4.c	requiresWorkStyle	workStyleRequiredBy
onet	HomeHealthAides	1.C.5.a	requiresWorkStyle	workStyleRequiredBy
onet	HomeHealthAides	1.C.5.b	requiresWorkStyle	workStyleRequiredBy
onet	HomeHealthAides	1.C.5.c	requiresWorkStyle	workStyleRequiredBy
onet	HomeHealthAides	1.C.6	requiresWorkStyle	workStyleRequiredBy
onet	HomeHealthAides	1.C.7.a	requiresWorkStyle	workStyleRequiredBy
onet	HomeHealthAides	1.C.7.b	requiresWorkStyle	workStyleRequiredBy
onet	HomeManagementEducators	1.C.1.a	requiresWorkStyle	workStyleRequiredBy
onet	HomeManagementEducators	1.C.1.b	requiresWorkStyle	workStyleRequiredBy
onet	HomeManagementEducators	1.C.1.c	requiresWorkStyle	workStyleRequiredBy
onet	HomeManagementEducators	1.C.2.b	requiresWorkStyle	workStyleRequiredBy
onet	HomeManagementEducators	1.C.3.a	requiresWorkStyle	workStyleRequiredBy
onet	HomeManagementEducators	1.C.3.b	requiresWorkStyle	workStyleRequiredBy
onet	HomeManagementEducators	1.C.3.c	requiresWorkStyle	workStyleRequiredBy
onet	HomeManagementEducators	1.C.4.a	requiresWorkStyle	workStyleRequiredBy
onet	HomeManagementEducators	1.C.4.b	requiresWorkStyle	workStyleRequiredBy
onet	HomeManagementEducators	1.C.4.c	requiresWorkStyle	workStyleRequiredBy
onet	HomeManagementEducators	1.C.5.a	requiresWorkStyle	workStyleRequiredBy
onet	HomeManagementEducators	1.C.5.b	requiresWorkStyle	workStyleRequiredBy
onet	HomeManagementEducators	1.C.5.c	requiresWorkStyle	workStyleRequiredBy
onet	HomeManagementEducators	1.C.6	requiresWorkStyle	workStyleRequiredBy
onet	HomeManagementEducators	1.C.7.a	requiresWorkStyle	workStyleRequiredBy
onet	HomeManagementEducators	1.C.7.b	requiresWorkStyle	workStyleRequiredBy
onet	Hospitalists	1.C.1.a	requiresWorkStyle	workStyleRequiredBy
onet	Hospitalists	1.C.1.b	requiresWorkStyle	workStyleRequiredBy
onet	Hospitalists	1.C.1.c	requiresWorkStyle	workStyleRequiredBy
onet	Hospitalists	1.C.2.b	requiresWorkStyle	workStyleRequiredBy
onet	Hospitalists	1.C.3.a	requiresWorkStyle	workStyleRequiredBy
onet	Hospitalists	1.C.3.b	requiresWorkStyle	workStyleRequiredBy
onet	Hospitalists	1.C.3.c	requiresWorkStyle	workStyleRequiredBy
onet	Hospitalists	1.C.4.a	requiresWorkStyle	workStyleRequiredBy
onet	Hospitalists	1.C.4.b	requiresWorkStyle	workStyleRequiredBy
onet	Hospitalists	1.C.4.c	requiresWorkStyle	workStyleRequiredBy
onet	Hospitalists	1.C.5.a	requiresWorkStyle	workStyleRequiredBy
onet	Hospitalists	1.C.5.b	requiresWorkStyle	workStyleRequiredBy
onet	Hospitalists	1.C.5.c	requiresWorkStyle	workStyleRequiredBy
onet	Hospitalists	1.C.6	requiresWorkStyle	workStyleRequiredBy
onet	Hospitalists	1.C.7.a	requiresWorkStyle	workStyleRequiredBy
onet	Hospitalists	1.C.7.b	requiresWorkStyle	workStyleRequiredBy
onet	Hostlers	1.C.1.a	requiresWorkStyle	workStyleRequiredBy
onet	Hostlers	1.C.1.b	requiresWorkStyle	workStyleRequiredBy
onet	Hostlers	1.C.1.c	requiresWorkStyle	workStyleRequiredBy
onet	Hostlers	1.C.2.b	requiresWorkStyle	workStyleRequiredBy
onet	Hostlers	1.C.3.a	requiresWorkStyle	workStyleRequiredBy
onet	Hostlers	1.C.3.b	requiresWorkStyle	workStyleRequiredBy
onet	Hostlers	1.C.3.c	requiresWorkStyle	workStyleRequiredBy
onet	Hostlers	1.C.4.a	requiresWorkStyle	workStyleRequiredBy
onet	Hostlers	1.C.4.b	requiresWorkStyle	workStyleRequiredBy
onet	Hostlers	1.C.4.c	requiresWorkStyle	workStyleRequiredBy
onet	Hostlers	1.C.5.a	requiresWorkStyle	workStyleRequiredBy
onet	Hostlers	1.C.5.b	requiresWorkStyle	workStyleRequiredBy
onet	Hostlers	1.C.5.c	requiresWorkStyle	workStyleRequiredBy
onet	Hostlers	1.C.6	requiresWorkStyle	workStyleRequiredBy
onet	Hostlers	1.C.7.a	requiresWorkStyle	workStyleRequiredBy
onet	Hostlers	1.C.7.b	requiresWorkStyle	workStyleRequiredBy
onet	HousekeepingCleaners	1.C.1.a	requiresWorkStyle	workStyleRequiredBy
onet	HousekeepingCleaners	1.C.1.b	requiresWorkStyle	workStyleRequiredBy
onet	HousekeepingCleaners	1.C.1.c	requiresWorkStyle	workStyleRequiredBy
onet	HousekeepingCleaners	1.C.2.b	requiresWorkStyle	workStyleRequiredBy
onet	HousekeepingCleaners	1.C.3.a	requiresWorkStyle	workStyleRequiredBy
onet	HousekeepingCleaners	1.C.3.b	requiresWorkStyle	workStyleRequiredBy
onet	HousekeepingCleaners	1.C.3.c	requiresWorkStyle	workStyleRequiredBy
onet	HousekeepingCleaners	1.C.4.a	requiresWorkStyle	workStyleRequiredBy
onet	HousekeepingCleaners	1.C.4.b	requiresWorkStyle	workStyleRequiredBy
onet	HousekeepingCleaners	1.C.4.c	requiresWorkStyle	workStyleRequiredBy
onet	HousekeepingCleaners	1.C.5.a	requiresWorkStyle	workStyleRequiredBy
onet	HousekeepingCleaners	1.C.5.b	requiresWorkStyle	workStyleRequiredBy
onet	HousekeepingCleaners	1.C.5.c	requiresWorkStyle	workStyleRequiredBy
onet	HousekeepingCleaners	1.C.6	requiresWorkStyle	workStyleRequiredBy
onet	HousekeepingCleaners	1.C.7.a	requiresWorkStyle	workStyleRequiredBy
onet	HousekeepingCleaners	1.C.7.b	requiresWorkStyle	workStyleRequiredBy
onet	HumanResourcesManagers	1.C.1.a	requiresWorkStyle	workStyleRequiredBy
onet	HumanResourcesManagers	1.C.1.b	requiresWorkStyle	workStyleRequiredBy
onet	HumanResourcesManagers	1.C.1.c	requiresWorkStyle	workStyleRequiredBy
onet	HumanResourcesManagers	1.C.2.b	requiresWorkStyle	workStyleRequiredBy
onet	HumanResourcesManagers	1.C.3.a	requiresWorkStyle	workStyleRequiredBy
onet	HumanResourcesManagers	1.C.3.b	requiresWorkStyle	workStyleRequiredBy
onet	HumanResourcesManagers	1.C.3.c	requiresWorkStyle	workStyleRequiredBy
onet	HumanResourcesManagers	1.C.4.a	requiresWorkStyle	workStyleRequiredBy
onet	HumanResourcesManagers	1.C.4.b	requiresWorkStyle	workStyleRequiredBy
onet	HumanResourcesManagers	1.C.4.c	requiresWorkStyle	workStyleRequiredBy
onet	HumanResourcesManagers	1.C.5.a	requiresWorkStyle	workStyleRequiredBy
onet	HumanResourcesManagers	1.C.5.b	requiresWorkStyle	workStyleRequiredBy
onet	HumanResourcesManagers	1.C.5.c	requiresWorkStyle	workStyleRequiredBy
onet	HumanResourcesManagers	1.C.6	requiresWorkStyle	workStyleRequiredBy
onet	HumanResourcesManagers	1.C.7.a	requiresWorkStyle	workStyleRequiredBy
onet	HumanResourcesManagers	1.C.7.b	requiresWorkStyle	workStyleRequiredBy
onet	HumanResourcesSpecialists	1.C.1.a	requiresWorkStyle	workStyleRequiredBy
onet	HumanResourcesSpecialists	1.C.1.b	requiresWorkStyle	workStyleRequiredBy
onet	HumanResourcesSpecialists	1.C.1.c	requiresWorkStyle	workStyleRequiredBy
onet	HumanResourcesSpecialists	1.C.2.b	requiresWorkStyle	workStyleRequiredBy
onet	HumanResourcesSpecialists	1.C.3.a	requiresWorkStyle	workStyleRequiredBy
onet	HumanResourcesSpecialists	1.C.3.b	requiresWorkStyle	workStyleRequiredBy
onet	HumanResourcesSpecialists	1.C.3.c	requiresWorkStyle	workStyleRequiredBy
onet	HumanResourcesSpecialists	1.C.4.a	requiresWorkStyle	workStyleRequiredBy
onet	HumanResourcesSpecialists	1.C.4.b	requiresWorkStyle	workStyleRequiredBy
onet	HumanResourcesSpecialists	1.C.4.c	requiresWorkStyle	workStyleRequiredBy
onet	HumanResourcesSpecialists	1.C.5.a	requiresWorkStyle	workStyleRequiredBy
onet	HumanResourcesSpecialists	1.C.5.b	requiresWorkStyle	workStyleRequiredBy
onet	HumanResourcesSpecialists	1.C.5.c	requiresWorkStyle	workStyleRequiredBy
onet	HumanResourcesSpecialists	1.C.6	requiresWorkStyle	workStyleRequiredBy
onet	HumanResourcesSpecialists	1.C.7.a	requiresWorkStyle	workStyleRequiredBy
onet	HumanResourcesSpecialists	1.C.7.b	requiresWorkStyle	workStyleRequiredBy
onet	HumanServiceAssistants	1.C.1.a	requiresWorkStyle	workStyleRequiredBy
onet	HumanServiceAssistants	1.C.1.b	requiresWorkStyle	workStyleRequiredBy
onet	HumanServiceAssistants	1.C.1.c	requiresWorkStyle	workStyleRequiredBy
onet	HumanServiceAssistants	1.C.2.b	requiresWorkStyle	workStyleRequiredBy
onet	HumanServiceAssistants	1.C.3.a	requiresWorkStyle	workStyleRequiredBy
onet	HumanServiceAssistants	1.C.3.b	requiresWorkStyle	workStyleRequiredBy
onet	HumanServiceAssistants	1.C.3.c	requiresWorkStyle	workStyleRequiredBy
onet	HumanServiceAssistants	1.C.4.a	requiresWorkStyle	workStyleRequiredBy
onet	HumanServiceAssistants	1.C.4.b	requiresWorkStyle	workStyleRequiredBy
onet	HumanServiceAssistants	1.C.4.c	requiresWorkStyle	workStyleRequiredBy
onet	HumanServiceAssistants	1.C.5.a	requiresWorkStyle	workStyleRequiredBy
onet	HumanServiceAssistants	1.C.5.b	requiresWorkStyle	workStyleRequiredBy
onet	HumanServiceAssistants	1.C.5.c	requiresWorkStyle	workStyleRequiredBy
onet	HumanServiceAssistants	1.C.6	requiresWorkStyle	workStyleRequiredBy
onet	HumanServiceAssistants	1.C.7.a	requiresWorkStyle	workStyleRequiredBy
onet	HumanServiceAssistants	1.C.7.b	requiresWorkStyle	workStyleRequiredBy
onet	HuntingWorkers	1.C.1.a	requiresWorkStyle	workStyleRequiredBy
onet	HuntingWorkers	1.C.1.b	requiresWorkStyle	workStyleRequiredBy
onet	HuntingWorkers	1.C.1.c	requiresWorkStyle	workStyleRequiredBy
onet	HuntingWorkers	1.C.2.b	requiresWorkStyle	workStyleRequiredBy
onet	HuntingWorkers	1.C.3.a	requiresWorkStyle	workStyleRequiredBy
onet	HuntingWorkers	1.C.3.b	requiresWorkStyle	workStyleRequiredBy
onet	HuntingWorkers	1.C.3.c	requiresWorkStyle	workStyleRequiredBy
onet	HuntingWorkers	1.C.4.a	requiresWorkStyle	workStyleRequiredBy
onet	HuntingWorkers	1.C.4.b	requiresWorkStyle	workStyleRequiredBy
onet	HuntingWorkers	1.C.4.c	requiresWorkStyle	workStyleRequiredBy
onet	HuntingWorkers	1.C.5.a	requiresWorkStyle	workStyleRequiredBy
onet	HuntingWorkers	1.C.5.b	requiresWorkStyle	workStyleRequiredBy
onet	HuntingWorkers	1.C.5.c	requiresWorkStyle	workStyleRequiredBy
onet	HuntingWorkers	1.C.6	requiresWorkStyle	workStyleRequiredBy
onet	HuntingWorkers	1.C.7.a	requiresWorkStyle	workStyleRequiredBy
onet	HuntingWorkers	1.C.7.b	requiresWorkStyle	workStyleRequiredBy
onet	HydroelectricPlantTechnicians	1.C.1.a	requiresWorkStyle	workStyleRequiredBy
onet	HydroelectricPlantTechnicians	1.C.1.b	requiresWorkStyle	workStyleRequiredBy
onet	HydroelectricPlantTechnicians	1.C.1.c	requiresWorkStyle	workStyleRequiredBy
onet	HydroelectricPlantTechnicians	1.C.2.b	requiresWorkStyle	workStyleRequiredBy
onet	HydroelectricPlantTechnicians	1.C.3.a	requiresWorkStyle	workStyleRequiredBy
onet	HydroelectricPlantTechnicians	1.C.3.b	requiresWorkStyle	workStyleRequiredBy
onet	HydroelectricPlantTechnicians	1.C.3.c	requiresWorkStyle	workStyleRequiredBy
onet	HydroelectricPlantTechnicians	1.C.4.a	requiresWorkStyle	workStyleRequiredBy
onet	HydroelectricPlantTechnicians	1.C.4.b	requiresWorkStyle	workStyleRequiredBy
onet	HydroelectricPlantTechnicians	1.C.4.c	requiresWorkStyle	workStyleRequiredBy
onet	HydroelectricPlantTechnicians	1.C.5.a	requiresWorkStyle	workStyleRequiredBy
onet	HydroelectricPlantTechnicians	1.C.5.b	requiresWorkStyle	workStyleRequiredBy
onet	HydroelectricPlantTechnicians	1.C.5.c	requiresWorkStyle	workStyleRequiredBy
onet	HydroelectricPlantTechnicians	1.C.6	requiresWorkStyle	workStyleRequiredBy
onet	HydroelectricPlantTechnicians	1.C.7.a	requiresWorkStyle	workStyleRequiredBy
onet	HydroelectricPlantTechnicians	1.C.7.b	requiresWorkStyle	workStyleRequiredBy
onet	HydroelectricProductionManagers	1.C.1.a	requiresWorkStyle	workStyleRequiredBy
onet	HydroelectricProductionManagers	1.C.1.b	requiresWorkStyle	workStyleRequiredBy
onet	HydroelectricProductionManagers	1.C.1.c	requiresWorkStyle	workStyleRequiredBy
onet	HydroelectricProductionManagers	1.C.2.b	requiresWorkStyle	workStyleRequiredBy
onet	HydroelectricProductionManagers	1.C.3.a	requiresWorkStyle	workStyleRequiredBy
onet	HydroelectricProductionManagers	1.C.3.b	requiresWorkStyle	workStyleRequiredBy
onet	HydroelectricProductionManagers	1.C.3.c	requiresWorkStyle	workStyleRequiredBy
onet	HydroelectricProductionManagers	1.C.4.a	requiresWorkStyle	workStyleRequiredBy
onet	HydroelectricProductionManagers	1.C.4.b	requiresWorkStyle	workStyleRequiredBy
onet	HydroelectricProductionManagers	1.C.4.c	requiresWorkStyle	workStyleRequiredBy
onet	HydroelectricProductionManagers	1.C.5.a	requiresWorkStyle	workStyleRequiredBy
onet	HydroelectricProductionManagers	1.C.5.b	requiresWorkStyle	workStyleRequiredBy
onet	HydroelectricProductionManagers	1.C.5.c	requiresWorkStyle	workStyleRequiredBy
onet	HydroelectricProductionManagers	1.C.6	requiresWorkStyle	workStyleRequiredBy
onet	HydroelectricProductionManagers	1.C.7.a	requiresWorkStyle	workStyleRequiredBy
onet	HydroelectricProductionManagers	1.C.7.b	requiresWorkStyle	workStyleRequiredBy
onet	HydrologicTechnicians	1.C.1.a	requiresWorkStyle	workStyleRequiredBy
onet	HydrologicTechnicians	1.C.1.b	requiresWorkStyle	workStyleRequiredBy
onet	HydrologicTechnicians	1.C.1.c	requiresWorkStyle	workStyleRequiredBy
onet	HydrologicTechnicians	1.C.2.b	requiresWorkStyle	workStyleRequiredBy
onet	HydrologicTechnicians	1.C.3.a	requiresWorkStyle	workStyleRequiredBy
onet	HydrologicTechnicians	1.C.3.b	requiresWorkStyle	workStyleRequiredBy
onet	HydrologicTechnicians	1.C.3.c	requiresWorkStyle	workStyleRequiredBy
onet	HydrologicTechnicians	1.C.4.a	requiresWorkStyle	workStyleRequiredBy
onet	HydrologicTechnicians	1.C.4.b	requiresWorkStyle	workStyleRequiredBy
onet	HydrologicTechnicians	1.C.4.c	requiresWorkStyle	workStyleRequiredBy
onet	HydrologicTechnicians	1.C.5.a	requiresWorkStyle	workStyleRequiredBy
onet	HydrologicTechnicians	1.C.5.b	requiresWorkStyle	workStyleRequiredBy
onet	HydrologicTechnicians	1.C.5.c	requiresWorkStyle	workStyleRequiredBy
onet	HydrologicTechnicians	1.C.6	requiresWorkStyle	workStyleRequiredBy
onet	HydrologicTechnicians	1.C.7.a	requiresWorkStyle	workStyleRequiredBy
onet	HydrologicTechnicians	1.C.7.b	requiresWorkStyle	workStyleRequiredBy
onet	Hydrologists	1.C.1.a	requiresWorkStyle	workStyleRequiredBy
onet	Hydrologists	1.C.1.b	requiresWorkStyle	workStyleRequiredBy
onet	Hydrologists	1.C.1.c	requiresWorkStyle	workStyleRequiredBy
onet	Hydrologists	1.C.2.b	requiresWorkStyle	workStyleRequiredBy
onet	Hydrologists	1.C.3.a	requiresWorkStyle	workStyleRequiredBy
onet	Hydrologists	1.C.3.b	requiresWorkStyle	workStyleRequiredBy
onet	Hydrologists	1.C.3.c	requiresWorkStyle	workStyleRequiredBy
onet	Hydrologists	1.C.4.a	requiresWorkStyle	workStyleRequiredBy
onet	Hydrologists	1.C.4.b	requiresWorkStyle	workStyleRequiredBy
onet	Hydrologists	1.C.4.c	requiresWorkStyle	workStyleRequiredBy
onet	Hydrologists	1.C.5.a	requiresWorkStyle	workStyleRequiredBy
onet	Hydrologists	1.C.5.b	requiresWorkStyle	workStyleRequiredBy
onet	Hydrologists	1.C.5.c	requiresWorkStyle	workStyleRequiredBy
onet	Hydrologists	1.C.6	requiresWorkStyle	workStyleRequiredBy
onet	Hydrologists	1.C.7.a	requiresWorkStyle	workStyleRequiredBy
onet	Hydrologists	1.C.7.b	requiresWorkStyle	workStyleRequiredBy
onet	Illustrators	1.C.1.a	requiresWorkStyle	workStyleRequiredBy
onet	Illustrators	1.C.1.b	requiresWorkStyle	workStyleRequiredBy
onet	Illustrators	1.C.1.c	requiresWorkStyle	workStyleRequiredBy
onet	Illustrators	1.C.2.b	requiresWorkStyle	workStyleRequiredBy
onet	Illustrators	1.C.3.a	requiresWorkStyle	workStyleRequiredBy
onet	Illustrators	1.C.3.b	requiresWorkStyle	workStyleRequiredBy
onet	Illustrators	1.C.3.c	requiresWorkStyle	workStyleRequiredBy
onet	Illustrators	1.C.4.a	requiresWorkStyle	workStyleRequiredBy
onet	Illustrators	1.C.4.b	requiresWorkStyle	workStyleRequiredBy
onet	Illustrators	1.C.4.c	requiresWorkStyle	workStyleRequiredBy
onet	Illustrators	1.C.5.a	requiresWorkStyle	workStyleRequiredBy
onet	Illustrators	1.C.5.b	requiresWorkStyle	workStyleRequiredBy
onet	Illustrators	1.C.5.c	requiresWorkStyle	workStyleRequiredBy
onet	Illustrators	1.C.6	requiresWorkStyle	workStyleRequiredBy
onet	Illustrators	1.C.7.a	requiresWorkStyle	workStyleRequiredBy
onet	Illustrators	1.C.7.b	requiresWorkStyle	workStyleRequiredBy
onet	Immunologists	1.C.1.a	requiresWorkStyle	workStyleRequiredBy
onet	Immunologists	1.C.1.b	requiresWorkStyle	workStyleRequiredBy
onet	Immunologists	1.C.1.c	requiresWorkStyle	workStyleRequiredBy
onet	Immunologists	1.C.2.b	requiresWorkStyle	workStyleRequiredBy
onet	Immunologists	1.C.3.a	requiresWorkStyle	workStyleRequiredBy
onet	Immunologists	1.C.3.b	requiresWorkStyle	workStyleRequiredBy
onet	Immunologists	1.C.3.c	requiresWorkStyle	workStyleRequiredBy
onet	Immunologists	1.C.4.a	requiresWorkStyle	workStyleRequiredBy
onet	Immunologists	1.C.4.b	requiresWorkStyle	workStyleRequiredBy
onet	Immunologists	1.C.4.c	requiresWorkStyle	workStyleRequiredBy
onet	Immunologists	1.C.5.a	requiresWorkStyle	workStyleRequiredBy
onet	Immunologists	1.C.5.b	requiresWorkStyle	workStyleRequiredBy
onet	Immunologists	1.C.5.c	requiresWorkStyle	workStyleRequiredBy
onet	Immunologists	1.C.6	requiresWorkStyle	workStyleRequiredBy
onet	Immunologists	1.C.7.a	requiresWorkStyle	workStyleRequiredBy
onet	Immunologists	1.C.7.b	requiresWorkStyle	workStyleRequiredBy
onet	IndustrialDesigners	1.C.1.a	requiresWorkStyle	workStyleRequiredBy
onet	IndustrialDesigners	1.C.1.b	requiresWorkStyle	workStyleRequiredBy
onet	IndustrialDesigners	1.C.1.c	requiresWorkStyle	workStyleRequiredBy
onet	IndustrialDesigners	1.C.2.b	requiresWorkStyle	workStyleRequiredBy
onet	IndustrialDesigners	1.C.3.a	requiresWorkStyle	workStyleRequiredBy
onet	IndustrialDesigners	1.C.3.b	requiresWorkStyle	workStyleRequiredBy
onet	IndustrialDesigners	1.C.3.c	requiresWorkStyle	workStyleRequiredBy
onet	IndustrialDesigners	1.C.4.a	requiresWorkStyle	workStyleRequiredBy
onet	IndustrialDesigners	1.C.4.b	requiresWorkStyle	workStyleRequiredBy
onet	IndustrialDesigners	1.C.4.c	requiresWorkStyle	workStyleRequiredBy
onet	IndustrialDesigners	1.C.5.a	requiresWorkStyle	workStyleRequiredBy
onet	IndustrialDesigners	1.C.5.b	requiresWorkStyle	workStyleRequiredBy
onet	IndustrialDesigners	1.C.5.c	requiresWorkStyle	workStyleRequiredBy
onet	IndustrialDesigners	1.C.6	requiresWorkStyle	workStyleRequiredBy
onet	IndustrialDesigners	1.C.7.a	requiresWorkStyle	workStyleRequiredBy
onet	IndustrialDesigners	1.C.7.b	requiresWorkStyle	workStyleRequiredBy
onet	IndustrialEcologists	1.C.1.a	requiresWorkStyle	workStyleRequiredBy
onet	IndustrialEcologists	1.C.1.b	requiresWorkStyle	workStyleRequiredBy
onet	IndustrialEcologists	1.C.1.c	requiresWorkStyle	workStyleRequiredBy
onet	IndustrialEcologists	1.C.2.b	requiresWorkStyle	workStyleRequiredBy
onet	IndustrialEcologists	1.C.3.a	requiresWorkStyle	workStyleRequiredBy
onet	IndustrialEcologists	1.C.3.b	requiresWorkStyle	workStyleRequiredBy
onet	IndustrialEcologists	1.C.3.c	requiresWorkStyle	workStyleRequiredBy
onet	IndustrialEcologists	1.C.4.a	requiresWorkStyle	workStyleRequiredBy
onet	IndustrialEcologists	1.C.4.b	requiresWorkStyle	workStyleRequiredBy
onet	IndustrialEcologists	1.C.4.c	requiresWorkStyle	workStyleRequiredBy
onet	IndustrialEcologists	1.C.5.a	requiresWorkStyle	workStyleRequiredBy
onet	IndustrialEcologists	1.C.5.b	requiresWorkStyle	workStyleRequiredBy
onet	IndustrialEcologists	1.C.5.c	requiresWorkStyle	workStyleRequiredBy
onet	IndustrialEcologists	1.C.6	requiresWorkStyle	workStyleRequiredBy
onet	IndustrialEcologists	1.C.7.a	requiresWorkStyle	workStyleRequiredBy
onet	IndustrialEcologists	1.C.7.b	requiresWorkStyle	workStyleRequiredBy
onet	IndustrialEngineers	1.C.1.a	requiresWorkStyle	workStyleRequiredBy
onet	IndustrialEngineers	1.C.1.b	requiresWorkStyle	workStyleRequiredBy
onet	IndustrialEngineers	1.C.1.c	requiresWorkStyle	workStyleRequiredBy
onet	IndustrialEngineers	1.C.2.b	requiresWorkStyle	workStyleRequiredBy
onet	IndustrialEngineers	1.C.3.a	requiresWorkStyle	workStyleRequiredBy
onet	IndustrialEngineers	1.C.3.b	requiresWorkStyle	workStyleRequiredBy
onet	IndustrialEngineers	1.C.3.c	requiresWorkStyle	workStyleRequiredBy
onet	IndustrialEngineers	1.C.4.a	requiresWorkStyle	workStyleRequiredBy
onet	IndustrialEngineers	1.C.4.b	requiresWorkStyle	workStyleRequiredBy
onet	IndustrialEngineers	1.C.4.c	requiresWorkStyle	workStyleRequiredBy
onet	IndustrialEngineers	1.C.5.a	requiresWorkStyle	workStyleRequiredBy
onet	IndustrialEngineers	1.C.5.b	requiresWorkStyle	workStyleRequiredBy
onet	IndustrialEngineers	1.C.5.c	requiresWorkStyle	workStyleRequiredBy
onet	IndustrialEngineers	1.C.6	requiresWorkStyle	workStyleRequiredBy
onet	IndustrialEngineers	1.C.7.a	requiresWorkStyle	workStyleRequiredBy
onet	IndustrialEngineers	1.C.7.b	requiresWorkStyle	workStyleRequiredBy
onet	IndustrialMachineryMechanics	1.C.1.a	requiresWorkStyle	workStyleRequiredBy
onet	IndustrialMachineryMechanics	1.C.1.b	requiresWorkStyle	workStyleRequiredBy
onet	IndustrialMachineryMechanics	1.C.1.c	requiresWorkStyle	workStyleRequiredBy
onet	IndustrialMachineryMechanics	1.C.2.b	requiresWorkStyle	workStyleRequiredBy
onet	IndustrialMachineryMechanics	1.C.3.a	requiresWorkStyle	workStyleRequiredBy
onet	IndustrialMachineryMechanics	1.C.3.b	requiresWorkStyle	workStyleRequiredBy
onet	IndustrialMachineryMechanics	1.C.3.c	requiresWorkStyle	workStyleRequiredBy
onet	IndustrialMachineryMechanics	1.C.4.a	requiresWorkStyle	workStyleRequiredBy
onet	IndustrialMachineryMechanics	1.C.4.b	requiresWorkStyle	workStyleRequiredBy
onet	IndustrialMachineryMechanics	1.C.4.c	requiresWorkStyle	workStyleRequiredBy
onet	IndustrialMachineryMechanics	1.C.5.a	requiresWorkStyle	workStyleRequiredBy
onet	IndustrialMachineryMechanics	1.C.5.b	requiresWorkStyle	workStyleRequiredBy
onet	IndustrialMachineryMechanics	1.C.5.c	requiresWorkStyle	workStyleRequiredBy
onet	IndustrialMachineryMechanics	1.C.6	requiresWorkStyle	workStyleRequiredBy
onet	IndustrialMachineryMechanics	1.C.7.a	requiresWorkStyle	workStyleRequiredBy
onet	IndustrialMachineryMechanics	1.C.7.b	requiresWorkStyle	workStyleRequiredBy
onet	IndustrialOrganizationalPsychologists	1.C.1.a	requiresWorkStyle	workStyleRequiredBy
onet	IndustrialOrganizationalPsychologists	1.C.1.b	requiresWorkStyle	workStyleRequiredBy
onet	IndustrialOrganizationalPsychologists	1.C.1.c	requiresWorkStyle	workStyleRequiredBy
onet	IndustrialOrganizationalPsychologists	1.C.2.b	requiresWorkStyle	workStyleRequiredBy
onet	IndustrialOrganizationalPsychologists	1.C.3.a	requiresWorkStyle	workStyleRequiredBy
onet	IndustrialOrganizationalPsychologists	1.C.3.b	requiresWorkStyle	workStyleRequiredBy
onet	IndustrialOrganizationalPsychologists	1.C.3.c	requiresWorkStyle	workStyleRequiredBy
onet	IndustrialOrganizationalPsychologists	1.C.4.a	requiresWorkStyle	workStyleRequiredBy
onet	IndustrialOrganizationalPsychologists	1.C.4.b	requiresWorkStyle	workStyleRequiredBy
onet	IndustrialOrganizationalPsychologists	1.C.4.c	requiresWorkStyle	workStyleRequiredBy
onet	IndustrialOrganizationalPsychologists	1.C.5.a	requiresWorkStyle	workStyleRequiredBy
onet	IndustrialOrganizationalPsychologists	1.C.5.b	requiresWorkStyle	workStyleRequiredBy
onet	IndustrialOrganizationalPsychologists	1.C.5.c	requiresWorkStyle	workStyleRequiredBy
onet	IndustrialOrganizationalPsychologists	1.C.6	requiresWorkStyle	workStyleRequiredBy
onet	IndustrialOrganizationalPsychologists	1.C.7.a	requiresWorkStyle	workStyleRequiredBy
onet	IndustrialOrganizationalPsychologists	1.C.7.b	requiresWorkStyle	workStyleRequiredBy
onet	IndustrialProductionManagers	1.C.1.a	requiresWorkStyle	workStyleRequiredBy
onet	IndustrialProductionManagers	1.C.1.b	requiresWorkStyle	workStyleRequiredBy
onet	IndustrialProductionManagers	1.C.1.c	requiresWorkStyle	workStyleRequiredBy
onet	IndustrialProductionManagers	1.C.2.b	requiresWorkStyle	workStyleRequiredBy
onet	IndustrialProductionManagers	1.C.3.a	requiresWorkStyle	workStyleRequiredBy
onet	IndustrialProductionManagers	1.C.3.b	requiresWorkStyle	workStyleRequiredBy
onet	IndustrialProductionManagers	1.C.3.c	requiresWorkStyle	workStyleRequiredBy
onet	IndustrialProductionManagers	1.C.4.a	requiresWorkStyle	workStyleRequiredBy
onet	IndustrialProductionManagers	1.C.4.b	requiresWorkStyle	workStyleRequiredBy
onet	IndustrialProductionManagers	1.C.4.c	requiresWorkStyle	workStyleRequiredBy
onet	IndustrialProductionManagers	1.C.5.a	requiresWorkStyle	workStyleRequiredBy
onet	IndustrialProductionManagers	1.C.5.b	requiresWorkStyle	workStyleRequiredBy
onet	IndustrialProductionManagers	1.C.5.c	requiresWorkStyle	workStyleRequiredBy
onet	IndustrialProductionManagers	1.C.6	requiresWorkStyle	workStyleRequiredBy
onet	IndustrialProductionManagers	1.C.7.a	requiresWorkStyle	workStyleRequiredBy
onet	IndustrialProductionManagers	1.C.7.b	requiresWorkStyle	workStyleRequiredBy
onet	InformationClerks	1.C.1.a	requiresWorkStyle	workStyleRequiredBy
onet	InformationClerks	1.C.1.b	requiresWorkStyle	workStyleRequiredBy
onet	InformationClerks	1.C.1.c	requiresWorkStyle	workStyleRequiredBy
onet	InformationClerks	1.C.2.b	requiresWorkStyle	workStyleRequiredBy
onet	InformationClerks	1.C.3.a	requiresWorkStyle	workStyleRequiredBy
onet	InformationClerks	1.C.3.b	requiresWorkStyle	workStyleRequiredBy
onet	InformationClerks	1.C.3.c	requiresWorkStyle	workStyleRequiredBy
onet	InformationClerks	1.C.4.a	requiresWorkStyle	workStyleRequiredBy
onet	InformationClerks	1.C.4.b	requiresWorkStyle	workStyleRequiredBy
onet	InformationClerks	1.C.4.c	requiresWorkStyle	workStyleRequiredBy
onet	InformationClerks	1.C.5.a	requiresWorkStyle	workStyleRequiredBy
onet	InformationClerks	1.C.5.b	requiresWorkStyle	workStyleRequiredBy
onet	InformationClerks	1.C.5.c	requiresWorkStyle	workStyleRequiredBy
onet	InformationClerks	1.C.6	requiresWorkStyle	workStyleRequiredBy
onet	InformationClerks	1.C.7.a	requiresWorkStyle	workStyleRequiredBy
onet	InformationClerks	1.C.7.b	requiresWorkStyle	workStyleRequiredBy
onet	InformationResearchScientists	1.C.1.a	requiresWorkStyle	workStyleRequiredBy
onet	InformationResearchScientists	1.C.1.b	requiresWorkStyle	workStyleRequiredBy
onet	InformationResearchScientists	1.C.1.c	requiresWorkStyle	workStyleRequiredBy
onet	InformationResearchScientists	1.C.2.b	requiresWorkStyle	workStyleRequiredBy
onet	InformationResearchScientists	1.C.3.a	requiresWorkStyle	workStyleRequiredBy
onet	InformationResearchScientists	1.C.3.b	requiresWorkStyle	workStyleRequiredBy
onet	InformationResearchScientists	1.C.3.c	requiresWorkStyle	workStyleRequiredBy
onet	InformationResearchScientists	1.C.4.a	requiresWorkStyle	workStyleRequiredBy
onet	InformationResearchScientists	1.C.4.b	requiresWorkStyle	workStyleRequiredBy
onet	InformationResearchScientists	1.C.4.c	requiresWorkStyle	workStyleRequiredBy
onet	InformationResearchScientists	1.C.5.a	requiresWorkStyle	workStyleRequiredBy
onet	InformationResearchScientists	1.C.5.b	requiresWorkStyle	workStyleRequiredBy
onet	InformationResearchScientists	1.C.5.c	requiresWorkStyle	workStyleRequiredBy
onet	InformationResearchScientists	1.C.6	requiresWorkStyle	workStyleRequiredBy
onet	InformationResearchScientists	1.C.7.a	requiresWorkStyle	workStyleRequiredBy
onet	InformationResearchScientists	1.C.7.b	requiresWorkStyle	workStyleRequiredBy
onet	InformationSecurityAnalysts	1.C.1.a	requiresWorkStyle	workStyleRequiredBy
onet	InformationSecurityAnalysts	1.C.1.b	requiresWorkStyle	workStyleRequiredBy
onet	InformationSecurityAnalysts	1.C.1.c	requiresWorkStyle	workStyleRequiredBy
onet	InformationSecurityAnalysts	1.C.2.b	requiresWorkStyle	workStyleRequiredBy
onet	InformationSecurityAnalysts	1.C.3.a	requiresWorkStyle	workStyleRequiredBy
onet	InformationSecurityAnalysts	1.C.3.b	requiresWorkStyle	workStyleRequiredBy
onet	InformationSecurityAnalysts	1.C.3.c	requiresWorkStyle	workStyleRequiredBy
onet	InformationSecurityAnalysts	1.C.4.a	requiresWorkStyle	workStyleRequiredBy
onet	InformationSecurityAnalysts	1.C.4.b	requiresWorkStyle	workStyleRequiredBy
onet	InformationSecurityAnalysts	1.C.4.c	requiresWorkStyle	workStyleRequiredBy
onet	InformationSecurityAnalysts	1.C.5.a	requiresWorkStyle	workStyleRequiredBy
onet	InformationSecurityAnalysts	1.C.5.b	requiresWorkStyle	workStyleRequiredBy
onet	InformationSecurityAnalysts	1.C.5.c	requiresWorkStyle	workStyleRequiredBy
onet	InformationSecurityAnalysts	1.C.6	requiresWorkStyle	workStyleRequiredBy
onet	InformationSecurityAnalysts	1.C.7.a	requiresWorkStyle	workStyleRequiredBy
onet	InformationSecurityAnalysts	1.C.7.b	requiresWorkStyle	workStyleRequiredBy
onet	InformationSecurityEngineers	1.C.1.a	requiresWorkStyle	workStyleRequiredBy
onet	InformationSecurityEngineers	1.C.1.b	requiresWorkStyle	workStyleRequiredBy
onet	InformationSecurityEngineers	1.C.1.c	requiresWorkStyle	workStyleRequiredBy
onet	InformationSecurityEngineers	1.C.2.b	requiresWorkStyle	workStyleRequiredBy
onet	InformationSecurityEngineers	1.C.3.a	requiresWorkStyle	workStyleRequiredBy
onet	InformationSecurityEngineers	1.C.3.b	requiresWorkStyle	workStyleRequiredBy
onet	InformationSecurityEngineers	1.C.3.c	requiresWorkStyle	workStyleRequiredBy
onet	InformationSecurityEngineers	1.C.4.a	requiresWorkStyle	workStyleRequiredBy
onet	InformationSecurityEngineers	1.C.4.b	requiresWorkStyle	workStyleRequiredBy
onet	InformationSecurityEngineers	1.C.4.c	requiresWorkStyle	workStyleRequiredBy
onet	InformationSecurityEngineers	1.C.5.a	requiresWorkStyle	workStyleRequiredBy
onet	InformationSecurityEngineers	1.C.5.b	requiresWorkStyle	workStyleRequiredBy
onet	InformationSecurityEngineers	1.C.5.c	requiresWorkStyle	workStyleRequiredBy
onet	InformationSecurityEngineers	1.C.6	requiresWorkStyle	workStyleRequiredBy
onet	InformationSecurityEngineers	1.C.7.a	requiresWorkStyle	workStyleRequiredBy
onet	InformationSecurityEngineers	1.C.7.b	requiresWorkStyle	workStyleRequiredBy
onet	InformationSystemsManagers	1.C.1.a	requiresWorkStyle	workStyleRequiredBy
onet	InformationSystemsManagers	1.C.1.b	requiresWorkStyle	workStyleRequiredBy
onet	InformationSystemsManagers	1.C.1.c	requiresWorkStyle	workStyleRequiredBy
onet	InformationSystemsManagers	1.C.2.b	requiresWorkStyle	workStyleRequiredBy
onet	InformationSystemsManagers	1.C.3.a	requiresWorkStyle	workStyleRequiredBy
onet	InformationSystemsManagers	1.C.3.b	requiresWorkStyle	workStyleRequiredBy
onet	InformationSystemsManagers	1.C.3.c	requiresWorkStyle	workStyleRequiredBy
onet	InformationSystemsManagers	1.C.4.a	requiresWorkStyle	workStyleRequiredBy
onet	InformationSystemsManagers	1.C.4.b	requiresWorkStyle	workStyleRequiredBy
onet	InformationSystemsManagers	1.C.4.c	requiresWorkStyle	workStyleRequiredBy
onet	InformationSystemsManagers	1.C.5.a	requiresWorkStyle	workStyleRequiredBy
onet	InformationSystemsManagers	1.C.5.b	requiresWorkStyle	workStyleRequiredBy
onet	InformationSystemsManagers	1.C.5.c	requiresWorkStyle	workStyleRequiredBy
onet	InformationSystemsManagers	1.C.6	requiresWorkStyle	workStyleRequiredBy
onet	InformationSystemsManagers	1.C.7.a	requiresWorkStyle	workStyleRequiredBy
onet	InformationSystemsManagers	1.C.7.b	requiresWorkStyle	workStyleRequiredBy
onet	InformationTechnologyProjectManagers	1.C.1.a	requiresWorkStyle	workStyleRequiredBy
onet	InformationTechnologyProjectManagers	1.C.1.b	requiresWorkStyle	workStyleRequiredBy
onet	InformationTechnologyProjectManagers	1.C.1.c	requiresWorkStyle	workStyleRequiredBy
onet	InformationTechnologyProjectManagers	1.C.2.b	requiresWorkStyle	workStyleRequiredBy
onet	InformationTechnologyProjectManagers	1.C.3.a	requiresWorkStyle	workStyleRequiredBy
onet	InformationTechnologyProjectManagers	1.C.3.b	requiresWorkStyle	workStyleRequiredBy
onet	InformationTechnologyProjectManagers	1.C.3.c	requiresWorkStyle	workStyleRequiredBy
onet	InformationTechnologyProjectManagers	1.C.4.a	requiresWorkStyle	workStyleRequiredBy
onet	InformationTechnologyProjectManagers	1.C.4.b	requiresWorkStyle	workStyleRequiredBy
onet	InformationTechnologyProjectManagers	1.C.4.c	requiresWorkStyle	workStyleRequiredBy
onet	InformationTechnologyProjectManagers	1.C.5.a	requiresWorkStyle	workStyleRequiredBy
onet	InformationTechnologyProjectManagers	1.C.5.b	requiresWorkStyle	workStyleRequiredBy
onet	InformationTechnologyProjectManagers	1.C.5.c	requiresWorkStyle	workStyleRequiredBy
onet	InformationTechnologyProjectManagers	1.C.6	requiresWorkStyle	workStyleRequiredBy
onet	InformationTechnologyProjectManagers	1.C.7.a	requiresWorkStyle	workStyleRequiredBy
onet	InformationTechnologyProjectManagers	1.C.7.b	requiresWorkStyle	workStyleRequiredBy
onet	Inspectors	1.C.1.a	requiresWorkStyle	workStyleRequiredBy
onet	Inspectors	1.C.1.b	requiresWorkStyle	workStyleRequiredBy
onet	Inspectors	1.C.1.c	requiresWorkStyle	workStyleRequiredBy
onet	Inspectors	1.C.2.b	requiresWorkStyle	workStyleRequiredBy
onet	Inspectors	1.C.3.a	requiresWorkStyle	workStyleRequiredBy
onet	Inspectors	1.C.3.b	requiresWorkStyle	workStyleRequiredBy
onet	Inspectors	1.C.3.c	requiresWorkStyle	workStyleRequiredBy
onet	Inspectors	1.C.4.a	requiresWorkStyle	workStyleRequiredBy
onet	Inspectors	1.C.4.b	requiresWorkStyle	workStyleRequiredBy
onet	Inspectors	1.C.4.c	requiresWorkStyle	workStyleRequiredBy
onet	Inspectors	1.C.5.a	requiresWorkStyle	workStyleRequiredBy
onet	Inspectors	1.C.5.b	requiresWorkStyle	workStyleRequiredBy
onet	Inspectors	1.C.5.c	requiresWorkStyle	workStyleRequiredBy
onet	Inspectors	1.C.6	requiresWorkStyle	workStyleRequiredBy
onet	Inspectors	1.C.7.a	requiresWorkStyle	workStyleRequiredBy
onet	Inspectors	1.C.7.b	requiresWorkStyle	workStyleRequiredBy
onet	Installers	1.C.1.a	requiresWorkStyle	workStyleRequiredBy
onet	Installers	1.C.1.b	requiresWorkStyle	workStyleRequiredBy
onet	Installers	1.C.1.c	requiresWorkStyle	workStyleRequiredBy
onet	Installers	1.C.2.b	requiresWorkStyle	workStyleRequiredBy
onet	Installers	1.C.3.a	requiresWorkStyle	workStyleRequiredBy
onet	Installers	1.C.3.b	requiresWorkStyle	workStyleRequiredBy
onet	Installers	1.C.3.c	requiresWorkStyle	workStyleRequiredBy
onet	Installers	1.C.4.a	requiresWorkStyle	workStyleRequiredBy
onet	Installers	1.C.4.b	requiresWorkStyle	workStyleRequiredBy
onet	Installers	1.C.4.c	requiresWorkStyle	workStyleRequiredBy
onet	Installers	1.C.5.a	requiresWorkStyle	workStyleRequiredBy
onet	Installers	1.C.5.b	requiresWorkStyle	workStyleRequiredBy
onet	Installers	1.C.5.c	requiresWorkStyle	workStyleRequiredBy
onet	Installers	1.C.6	requiresWorkStyle	workStyleRequiredBy
onet	Installers	1.C.7.a	requiresWorkStyle	workStyleRequiredBy
onet	Installers	1.C.7.b	requiresWorkStyle	workStyleRequiredBy
onet	InstructionalCoordinators	1.C.1.a	requiresWorkStyle	workStyleRequiredBy
onet	InstructionalCoordinators	1.C.1.b	requiresWorkStyle	workStyleRequiredBy
onet	InstructionalCoordinators	1.C.1.c	requiresWorkStyle	workStyleRequiredBy
onet	InstructionalCoordinators	1.C.2.b	requiresWorkStyle	workStyleRequiredBy
onet	InstructionalCoordinators	1.C.3.a	requiresWorkStyle	workStyleRequiredBy
onet	InstructionalCoordinators	1.C.3.b	requiresWorkStyle	workStyleRequiredBy
onet	InstructionalCoordinators	1.C.3.c	requiresWorkStyle	workStyleRequiredBy
onet	InstructionalCoordinators	1.C.4.a	requiresWorkStyle	workStyleRequiredBy
onet	InstructionalCoordinators	1.C.4.b	requiresWorkStyle	workStyleRequiredBy
onet	InstructionalCoordinators	1.C.4.c	requiresWorkStyle	workStyleRequiredBy
onet	InstructionalCoordinators	1.C.5.a	requiresWorkStyle	workStyleRequiredBy
onet	InstructionalCoordinators	1.C.5.b	requiresWorkStyle	workStyleRequiredBy
onet	InstructionalCoordinators	1.C.5.c	requiresWorkStyle	workStyleRequiredBy
onet	InstructionalCoordinators	1.C.6	requiresWorkStyle	workStyleRequiredBy
onet	InstructionalCoordinators	1.C.7.a	requiresWorkStyle	workStyleRequiredBy
onet	InstructionalCoordinators	1.C.7.b	requiresWorkStyle	workStyleRequiredBy
onet	InsulationWorkersMechanical	1.C.1.a	requiresWorkStyle	workStyleRequiredBy
onet	InsulationWorkersMechanical	1.C.1.b	requiresWorkStyle	workStyleRequiredBy
onet	InsulationWorkersMechanical	1.C.1.c	requiresWorkStyle	workStyleRequiredBy
onet	InsulationWorkersMechanical	1.C.2.b	requiresWorkStyle	workStyleRequiredBy
onet	InsulationWorkersMechanical	1.C.3.a	requiresWorkStyle	workStyleRequiredBy
onet	InsulationWorkersMechanical	1.C.3.b	requiresWorkStyle	workStyleRequiredBy
onet	InsulationWorkersMechanical	1.C.3.c	requiresWorkStyle	workStyleRequiredBy
onet	InsulationWorkersMechanical	1.C.4.a	requiresWorkStyle	workStyleRequiredBy
onet	InsulationWorkersMechanical	1.C.4.b	requiresWorkStyle	workStyleRequiredBy
onet	InsulationWorkersMechanical	1.C.4.c	requiresWorkStyle	workStyleRequiredBy
onet	InsulationWorkersMechanical	1.C.5.a	requiresWorkStyle	workStyleRequiredBy
onet	InsulationWorkersMechanical	1.C.5.b	requiresWorkStyle	workStyleRequiredBy
onet	InsulationWorkersMechanical	1.C.5.c	requiresWorkStyle	workStyleRequiredBy
onet	InsulationWorkersMechanical	1.C.6	requiresWorkStyle	workStyleRequiredBy
onet	InsulationWorkersMechanical	1.C.7.a	requiresWorkStyle	workStyleRequiredBy
onet	InsulationWorkersMechanical	1.C.7.b	requiresWorkStyle	workStyleRequiredBy
onet	InsuranceAppraisersAutoDamage	1.C.1.a	requiresWorkStyle	workStyleRequiredBy
onet	InsuranceAppraisersAutoDamage	1.C.1.b	requiresWorkStyle	workStyleRequiredBy
onet	InsuranceAppraisersAutoDamage	1.C.1.c	requiresWorkStyle	workStyleRequiredBy
onet	InsuranceAppraisersAutoDamage	1.C.2.b	requiresWorkStyle	workStyleRequiredBy
onet	InsuranceAppraisersAutoDamage	1.C.3.a	requiresWorkStyle	workStyleRequiredBy
onet	InsuranceAppraisersAutoDamage	1.C.3.b	requiresWorkStyle	workStyleRequiredBy
onet	InsuranceAppraisersAutoDamage	1.C.3.c	requiresWorkStyle	workStyleRequiredBy
onet	InsuranceAppraisersAutoDamage	1.C.4.a	requiresWorkStyle	workStyleRequiredBy
onet	InsuranceAppraisersAutoDamage	1.C.4.b	requiresWorkStyle	workStyleRequiredBy
onet	InsuranceAppraisersAutoDamage	1.C.4.c	requiresWorkStyle	workStyleRequiredBy
onet	InsuranceAppraisersAutoDamage	1.C.5.a	requiresWorkStyle	workStyleRequiredBy
onet	InsuranceAppraisersAutoDamage	1.C.5.b	requiresWorkStyle	workStyleRequiredBy
onet	InsuranceAppraisersAutoDamage	1.C.5.c	requiresWorkStyle	workStyleRequiredBy
onet	InsuranceAppraisersAutoDamage	1.C.6	requiresWorkStyle	workStyleRequiredBy
onet	InsuranceAppraisersAutoDamage	1.C.7.a	requiresWorkStyle	workStyleRequiredBy
onet	InsuranceAppraisersAutoDamage	1.C.7.b	requiresWorkStyle	workStyleRequiredBy
onet	InsuranceSalesAgents	1.C.1.a	requiresWorkStyle	workStyleRequiredBy
onet	InsuranceSalesAgents	1.C.1.b	requiresWorkStyle	workStyleRequiredBy
onet	InsuranceSalesAgents	1.C.1.c	requiresWorkStyle	workStyleRequiredBy
onet	InsuranceSalesAgents	1.C.2.b	requiresWorkStyle	workStyleRequiredBy
onet	InsuranceSalesAgents	1.C.3.a	requiresWorkStyle	workStyleRequiredBy
onet	InsuranceSalesAgents	1.C.3.b	requiresWorkStyle	workStyleRequiredBy
onet	InsuranceSalesAgents	1.C.3.c	requiresWorkStyle	workStyleRequiredBy
onet	InsuranceSalesAgents	1.C.4.a	requiresWorkStyle	workStyleRequiredBy
onet	InsuranceSalesAgents	1.C.4.b	requiresWorkStyle	workStyleRequiredBy
onet	InsuranceSalesAgents	1.C.4.c	requiresWorkStyle	workStyleRequiredBy
onet	InsuranceSalesAgents	1.C.5.a	requiresWorkStyle	workStyleRequiredBy
onet	InsuranceSalesAgents	1.C.5.b	requiresWorkStyle	workStyleRequiredBy
onet	InsuranceSalesAgents	1.C.5.c	requiresWorkStyle	workStyleRequiredBy
onet	InsuranceSalesAgents	1.C.6	requiresWorkStyle	workStyleRequiredBy
onet	InsuranceSalesAgents	1.C.7.a	requiresWorkStyle	workStyleRequiredBy
onet	InsuranceSalesAgents	1.C.7.b	requiresWorkStyle	workStyleRequiredBy
onet	InsuranceUnderwriters	1.C.1.a	requiresWorkStyle	workStyleRequiredBy
onet	InsuranceUnderwriters	1.C.1.b	requiresWorkStyle	workStyleRequiredBy
onet	InsuranceUnderwriters	1.C.1.c	requiresWorkStyle	workStyleRequiredBy
onet	InsuranceUnderwriters	1.C.2.b	requiresWorkStyle	workStyleRequiredBy
onet	InsuranceUnderwriters	1.C.3.a	requiresWorkStyle	workStyleRequiredBy
onet	InsuranceUnderwriters	1.C.3.b	requiresWorkStyle	workStyleRequiredBy
onet	InsuranceUnderwriters	1.C.3.c	requiresWorkStyle	workStyleRequiredBy
onet	InsuranceUnderwriters	1.C.4.a	requiresWorkStyle	workStyleRequiredBy
onet	InsuranceUnderwriters	1.C.4.b	requiresWorkStyle	workStyleRequiredBy
onet	InsuranceUnderwriters	1.C.4.c	requiresWorkStyle	workStyleRequiredBy
onet	InsuranceUnderwriters	1.C.5.a	requiresWorkStyle	workStyleRequiredBy
onet	InsuranceUnderwriters	1.C.5.b	requiresWorkStyle	workStyleRequiredBy
onet	InsuranceUnderwriters	1.C.5.c	requiresWorkStyle	workStyleRequiredBy
onet	InsuranceUnderwriters	1.C.6	requiresWorkStyle	workStyleRequiredBy
onet	InsuranceUnderwriters	1.C.7.a	requiresWorkStyle	workStyleRequiredBy
onet	InsuranceUnderwriters	1.C.7.b	requiresWorkStyle	workStyleRequiredBy
onet	IntelligenceAnalysts	1.C.1.a	requiresWorkStyle	workStyleRequiredBy
onet	IntelligenceAnalysts	1.C.1.b	requiresWorkStyle	workStyleRequiredBy
onet	IntelligenceAnalysts	1.C.1.c	requiresWorkStyle	workStyleRequiredBy
onet	IntelligenceAnalysts	1.C.2.b	requiresWorkStyle	workStyleRequiredBy
onet	IntelligenceAnalysts	1.C.3.a	requiresWorkStyle	workStyleRequiredBy
onet	IntelligenceAnalysts	1.C.3.b	requiresWorkStyle	workStyleRequiredBy
onet	IntelligenceAnalysts	1.C.3.c	requiresWorkStyle	workStyleRequiredBy
onet	IntelligenceAnalysts	1.C.4.a	requiresWorkStyle	workStyleRequiredBy
onet	IntelligenceAnalysts	1.C.4.b	requiresWorkStyle	workStyleRequiredBy
onet	IntelligenceAnalysts	1.C.4.c	requiresWorkStyle	workStyleRequiredBy
onet	IntelligenceAnalysts	1.C.5.a	requiresWorkStyle	workStyleRequiredBy
onet	IntelligenceAnalysts	1.C.5.b	requiresWorkStyle	workStyleRequiredBy
onet	IntelligenceAnalysts	1.C.5.c	requiresWorkStyle	workStyleRequiredBy
onet	IntelligenceAnalysts	1.C.6	requiresWorkStyle	workStyleRequiredBy
onet	IntelligenceAnalysts	1.C.7.a	requiresWorkStyle	workStyleRequiredBy
onet	IntelligenceAnalysts	1.C.7.b	requiresWorkStyle	workStyleRequiredBy
onet	Intercity	1.C.1.a	requiresWorkStyle	workStyleRequiredBy
onet	Intercity	1.C.1.b	requiresWorkStyle	workStyleRequiredBy
onet	Intercity	1.C.1.c	requiresWorkStyle	workStyleRequiredBy
onet	Intercity	1.C.2.b	requiresWorkStyle	workStyleRequiredBy
onet	Intercity	1.C.3.a	requiresWorkStyle	workStyleRequiredBy
onet	Intercity	1.C.3.b	requiresWorkStyle	workStyleRequiredBy
onet	Intercity	1.C.3.c	requiresWorkStyle	workStyleRequiredBy
onet	Intercity	1.C.4.a	requiresWorkStyle	workStyleRequiredBy
onet	Intercity	1.C.4.b	requiresWorkStyle	workStyleRequiredBy
onet	Intercity	1.C.4.c	requiresWorkStyle	workStyleRequiredBy
onet	Intercity	1.C.5.a	requiresWorkStyle	workStyleRequiredBy
onet	Intercity	1.C.5.b	requiresWorkStyle	workStyleRequiredBy
onet	Intercity	1.C.5.c	requiresWorkStyle	workStyleRequiredBy
onet	Intercity	1.C.6	requiresWorkStyle	workStyleRequiredBy
onet	Intercity	1.C.7.a	requiresWorkStyle	workStyleRequiredBy
onet	Intercity	1.C.7.b	requiresWorkStyle	workStyleRequiredBy
onet	InteriorDesigners	1.C.1.a	requiresWorkStyle	workStyleRequiredBy
onet	InteriorDesigners	1.C.1.b	requiresWorkStyle	workStyleRequiredBy
onet	InteriorDesigners	1.C.1.c	requiresWorkStyle	workStyleRequiredBy
onet	InteriorDesigners	1.C.2.b	requiresWorkStyle	workStyleRequiredBy
onet	InteriorDesigners	1.C.3.a	requiresWorkStyle	workStyleRequiredBy
onet	InteriorDesigners	1.C.3.b	requiresWorkStyle	workStyleRequiredBy
onet	InteriorDesigners	1.C.3.c	requiresWorkStyle	workStyleRequiredBy
onet	InteriorDesigners	1.C.4.a	requiresWorkStyle	workStyleRequiredBy
onet	InteriorDesigners	1.C.4.b	requiresWorkStyle	workStyleRequiredBy
onet	InteriorDesigners	1.C.4.c	requiresWorkStyle	workStyleRequiredBy
onet	InteriorDesigners	1.C.5.a	requiresWorkStyle	workStyleRequiredBy
onet	InteriorDesigners	1.C.5.b	requiresWorkStyle	workStyleRequiredBy
onet	InteriorDesigners	1.C.5.c	requiresWorkStyle	workStyleRequiredBy
onet	InteriorDesigners	1.C.6	requiresWorkStyle	workStyleRequiredBy
onet	InteriorDesigners	1.C.7.a	requiresWorkStyle	workStyleRequiredBy
onet	InteriorDesigners	1.C.7.b	requiresWorkStyle	workStyleRequiredBy
onet	InventoryClerks	1.C.1.a	requiresWorkStyle	workStyleRequiredBy
onet	InventoryClerks	1.C.1.b	requiresWorkStyle	workStyleRequiredBy
onet	InventoryClerks	1.C.1.c	requiresWorkStyle	workStyleRequiredBy
onet	InventoryClerks	1.C.2.b	requiresWorkStyle	workStyleRequiredBy
onet	InventoryClerks	1.C.3.a	requiresWorkStyle	workStyleRequiredBy
onet	InventoryClerks	1.C.3.b	requiresWorkStyle	workStyleRequiredBy
onet	InventoryClerks	1.C.3.c	requiresWorkStyle	workStyleRequiredBy
onet	InventoryClerks	1.C.4.a	requiresWorkStyle	workStyleRequiredBy
onet	InventoryClerks	1.C.4.b	requiresWorkStyle	workStyleRequiredBy
onet	InventoryClerks	1.C.4.c	requiresWorkStyle	workStyleRequiredBy
onet	InventoryClerks	1.C.5.a	requiresWorkStyle	workStyleRequiredBy
onet	InventoryClerks	1.C.5.b	requiresWorkStyle	workStyleRequiredBy
onet	InventoryClerks	1.C.5.c	requiresWorkStyle	workStyleRequiredBy
onet	InventoryClerks	1.C.6	requiresWorkStyle	workStyleRequiredBy
onet	InventoryClerks	1.C.7.a	requiresWorkStyle	workStyleRequiredBy
onet	InventoryClerks	1.C.7.b	requiresWorkStyle	workStyleRequiredBy
onet	Investigators	1.C.1.a	requiresWorkStyle	workStyleRequiredBy
onet	Investigators	1.C.1.b	requiresWorkStyle	workStyleRequiredBy
onet	Investigators	1.C.1.c	requiresWorkStyle	workStyleRequiredBy
onet	Investigators	1.C.2.b	requiresWorkStyle	workStyleRequiredBy
onet	Investigators	1.C.3.a	requiresWorkStyle	workStyleRequiredBy
onet	Investigators	1.C.3.b	requiresWorkStyle	workStyleRequiredBy
onet	Investigators	1.C.3.c	requiresWorkStyle	workStyleRequiredBy
onet	Investigators	1.C.4.a	requiresWorkStyle	workStyleRequiredBy
onet	Investigators	1.C.4.b	requiresWorkStyle	workStyleRequiredBy
onet	Investigators	1.C.4.c	requiresWorkStyle	workStyleRequiredBy
onet	Investigators	1.C.5.a	requiresWorkStyle	workStyleRequiredBy
onet	Investigators	1.C.5.b	requiresWorkStyle	workStyleRequiredBy
onet	Investigators	1.C.5.c	requiresWorkStyle	workStyleRequiredBy
onet	Investigators	1.C.6	requiresWorkStyle	workStyleRequiredBy
onet	Investigators	1.C.7.a	requiresWorkStyle	workStyleRequiredBy
onet	Investigators	1.C.7.b	requiresWorkStyle	workStyleRequiredBy
onet	InvestmentFundManagers	1.C.1.a	requiresWorkStyle	workStyleRequiredBy
onet	InvestmentFundManagers	1.C.1.b	requiresWorkStyle	workStyleRequiredBy
onet	InvestmentFundManagers	1.C.1.c	requiresWorkStyle	workStyleRequiredBy
onet	InvestmentFundManagers	1.C.2.b	requiresWorkStyle	workStyleRequiredBy
onet	InvestmentFundManagers	1.C.3.a	requiresWorkStyle	workStyleRequiredBy
onet	InvestmentFundManagers	1.C.3.b	requiresWorkStyle	workStyleRequiredBy
onet	InvestmentFundManagers	1.C.3.c	requiresWorkStyle	workStyleRequiredBy
onet	InvestmentFundManagers	1.C.4.a	requiresWorkStyle	workStyleRequiredBy
onet	InvestmentFundManagers	1.C.4.b	requiresWorkStyle	workStyleRequiredBy
onet	InvestmentFundManagers	1.C.4.c	requiresWorkStyle	workStyleRequiredBy
onet	InvestmentFundManagers	1.C.5.a	requiresWorkStyle	workStyleRequiredBy
onet	InvestmentFundManagers	1.C.5.b	requiresWorkStyle	workStyleRequiredBy
onet	InvestmentFundManagers	1.C.5.c	requiresWorkStyle	workStyleRequiredBy
onet	InvestmentFundManagers	1.C.6	requiresWorkStyle	workStyleRequiredBy
onet	InvestmentFundManagers	1.C.7.a	requiresWorkStyle	workStyleRequiredBy
onet	InvestmentFundManagers	1.C.7.b	requiresWorkStyle	workStyleRequiredBy
onet	Jailers	1.C.1.a	requiresWorkStyle	workStyleRequiredBy
onet	Jailers	1.C.1.b	requiresWorkStyle	workStyleRequiredBy
onet	Jailers	1.C.1.c	requiresWorkStyle	workStyleRequiredBy
onet	Jailers	1.C.2.b	requiresWorkStyle	workStyleRequiredBy
onet	Jailers	1.C.3.a	requiresWorkStyle	workStyleRequiredBy
onet	Jailers	1.C.3.b	requiresWorkStyle	workStyleRequiredBy
onet	Jailers	1.C.3.c	requiresWorkStyle	workStyleRequiredBy
onet	Jailers	1.C.4.a	requiresWorkStyle	workStyleRequiredBy
onet	Jailers	1.C.4.b	requiresWorkStyle	workStyleRequiredBy
onet	Jailers	1.C.4.c	requiresWorkStyle	workStyleRequiredBy
onet	Jailers	1.C.5.a	requiresWorkStyle	workStyleRequiredBy
onet	Jailers	1.C.5.b	requiresWorkStyle	workStyleRequiredBy
onet	Jailers	1.C.5.c	requiresWorkStyle	workStyleRequiredBy
onet	Jailers	1.C.6	requiresWorkStyle	workStyleRequiredBy
onet	Jailers	1.C.7.a	requiresWorkStyle	workStyleRequiredBy
onet	Jailers	1.C.7.b	requiresWorkStyle	workStyleRequiredBy
onet	JanitorialWorkers	1.C.1.a	requiresWorkStyle	workStyleRequiredBy
onet	JanitorialWorkers	1.C.1.b	requiresWorkStyle	workStyleRequiredBy
onet	JanitorialWorkers	1.C.1.c	requiresWorkStyle	workStyleRequiredBy
onet	JanitorialWorkers	1.C.2.b	requiresWorkStyle	workStyleRequiredBy
onet	JanitorialWorkers	1.C.3.a	requiresWorkStyle	workStyleRequiredBy
onet	JanitorialWorkers	1.C.3.b	requiresWorkStyle	workStyleRequiredBy
onet	JanitorialWorkers	1.C.3.c	requiresWorkStyle	workStyleRequiredBy
onet	JanitorialWorkers	1.C.4.a	requiresWorkStyle	workStyleRequiredBy
onet	JanitorialWorkers	1.C.4.b	requiresWorkStyle	workStyleRequiredBy
onet	JanitorialWorkers	1.C.4.c	requiresWorkStyle	workStyleRequiredBy
onet	JanitorialWorkers	1.C.5.a	requiresWorkStyle	workStyleRequiredBy
onet	JanitorialWorkers	1.C.5.b	requiresWorkStyle	workStyleRequiredBy
onet	JanitorialWorkers	1.C.5.c	requiresWorkStyle	workStyleRequiredBy
onet	JanitorialWorkers	1.C.6	requiresWorkStyle	workStyleRequiredBy
onet	JanitorialWorkers	1.C.7.a	requiresWorkStyle	workStyleRequiredBy
onet	JanitorialWorkers	1.C.7.b	requiresWorkStyle	workStyleRequiredBy
onet	Janitors	1.C.1.a	requiresWorkStyle	workStyleRequiredBy
onet	Janitors	1.C.1.b	requiresWorkStyle	workStyleRequiredBy
onet	Janitors	1.C.1.c	requiresWorkStyle	workStyleRequiredBy
onet	Janitors	1.C.2.b	requiresWorkStyle	workStyleRequiredBy
onet	Janitors	1.C.3.a	requiresWorkStyle	workStyleRequiredBy
onet	Janitors	1.C.3.b	requiresWorkStyle	workStyleRequiredBy
onet	Janitors	1.C.3.c	requiresWorkStyle	workStyleRequiredBy
onet	Janitors	1.C.4.a	requiresWorkStyle	workStyleRequiredBy
onet	Janitors	1.C.4.b	requiresWorkStyle	workStyleRequiredBy
onet	Janitors	1.C.4.c	requiresWorkStyle	workStyleRequiredBy
onet	Janitors	1.C.5.a	requiresWorkStyle	workStyleRequiredBy
onet	Janitors	1.C.5.b	requiresWorkStyle	workStyleRequiredBy
onet	Janitors	1.C.5.c	requiresWorkStyle	workStyleRequiredBy
onet	Janitors	1.C.6	requiresWorkStyle	workStyleRequiredBy
onet	Janitors	1.C.7.a	requiresWorkStyle	workStyleRequiredBy
onet	Janitors	1.C.7.b	requiresWorkStyle	workStyleRequiredBy
onet	JobAnalysisSpecialists	1.C.1.a	requiresWorkStyle	workStyleRequiredBy
onet	JobAnalysisSpecialists	1.C.1.b	requiresWorkStyle	workStyleRequiredBy
onet	JobAnalysisSpecialists	1.C.1.c	requiresWorkStyle	workStyleRequiredBy
onet	JobAnalysisSpecialists	1.C.2.b	requiresWorkStyle	workStyleRequiredBy
onet	JobAnalysisSpecialists	1.C.3.a	requiresWorkStyle	workStyleRequiredBy
onet	JobAnalysisSpecialists	1.C.3.b	requiresWorkStyle	workStyleRequiredBy
onet	JobAnalysisSpecialists	1.C.3.c	requiresWorkStyle	workStyleRequiredBy
onet	JobAnalysisSpecialists	1.C.4.a	requiresWorkStyle	workStyleRequiredBy
onet	JobAnalysisSpecialists	1.C.4.b	requiresWorkStyle	workStyleRequiredBy
onet	JobAnalysisSpecialists	1.C.4.c	requiresWorkStyle	workStyleRequiredBy
onet	JobAnalysisSpecialists	1.C.5.a	requiresWorkStyle	workStyleRequiredBy
onet	JobAnalysisSpecialists	1.C.5.b	requiresWorkStyle	workStyleRequiredBy
onet	JobAnalysisSpecialists	1.C.5.c	requiresWorkStyle	workStyleRequiredBy
onet	JobAnalysisSpecialists	1.C.6	requiresWorkStyle	workStyleRequiredBy
onet	JobAnalysisSpecialists	1.C.7.a	requiresWorkStyle	workStyleRequiredBy
onet	JobAnalysisSpecialists	1.C.7.b	requiresWorkStyle	workStyleRequiredBy
onet	Journalists	1.C.1.a	requiresWorkStyle	workStyleRequiredBy
onet	Journalists	1.C.1.b	requiresWorkStyle	workStyleRequiredBy
onet	Journalists	1.C.1.c	requiresWorkStyle	workStyleRequiredBy
onet	Journalists	1.C.2.b	requiresWorkStyle	workStyleRequiredBy
onet	Journalists	1.C.3.a	requiresWorkStyle	workStyleRequiredBy
onet	Journalists	1.C.3.b	requiresWorkStyle	workStyleRequiredBy
onet	Journalists	1.C.3.c	requiresWorkStyle	workStyleRequiredBy
onet	Journalists	1.C.4.a	requiresWorkStyle	workStyleRequiredBy
onet	Journalists	1.C.4.b	requiresWorkStyle	workStyleRequiredBy
onet	Journalists	1.C.4.c	requiresWorkStyle	workStyleRequiredBy
onet	Journalists	1.C.5.a	requiresWorkStyle	workStyleRequiredBy
onet	Journalists	1.C.5.b	requiresWorkStyle	workStyleRequiredBy
onet	Journalists	1.C.5.c	requiresWorkStyle	workStyleRequiredBy
onet	Journalists	1.C.6	requiresWorkStyle	workStyleRequiredBy
onet	Journalists	1.C.7.a	requiresWorkStyle	workStyleRequiredBy
onet	Journalists	1.C.7.b	requiresWorkStyle	workStyleRequiredBy
onet	JudicialLawClerks	1.C.1.a	requiresWorkStyle	workStyleRequiredBy
onet	JudicialLawClerks	1.C.1.b	requiresWorkStyle	workStyleRequiredBy
onet	JudicialLawClerks	1.C.1.c	requiresWorkStyle	workStyleRequiredBy
onet	JudicialLawClerks	1.C.2.b	requiresWorkStyle	workStyleRequiredBy
onet	JudicialLawClerks	1.C.3.a	requiresWorkStyle	workStyleRequiredBy
onet	JudicialLawClerks	1.C.3.b	requiresWorkStyle	workStyleRequiredBy
onet	JudicialLawClerks	1.C.3.c	requiresWorkStyle	workStyleRequiredBy
onet	JudicialLawClerks	1.C.4.a	requiresWorkStyle	workStyleRequiredBy
onet	JudicialLawClerks	1.C.4.b	requiresWorkStyle	workStyleRequiredBy
onet	JudicialLawClerks	1.C.4.c	requiresWorkStyle	workStyleRequiredBy
onet	JudicialLawClerks	1.C.5.a	requiresWorkStyle	workStyleRequiredBy
onet	JudicialLawClerks	1.C.5.b	requiresWorkStyle	workStyleRequiredBy
onet	JudicialLawClerks	1.C.5.c	requiresWorkStyle	workStyleRequiredBy
onet	JudicialLawClerks	1.C.6	requiresWorkStyle	workStyleRequiredBy
onet	JudicialLawClerks	1.C.7.a	requiresWorkStyle	workStyleRequiredBy
onet	JudicialLawClerks	1.C.7.b	requiresWorkStyle	workStyleRequiredBy
onet	LaborRelationsSpecialists	1.C.1.a	requiresWorkStyle	workStyleRequiredBy
onet	LaborRelationsSpecialists	1.C.1.b	requiresWorkStyle	workStyleRequiredBy
onet	LaborRelationsSpecialists	1.C.1.c	requiresWorkStyle	workStyleRequiredBy
onet	LaborRelationsSpecialists	1.C.2.b	requiresWorkStyle	workStyleRequiredBy
onet	LaborRelationsSpecialists	1.C.3.a	requiresWorkStyle	workStyleRequiredBy
onet	LaborRelationsSpecialists	1.C.3.b	requiresWorkStyle	workStyleRequiredBy
onet	LaborRelationsSpecialists	1.C.3.c	requiresWorkStyle	workStyleRequiredBy
onet	LaborRelationsSpecialists	1.C.4.a	requiresWorkStyle	workStyleRequiredBy
onet	LaborRelationsSpecialists	1.C.4.b	requiresWorkStyle	workStyleRequiredBy
onet	LaborRelationsSpecialists	1.C.4.c	requiresWorkStyle	workStyleRequiredBy
onet	LaborRelationsSpecialists	1.C.5.a	requiresWorkStyle	workStyleRequiredBy
onet	LaborRelationsSpecialists	1.C.5.b	requiresWorkStyle	workStyleRequiredBy
onet	LaborRelationsSpecialists	1.C.5.c	requiresWorkStyle	workStyleRequiredBy
onet	LaborRelationsSpecialists	1.C.6	requiresWorkStyle	workStyleRequiredBy
onet	LaborRelationsSpecialists	1.C.7.a	requiresWorkStyle	workStyleRequiredBy
onet	LaborRelationsSpecialists	1.C.7.b	requiresWorkStyle	workStyleRequiredBy
onet	LaboratoryAnimalCaretakers	1.C.1.a	requiresWorkStyle	workStyleRequiredBy
onet	LaboratoryAnimalCaretakers	1.C.1.b	requiresWorkStyle	workStyleRequiredBy
onet	LaboratoryAnimalCaretakers	1.C.1.c	requiresWorkStyle	workStyleRequiredBy
onet	LaboratoryAnimalCaretakers	1.C.2.b	requiresWorkStyle	workStyleRequiredBy
onet	LaboratoryAnimalCaretakers	1.C.3.a	requiresWorkStyle	workStyleRequiredBy
onet	LaboratoryAnimalCaretakers	1.C.3.b	requiresWorkStyle	workStyleRequiredBy
onet	LaboratoryAnimalCaretakers	1.C.3.c	requiresWorkStyle	workStyleRequiredBy
onet	LaboratoryAnimalCaretakers	1.C.4.a	requiresWorkStyle	workStyleRequiredBy
onet	LaboratoryAnimalCaretakers	1.C.4.b	requiresWorkStyle	workStyleRequiredBy
onet	LaboratoryAnimalCaretakers	1.C.4.c	requiresWorkStyle	workStyleRequiredBy
onet	LaboratoryAnimalCaretakers	1.C.5.a	requiresWorkStyle	workStyleRequiredBy
onet	LaboratoryAnimalCaretakers	1.C.5.b	requiresWorkStyle	workStyleRequiredBy
onet	LaboratoryAnimalCaretakers	1.C.5.c	requiresWorkStyle	workStyleRequiredBy
onet	LaboratoryAnimalCaretakers	1.C.6	requiresWorkStyle	workStyleRequiredBy
onet	LaboratoryAnimalCaretakers	1.C.7.a	requiresWorkStyle	workStyleRequiredBy
onet	LaboratoryAnimalCaretakers	1.C.7.b	requiresWorkStyle	workStyleRequiredBy
onet	LandscapeArchitects	1.C.1.a	requiresWorkStyle	workStyleRequiredBy
onet	LandscapeArchitects	1.C.1.b	requiresWorkStyle	workStyleRequiredBy
onet	LandscapeArchitects	1.C.1.c	requiresWorkStyle	workStyleRequiredBy
onet	LandscapeArchitects	1.C.2.b	requiresWorkStyle	workStyleRequiredBy
onet	LandscapeArchitects	1.C.3.a	requiresWorkStyle	workStyleRequiredBy
onet	LandscapeArchitects	1.C.3.b	requiresWorkStyle	workStyleRequiredBy
onet	LandscapeArchitects	1.C.3.c	requiresWorkStyle	workStyleRequiredBy
onet	LandscapeArchitects	1.C.4.a	requiresWorkStyle	workStyleRequiredBy
onet	LandscapeArchitects	1.C.4.b	requiresWorkStyle	workStyleRequiredBy
onet	LandscapeArchitects	1.C.4.c	requiresWorkStyle	workStyleRequiredBy
onet	LandscapeArchitects	1.C.5.a	requiresWorkStyle	workStyleRequiredBy
onet	LandscapeArchitects	1.C.5.b	requiresWorkStyle	workStyleRequiredBy
onet	LandscapeArchitects	1.C.5.c	requiresWorkStyle	workStyleRequiredBy
onet	LandscapeArchitects	1.C.6	requiresWorkStyle	workStyleRequiredBy
onet	LandscapeArchitects	1.C.7.a	requiresWorkStyle	workStyleRequiredBy
onet	LandscapeArchitects	1.C.7.b	requiresWorkStyle	workStyleRequiredBy
onet	LawEnforcementTeachersPostsecondary	1.C.1.a	requiresWorkStyle	workStyleRequiredBy
onet	LawEnforcementTeachersPostsecondary	1.C.1.b	requiresWorkStyle	workStyleRequiredBy
onet	LawEnforcementTeachersPostsecondary	1.C.1.c	requiresWorkStyle	workStyleRequiredBy
onet	LawEnforcementTeachersPostsecondary	1.C.2.b	requiresWorkStyle	workStyleRequiredBy
onet	LawEnforcementTeachersPostsecondary	1.C.3.a	requiresWorkStyle	workStyleRequiredBy
onet	LawEnforcementTeachersPostsecondary	1.C.3.b	requiresWorkStyle	workStyleRequiredBy
onet	LawEnforcementTeachersPostsecondary	1.C.3.c	requiresWorkStyle	workStyleRequiredBy
onet	LawEnforcementTeachersPostsecondary	1.C.4.a	requiresWorkStyle	workStyleRequiredBy
onet	LawEnforcementTeachersPostsecondary	1.C.4.b	requiresWorkStyle	workStyleRequiredBy
onet	LawEnforcementTeachersPostsecondary	1.C.4.c	requiresWorkStyle	workStyleRequiredBy
onet	LawEnforcementTeachersPostsecondary	1.C.5.a	requiresWorkStyle	workStyleRequiredBy
onet	LawEnforcementTeachersPostsecondary	1.C.5.b	requiresWorkStyle	workStyleRequiredBy
onet	LawEnforcementTeachersPostsecondary	1.C.5.c	requiresWorkStyle	workStyleRequiredBy
onet	LawEnforcementTeachersPostsecondary	1.C.6	requiresWorkStyle	workStyleRequiredBy
onet	LawEnforcementTeachersPostsecondary	1.C.7.a	requiresWorkStyle	workStyleRequiredBy
onet	LawEnforcementTeachersPostsecondary	1.C.7.b	requiresWorkStyle	workStyleRequiredBy
onet	LawTeachersPostsecondary	1.C.1.a	requiresWorkStyle	workStyleRequiredBy
onet	LawTeachersPostsecondary	1.C.1.b	requiresWorkStyle	workStyleRequiredBy
onet	LawTeachersPostsecondary	1.C.1.c	requiresWorkStyle	workStyleRequiredBy
onet	LawTeachersPostsecondary	1.C.2.b	requiresWorkStyle	workStyleRequiredBy
onet	LawTeachersPostsecondary	1.C.3.a	requiresWorkStyle	workStyleRequiredBy
onet	LawTeachersPostsecondary	1.C.3.b	requiresWorkStyle	workStyleRequiredBy
onet	LawTeachersPostsecondary	1.C.3.c	requiresWorkStyle	workStyleRequiredBy
onet	LawTeachersPostsecondary	1.C.4.a	requiresWorkStyle	workStyleRequiredBy
onet	LawTeachersPostsecondary	1.C.4.b	requiresWorkStyle	workStyleRequiredBy
onet	LawTeachersPostsecondary	1.C.4.c	requiresWorkStyle	workStyleRequiredBy
onet	LawTeachersPostsecondary	1.C.5.a	requiresWorkStyle	workStyleRequiredBy
onet	LawTeachersPostsecondary	1.C.5.b	requiresWorkStyle	workStyleRequiredBy
onet	LawTeachersPostsecondary	1.C.5.c	requiresWorkStyle	workStyleRequiredBy
onet	LawTeachersPostsecondary	1.C.6	requiresWorkStyle	workStyleRequiredBy
onet	LawTeachersPostsecondary	1.C.7.a	requiresWorkStyle	workStyleRequiredBy
onet	LawTeachersPostsecondary	1.C.7.b	requiresWorkStyle	workStyleRequiredBy
onet	Lawyers	1.C.1.a	requiresWorkStyle	workStyleRequiredBy
onet	Lawyers	1.C.1.b	requiresWorkStyle	workStyleRequiredBy
onet	Lawyers	1.C.1.c	requiresWorkStyle	workStyleRequiredBy
onet	Lawyers	1.C.2.b	requiresWorkStyle	workStyleRequiredBy
onet	Lawyers	1.C.3.a	requiresWorkStyle	workStyleRequiredBy
onet	Lawyers	1.C.3.b	requiresWorkStyle	workStyleRequiredBy
onet	Lawyers	1.C.3.c	requiresWorkStyle	workStyleRequiredBy
onet	Lawyers	1.C.4.a	requiresWorkStyle	workStyleRequiredBy
onet	Lawyers	1.C.4.b	requiresWorkStyle	workStyleRequiredBy
onet	Lawyers	1.C.4.c	requiresWorkStyle	workStyleRequiredBy
onet	Lawyers	1.C.5.a	requiresWorkStyle	workStyleRequiredBy
onet	Lawyers	1.C.5.b	requiresWorkStyle	workStyleRequiredBy
onet	Lawyers	1.C.5.c	requiresWorkStyle	workStyleRequiredBy
onet	Lawyers	1.C.6	requiresWorkStyle	workStyleRequiredBy
onet	Lawyers	1.C.7.a	requiresWorkStyle	workStyleRequiredBy
onet	Lawyers	1.C.7.b	requiresWorkStyle	workStyleRequiredBy
onet	LegalAssistants	1.C.1.a	requiresWorkStyle	workStyleRequiredBy
onet	LegalAssistants	1.C.1.b	requiresWorkStyle	workStyleRequiredBy
onet	LegalAssistants	1.C.1.c	requiresWorkStyle	workStyleRequiredBy
onet	LegalAssistants	1.C.2.b	requiresWorkStyle	workStyleRequiredBy
onet	LegalAssistants	1.C.3.a	requiresWorkStyle	workStyleRequiredBy
onet	LegalAssistants	1.C.3.b	requiresWorkStyle	workStyleRequiredBy
onet	LegalAssistants	1.C.3.c	requiresWorkStyle	workStyleRequiredBy
onet	LegalAssistants	1.C.4.a	requiresWorkStyle	workStyleRequiredBy
onet	LegalAssistants	1.C.4.b	requiresWorkStyle	workStyleRequiredBy
onet	LegalAssistants	1.C.4.c	requiresWorkStyle	workStyleRequiredBy
onet	LegalAssistants	1.C.5.a	requiresWorkStyle	workStyleRequiredBy
onet	LegalAssistants	1.C.5.b	requiresWorkStyle	workStyleRequiredBy
onet	LegalAssistants	1.C.5.c	requiresWorkStyle	workStyleRequiredBy
onet	LegalAssistants	1.C.6	requiresWorkStyle	workStyleRequiredBy
onet	LegalAssistants	1.C.7.a	requiresWorkStyle	workStyleRequiredBy
onet	LegalAssistants	1.C.7.b	requiresWorkStyle	workStyleRequiredBy
onet	LibraryAssistantsClerical	1.C.1.a	requiresWorkStyle	workStyleRequiredBy
onet	LibraryAssistantsClerical	1.C.1.b	requiresWorkStyle	workStyleRequiredBy
onet	LibraryAssistantsClerical	1.C.1.c	requiresWorkStyle	workStyleRequiredBy
onet	LibraryAssistantsClerical	1.C.2.b	requiresWorkStyle	workStyleRequiredBy
onet	LibraryAssistantsClerical	1.C.3.a	requiresWorkStyle	workStyleRequiredBy
onet	LibraryAssistantsClerical	1.C.3.b	requiresWorkStyle	workStyleRequiredBy
onet	LibraryAssistantsClerical	1.C.3.c	requiresWorkStyle	workStyleRequiredBy
onet	LibraryAssistantsClerical	1.C.4.a	requiresWorkStyle	workStyleRequiredBy
onet	LibraryAssistantsClerical	1.C.4.b	requiresWorkStyle	workStyleRequiredBy
onet	LibraryAssistantsClerical	1.C.4.c	requiresWorkStyle	workStyleRequiredBy
onet	LibraryAssistantsClerical	1.C.5.a	requiresWorkStyle	workStyleRequiredBy
onet	LibraryAssistantsClerical	1.C.5.b	requiresWorkStyle	workStyleRequiredBy
onet	LibraryAssistantsClerical	1.C.5.c	requiresWorkStyle	workStyleRequiredBy
onet	LibraryAssistantsClerical	1.C.6	requiresWorkStyle	workStyleRequiredBy
onet	LibraryAssistantsClerical	1.C.7.a	requiresWorkStyle	workStyleRequiredBy
onet	LibraryAssistantsClerical	1.C.7.b	requiresWorkStyle	workStyleRequiredBy
onet	LibraryScienceTeachersPostsecondary	1.C.1.a	requiresWorkStyle	workStyleRequiredBy
onet	LibraryScienceTeachersPostsecondary	1.C.1.b	requiresWorkStyle	workStyleRequiredBy
onet	LibraryScienceTeachersPostsecondary	1.C.1.c	requiresWorkStyle	workStyleRequiredBy
onet	LibraryScienceTeachersPostsecondary	1.C.2.b	requiresWorkStyle	workStyleRequiredBy
onet	LibraryScienceTeachersPostsecondary	1.C.3.a	requiresWorkStyle	workStyleRequiredBy
onet	LibraryScienceTeachersPostsecondary	1.C.3.b	requiresWorkStyle	workStyleRequiredBy
onet	LibraryScienceTeachersPostsecondary	1.C.3.c	requiresWorkStyle	workStyleRequiredBy
onet	LibraryScienceTeachersPostsecondary	1.C.4.a	requiresWorkStyle	workStyleRequiredBy
onet	LibraryScienceTeachersPostsecondary	1.C.4.b	requiresWorkStyle	workStyleRequiredBy
onet	LibraryScienceTeachersPostsecondary	1.C.4.c	requiresWorkStyle	workStyleRequiredBy
onet	LibraryScienceTeachersPostsecondary	1.C.5.a	requiresWorkStyle	workStyleRequiredBy
onet	LibraryScienceTeachersPostsecondary	1.C.5.b	requiresWorkStyle	workStyleRequiredBy
onet	LibraryScienceTeachersPostsecondary	1.C.5.c	requiresWorkStyle	workStyleRequiredBy
onet	LibraryScienceTeachersPostsecondary	1.C.6	requiresWorkStyle	workStyleRequiredBy
onet	LibraryScienceTeachersPostsecondary	1.C.7.a	requiresWorkStyle	workStyleRequiredBy
onet	LibraryScienceTeachersPostsecondary	1.C.7.b	requiresWorkStyle	workStyleRequiredBy
onet	LibraryTechnicians	1.C.1.a	requiresWorkStyle	workStyleRequiredBy
onet	LibraryTechnicians	1.C.1.b	requiresWorkStyle	workStyleRequiredBy
onet	LibraryTechnicians	1.C.1.c	requiresWorkStyle	workStyleRequiredBy
onet	LibraryTechnicians	1.C.2.b	requiresWorkStyle	workStyleRequiredBy
onet	LibraryTechnicians	1.C.3.a	requiresWorkStyle	workStyleRequiredBy
onet	LibraryTechnicians	1.C.3.b	requiresWorkStyle	workStyleRequiredBy
onet	LibraryTechnicians	1.C.3.c	requiresWorkStyle	workStyleRequiredBy
onet	LibraryTechnicians	1.C.4.a	requiresWorkStyle	workStyleRequiredBy
onet	LibraryTechnicians	1.C.4.b	requiresWorkStyle	workStyleRequiredBy
onet	LibraryTechnicians	1.C.4.c	requiresWorkStyle	workStyleRequiredBy
onet	LibraryTechnicians	1.C.5.a	requiresWorkStyle	workStyleRequiredBy
onet	LibraryTechnicians	1.C.5.b	requiresWorkStyle	workStyleRequiredBy
onet	LibraryTechnicians	1.C.5.c	requiresWorkStyle	workStyleRequiredBy
onet	LibraryTechnicians	1.C.6	requiresWorkStyle	workStyleRequiredBy
onet	LibraryTechnicians	1.C.7.a	requiresWorkStyle	workStyleRequiredBy
onet	LibraryTechnicians	1.C.7.b	requiresWorkStyle	workStyleRequiredBy
onet	LicenseClerks	1.C.1.a	requiresWorkStyle	workStyleRequiredBy
onet	LicenseClerks	1.C.1.b	requiresWorkStyle	workStyleRequiredBy
onet	LicenseClerks	1.C.1.c	requiresWorkStyle	workStyleRequiredBy
onet	LicenseClerks	1.C.2.b	requiresWorkStyle	workStyleRequiredBy
onet	LicenseClerks	1.C.3.a	requiresWorkStyle	workStyleRequiredBy
onet	LicenseClerks	1.C.3.b	requiresWorkStyle	workStyleRequiredBy
onet	LicenseClerks	1.C.3.c	requiresWorkStyle	workStyleRequiredBy
onet	LicenseClerks	1.C.4.a	requiresWorkStyle	workStyleRequiredBy
onet	LicenseClerks	1.C.4.b	requiresWorkStyle	workStyleRequiredBy
onet	LicenseClerks	1.C.4.c	requiresWorkStyle	workStyleRequiredBy
onet	LicenseClerks	1.C.5.a	requiresWorkStyle	workStyleRequiredBy
onet	LicenseClerks	1.C.5.b	requiresWorkStyle	workStyleRequiredBy
onet	LicenseClerks	1.C.5.c	requiresWorkStyle	workStyleRequiredBy
onet	LicenseClerks	1.C.6	requiresWorkStyle	workStyleRequiredBy
onet	LicenseClerks	1.C.7.a	requiresWorkStyle	workStyleRequiredBy
onet	LicenseClerks	1.C.7.b	requiresWorkStyle	workStyleRequiredBy
onet	LicensedVocationalNurses	1.C.1.a	requiresWorkStyle	workStyleRequiredBy
onet	LicensedVocationalNurses	1.C.1.b	requiresWorkStyle	workStyleRequiredBy
onet	LicensedVocationalNurses	1.C.1.c	requiresWorkStyle	workStyleRequiredBy
onet	LicensedVocationalNurses	1.C.2.b	requiresWorkStyle	workStyleRequiredBy
onet	LicensedVocationalNurses	1.C.3.a	requiresWorkStyle	workStyleRequiredBy
onet	LicensedVocationalNurses	1.C.3.b	requiresWorkStyle	workStyleRequiredBy
onet	LicensedVocationalNurses	1.C.3.c	requiresWorkStyle	workStyleRequiredBy
onet	LicensedVocationalNurses	1.C.4.a	requiresWorkStyle	workStyleRequiredBy
onet	LicensedVocationalNurses	1.C.4.b	requiresWorkStyle	workStyleRequiredBy
onet	LicensedVocationalNurses	1.C.4.c	requiresWorkStyle	workStyleRequiredBy
onet	LicensedVocationalNurses	1.C.5.a	requiresWorkStyle	workStyleRequiredBy
onet	LicensedVocationalNurses	1.C.5.b	requiresWorkStyle	workStyleRequiredBy
onet	LicensedVocationalNurses	1.C.5.c	requiresWorkStyle	workStyleRequiredBy
onet	LicensedVocationalNurses	1.C.6	requiresWorkStyle	workStyleRequiredBy
onet	LicensedVocationalNurses	1.C.7.a	requiresWorkStyle	workStyleRequiredBy
onet	LicensedVocationalNurses	1.C.7.b	requiresWorkStyle	workStyleRequiredBy
onet	LightTruckDrivers	1.C.1.a	requiresWorkStyle	workStyleRequiredBy
onet	LightTruckDrivers	1.C.1.b	requiresWorkStyle	workStyleRequiredBy
onet	LightTruckDrivers	1.C.1.c	requiresWorkStyle	workStyleRequiredBy
onet	LightTruckDrivers	1.C.2.b	requiresWorkStyle	workStyleRequiredBy
onet	LightTruckDrivers	1.C.3.a	requiresWorkStyle	workStyleRequiredBy
onet	LightTruckDrivers	1.C.3.b	requiresWorkStyle	workStyleRequiredBy
onet	LightTruckDrivers	1.C.3.c	requiresWorkStyle	workStyleRequiredBy
onet	LightTruckDrivers	1.C.4.a	requiresWorkStyle	workStyleRequiredBy
onet	LightTruckDrivers	1.C.4.b	requiresWorkStyle	workStyleRequiredBy
onet	LightTruckDrivers	1.C.4.c	requiresWorkStyle	workStyleRequiredBy
onet	LightTruckDrivers	1.C.5.a	requiresWorkStyle	workStyleRequiredBy
onet	LightTruckDrivers	1.C.5.b	requiresWorkStyle	workStyleRequiredBy
onet	LightTruckDrivers	1.C.5.c	requiresWorkStyle	workStyleRequiredBy
onet	LightTruckDrivers	1.C.6	requiresWorkStyle	workStyleRequiredBy
onet	LightTruckDrivers	1.C.7.a	requiresWorkStyle	workStyleRequiredBy
onet	LightTruckDrivers	1.C.7.b	requiresWorkStyle	workStyleRequiredBy
onet	LineInstallers	1.C.1.a	requiresWorkStyle	workStyleRequiredBy
onet	LineInstallers	1.C.1.b	requiresWorkStyle	workStyleRequiredBy
onet	LineInstallers	1.C.1.c	requiresWorkStyle	workStyleRequiredBy
onet	LineInstallers	1.C.2.b	requiresWorkStyle	workStyleRequiredBy
onet	LineInstallers	1.C.3.a	requiresWorkStyle	workStyleRequiredBy
onet	LineInstallers	1.C.3.b	requiresWorkStyle	workStyleRequiredBy
onet	LineInstallers	1.C.3.c	requiresWorkStyle	workStyleRequiredBy
onet	LineInstallers	1.C.4.a	requiresWorkStyle	workStyleRequiredBy
onet	LineInstallers	1.C.4.b	requiresWorkStyle	workStyleRequiredBy
onet	LineInstallers	1.C.4.c	requiresWorkStyle	workStyleRequiredBy
onet	LineInstallers	1.C.5.a	requiresWorkStyle	workStyleRequiredBy
onet	LineInstallers	1.C.5.b	requiresWorkStyle	workStyleRequiredBy
onet	LineInstallers	1.C.5.c	requiresWorkStyle	workStyleRequiredBy
onet	LineInstallers	1.C.6	requiresWorkStyle	workStyleRequiredBy
onet	LineInstallers	1.C.7.a	requiresWorkStyle	workStyleRequiredBy
onet	LineInstallers	1.C.7.b	requiresWorkStyle	workStyleRequiredBy
onet	LiteratureTeachersPostsecondary	1.C.1.a	requiresWorkStyle	workStyleRequiredBy
onet	LiteratureTeachersPostsecondary	1.C.1.b	requiresWorkStyle	workStyleRequiredBy
onet	LiteratureTeachersPostsecondary	1.C.1.c	requiresWorkStyle	workStyleRequiredBy
onet	LiteratureTeachersPostsecondary	1.C.2.b	requiresWorkStyle	workStyleRequiredBy
onet	LiteratureTeachersPostsecondary	1.C.3.a	requiresWorkStyle	workStyleRequiredBy
onet	LiteratureTeachersPostsecondary	1.C.3.b	requiresWorkStyle	workStyleRequiredBy
onet	LiteratureTeachersPostsecondary	1.C.3.c	requiresWorkStyle	workStyleRequiredBy
onet	LiteratureTeachersPostsecondary	1.C.4.a	requiresWorkStyle	workStyleRequiredBy
onet	LiteratureTeachersPostsecondary	1.C.4.b	requiresWorkStyle	workStyleRequiredBy
onet	LiteratureTeachersPostsecondary	1.C.4.c	requiresWorkStyle	workStyleRequiredBy
onet	LiteratureTeachersPostsecondary	1.C.5.a	requiresWorkStyle	workStyleRequiredBy
onet	LiteratureTeachersPostsecondary	1.C.5.b	requiresWorkStyle	workStyleRequiredBy
onet	LiteratureTeachersPostsecondary	1.C.5.c	requiresWorkStyle	workStyleRequiredBy
onet	LiteratureTeachersPostsecondary	1.C.6	requiresWorkStyle	workStyleRequiredBy
onet	LiteratureTeachersPostsecondary	1.C.7.a	requiresWorkStyle	workStyleRequiredBy
onet	LiteratureTeachersPostsecondary	1.C.7.b	requiresWorkStyle	workStyleRequiredBy
onet	Loan	1.C.1.a	requiresWorkStyle	workStyleRequiredBy
onet	Loan	1.C.1.b	requiresWorkStyle	workStyleRequiredBy
onet	Loan	1.C.1.c	requiresWorkStyle	workStyleRequiredBy
onet	Loan	1.C.2.b	requiresWorkStyle	workStyleRequiredBy
onet	Loan	1.C.3.a	requiresWorkStyle	workStyleRequiredBy
onet	Loan	1.C.3.b	requiresWorkStyle	workStyleRequiredBy
onet	Loan	1.C.3.c	requiresWorkStyle	workStyleRequiredBy
onet	Loan	1.C.4.a	requiresWorkStyle	workStyleRequiredBy
onet	Loan	1.C.4.b	requiresWorkStyle	workStyleRequiredBy
onet	Loan	1.C.4.c	requiresWorkStyle	workStyleRequiredBy
onet	Loan	1.C.5.a	requiresWorkStyle	workStyleRequiredBy
onet	Loan	1.C.5.b	requiresWorkStyle	workStyleRequiredBy
onet	Loan	1.C.5.c	requiresWorkStyle	workStyleRequiredBy
onet	Loan	1.C.6	requiresWorkStyle	workStyleRequiredBy
onet	Loan	1.C.7.a	requiresWorkStyle	workStyleRequiredBy
onet	Loan	1.C.7.b	requiresWorkStyle	workStyleRequiredBy
onet	LoanOfficers	1.C.1.a	requiresWorkStyle	workStyleRequiredBy
onet	LoanOfficers	1.C.1.b	requiresWorkStyle	workStyleRequiredBy
onet	LoanOfficers	1.C.1.c	requiresWorkStyle	workStyleRequiredBy
onet	LoanOfficers	1.C.2.b	requiresWorkStyle	workStyleRequiredBy
onet	LoanOfficers	1.C.3.a	requiresWorkStyle	workStyleRequiredBy
onet	LoanOfficers	1.C.3.b	requiresWorkStyle	workStyleRequiredBy
onet	LoanOfficers	1.C.3.c	requiresWorkStyle	workStyleRequiredBy
onet	LoanOfficers	1.C.4.a	requiresWorkStyle	workStyleRequiredBy
onet	LoanOfficers	1.C.4.b	requiresWorkStyle	workStyleRequiredBy
onet	LoanOfficers	1.C.4.c	requiresWorkStyle	workStyleRequiredBy
onet	LoanOfficers	1.C.5.a	requiresWorkStyle	workStyleRequiredBy
onet	LoanOfficers	1.C.5.b	requiresWorkStyle	workStyleRequiredBy
onet	LoanOfficers	1.C.5.c	requiresWorkStyle	workStyleRequiredBy
onet	LoanOfficers	1.C.6	requiresWorkStyle	workStyleRequiredBy
onet	LoanOfficers	1.C.7.a	requiresWorkStyle	workStyleRequiredBy
onet	LoanOfficers	1.C.7.b	requiresWorkStyle	workStyleRequiredBy
onet	LockTenders	1.C.1.a	requiresWorkStyle	workStyleRequiredBy
onet	LockTenders	1.C.1.b	requiresWorkStyle	workStyleRequiredBy
onet	LockTenders	1.C.1.c	requiresWorkStyle	workStyleRequiredBy
onet	LockTenders	1.C.2.b	requiresWorkStyle	workStyleRequiredBy
onet	LockTenders	1.C.3.a	requiresWorkStyle	workStyleRequiredBy
onet	LockTenders	1.C.3.b	requiresWorkStyle	workStyleRequiredBy
onet	LockTenders	1.C.3.c	requiresWorkStyle	workStyleRequiredBy
onet	LockTenders	1.C.4.a	requiresWorkStyle	workStyleRequiredBy
onet	LockTenders	1.C.4.b	requiresWorkStyle	workStyleRequiredBy
onet	LockTenders	1.C.4.c	requiresWorkStyle	workStyleRequiredBy
onet	LockTenders	1.C.5.a	requiresWorkStyle	workStyleRequiredBy
onet	LockTenders	1.C.5.b	requiresWorkStyle	workStyleRequiredBy
onet	LockTenders	1.C.5.c	requiresWorkStyle	workStyleRequiredBy
onet	LockTenders	1.C.6	requiresWorkStyle	workStyleRequiredBy
onet	LockTenders	1.C.7.a	requiresWorkStyle	workStyleRequiredBy
onet	LockTenders	1.C.7.b	requiresWorkStyle	workStyleRequiredBy
onet	LocomotiveEngineers	1.C.1.a	requiresWorkStyle	workStyleRequiredBy
onet	LocomotiveEngineers	1.C.1.b	requiresWorkStyle	workStyleRequiredBy
onet	LocomotiveEngineers	1.C.1.c	requiresWorkStyle	workStyleRequiredBy
onet	LocomotiveEngineers	1.C.2.b	requiresWorkStyle	workStyleRequiredBy
onet	LocomotiveEngineers	1.C.3.a	requiresWorkStyle	workStyleRequiredBy
onet	LocomotiveEngineers	1.C.3.b	requiresWorkStyle	workStyleRequiredBy
onet	LocomotiveEngineers	1.C.3.c	requiresWorkStyle	workStyleRequiredBy
onet	LocomotiveEngineers	1.C.4.a	requiresWorkStyle	workStyleRequiredBy
onet	LocomotiveEngineers	1.C.4.b	requiresWorkStyle	workStyleRequiredBy
onet	LocomotiveEngineers	1.C.4.c	requiresWorkStyle	workStyleRequiredBy
onet	LocomotiveEngineers	1.C.5.a	requiresWorkStyle	workStyleRequiredBy
onet	LocomotiveEngineers	1.C.5.b	requiresWorkStyle	workStyleRequiredBy
onet	LocomotiveEngineers	1.C.5.c	requiresWorkStyle	workStyleRequiredBy
onet	LocomotiveEngineers	1.C.6	requiresWorkStyle	workStyleRequiredBy
onet	LocomotiveEngineers	1.C.7.a	requiresWorkStyle	workStyleRequiredBy
onet	LocomotiveEngineers	1.C.7.b	requiresWorkStyle	workStyleRequiredBy
onet	LocomotiveFirers	1.C.1.a	requiresWorkStyle	workStyleRequiredBy
onet	LocomotiveFirers	1.C.1.b	requiresWorkStyle	workStyleRequiredBy
onet	LocomotiveFirers	1.C.1.c	requiresWorkStyle	workStyleRequiredBy
onet	LocomotiveFirers	1.C.2.b	requiresWorkStyle	workStyleRequiredBy
onet	LocomotiveFirers	1.C.3.a	requiresWorkStyle	workStyleRequiredBy
onet	LocomotiveFirers	1.C.3.b	requiresWorkStyle	workStyleRequiredBy
onet	LocomotiveFirers	1.C.3.c	requiresWorkStyle	workStyleRequiredBy
onet	LocomotiveFirers	1.C.4.a	requiresWorkStyle	workStyleRequiredBy
onet	LocomotiveFirers	1.C.4.b	requiresWorkStyle	workStyleRequiredBy
onet	LocomotiveFirers	1.C.4.c	requiresWorkStyle	workStyleRequiredBy
onet	LocomotiveFirers	1.C.5.a	requiresWorkStyle	workStyleRequiredBy
onet	LocomotiveFirers	1.C.5.b	requiresWorkStyle	workStyleRequiredBy
onet	LocomotiveFirers	1.C.5.c	requiresWorkStyle	workStyleRequiredBy
onet	LocomotiveFirers	1.C.6	requiresWorkStyle	workStyleRequiredBy
onet	LocomotiveFirers	1.C.7.a	requiresWorkStyle	workStyleRequiredBy
onet	LocomotiveFirers	1.C.7.b	requiresWorkStyle	workStyleRequiredBy
onet	LodgingManagers	1.C.1.a	requiresWorkStyle	workStyleRequiredBy
onet	LodgingManagers	1.C.1.b	requiresWorkStyle	workStyleRequiredBy
onet	LodgingManagers	1.C.1.c	requiresWorkStyle	workStyleRequiredBy
onet	LodgingManagers	1.C.2.b	requiresWorkStyle	workStyleRequiredBy
onet	LodgingManagers	1.C.3.a	requiresWorkStyle	workStyleRequiredBy
onet	LodgingManagers	1.C.3.b	requiresWorkStyle	workStyleRequiredBy
onet	LodgingManagers	1.C.3.c	requiresWorkStyle	workStyleRequiredBy
onet	LodgingManagers	1.C.4.a	requiresWorkStyle	workStyleRequiredBy
onet	LodgingManagers	1.C.4.b	requiresWorkStyle	workStyleRequiredBy
onet	LodgingManagers	1.C.4.c	requiresWorkStyle	workStyleRequiredBy
onet	LodgingManagers	1.C.5.a	requiresWorkStyle	workStyleRequiredBy
onet	LodgingManagers	1.C.5.b	requiresWorkStyle	workStyleRequiredBy
onet	LodgingManagers	1.C.5.c	requiresWorkStyle	workStyleRequiredBy
onet	LodgingManagers	1.C.6	requiresWorkStyle	workStyleRequiredBy
onet	LodgingManagers	1.C.7.a	requiresWorkStyle	workStyleRequiredBy
onet	LodgingManagers	1.C.7.b	requiresWorkStyle	workStyleRequiredBy
onet	LoggingEquipmentOperators	1.C.1.a	requiresWorkStyle	workStyleRequiredBy
onet	LoggingEquipmentOperators	1.C.1.b	requiresWorkStyle	workStyleRequiredBy
onet	LoggingEquipmentOperators	1.C.1.c	requiresWorkStyle	workStyleRequiredBy
onet	LoggingEquipmentOperators	1.C.2.b	requiresWorkStyle	workStyleRequiredBy
onet	LoggingEquipmentOperators	1.C.3.a	requiresWorkStyle	workStyleRequiredBy
onet	LoggingEquipmentOperators	1.C.3.b	requiresWorkStyle	workStyleRequiredBy
onet	LoggingEquipmentOperators	1.C.3.c	requiresWorkStyle	workStyleRequiredBy
onet	LoggingEquipmentOperators	1.C.4.a	requiresWorkStyle	workStyleRequiredBy
onet	LoggingEquipmentOperators	1.C.4.b	requiresWorkStyle	workStyleRequiredBy
onet	LoggingEquipmentOperators	1.C.4.c	requiresWorkStyle	workStyleRequiredBy
onet	LoggingEquipmentOperators	1.C.5.a	requiresWorkStyle	workStyleRequiredBy
onet	LoggingEquipmentOperators	1.C.5.b	requiresWorkStyle	workStyleRequiredBy
onet	LoggingEquipmentOperators	1.C.5.c	requiresWorkStyle	workStyleRequiredBy
onet	LoggingEquipmentOperators	1.C.6	requiresWorkStyle	workStyleRequiredBy
onet	LoggingEquipmentOperators	1.C.7.a	requiresWorkStyle	workStyleRequiredBy
onet	LoggingEquipmentOperators	1.C.7.b	requiresWorkStyle	workStyleRequiredBy
onet	Logisticians	1.C.1.a	requiresWorkStyle	workStyleRequiredBy
onet	Logisticians	1.C.1.b	requiresWorkStyle	workStyleRequiredBy
onet	Logisticians	1.C.1.c	requiresWorkStyle	workStyleRequiredBy
onet	Logisticians	1.C.2.b	requiresWorkStyle	workStyleRequiredBy
onet	Logisticians	1.C.3.a	requiresWorkStyle	workStyleRequiredBy
onet	Logisticians	1.C.3.b	requiresWorkStyle	workStyleRequiredBy
onet	Logisticians	1.C.3.c	requiresWorkStyle	workStyleRequiredBy
onet	Logisticians	1.C.4.a	requiresWorkStyle	workStyleRequiredBy
onet	Logisticians	1.C.4.b	requiresWorkStyle	workStyleRequiredBy
onet	Logisticians	1.C.4.c	requiresWorkStyle	workStyleRequiredBy
onet	Logisticians	1.C.5.a	requiresWorkStyle	workStyleRequiredBy
onet	Logisticians	1.C.5.b	requiresWorkStyle	workStyleRequiredBy
onet	Logisticians	1.C.5.c	requiresWorkStyle	workStyleRequiredBy
onet	Logisticians	1.C.6	requiresWorkStyle	workStyleRequiredBy
onet	Logisticians	1.C.7.a	requiresWorkStyle	workStyleRequiredBy
onet	Logisticians	1.C.7.b	requiresWorkStyle	workStyleRequiredBy
onet	LogisticsAnalysts	1.C.1.a	requiresWorkStyle	workStyleRequiredBy
onet	LogisticsAnalysts	1.C.1.b	requiresWorkStyle	workStyleRequiredBy
onet	LogisticsAnalysts	1.C.1.c	requiresWorkStyle	workStyleRequiredBy
onet	LogisticsAnalysts	1.C.2.b	requiresWorkStyle	workStyleRequiredBy
onet	LogisticsAnalysts	1.C.3.a	requiresWorkStyle	workStyleRequiredBy
onet	LogisticsAnalysts	1.C.3.b	requiresWorkStyle	workStyleRequiredBy
onet	LogisticsAnalysts	1.C.3.c	requiresWorkStyle	workStyleRequiredBy
onet	LogisticsAnalysts	1.C.4.a	requiresWorkStyle	workStyleRequiredBy
onet	LogisticsAnalysts	1.C.4.b	requiresWorkStyle	workStyleRequiredBy
onet	LogisticsAnalysts	1.C.4.c	requiresWorkStyle	workStyleRequiredBy
onet	LogisticsAnalysts	1.C.5.a	requiresWorkStyle	workStyleRequiredBy
onet	LogisticsAnalysts	1.C.5.b	requiresWorkStyle	workStyleRequiredBy
onet	LogisticsAnalysts	1.C.5.c	requiresWorkStyle	workStyleRequiredBy
onet	LogisticsAnalysts	1.C.6	requiresWorkStyle	workStyleRequiredBy
onet	LogisticsAnalysts	1.C.7.a	requiresWorkStyle	workStyleRequiredBy
onet	LogisticsAnalysts	1.C.7.b	requiresWorkStyle	workStyleRequiredBy
onet	LogisticsEngineers	1.C.1.a	requiresWorkStyle	workStyleRequiredBy
onet	LogisticsEngineers	1.C.1.b	requiresWorkStyle	workStyleRequiredBy
onet	LogisticsEngineers	1.C.1.c	requiresWorkStyle	workStyleRequiredBy
onet	LogisticsEngineers	1.C.2.b	requiresWorkStyle	workStyleRequiredBy
onet	LogisticsEngineers	1.C.3.a	requiresWorkStyle	workStyleRequiredBy
onet	LogisticsEngineers	1.C.3.b	requiresWorkStyle	workStyleRequiredBy
onet	LogisticsEngineers	1.C.3.c	requiresWorkStyle	workStyleRequiredBy
onet	LogisticsEngineers	1.C.4.a	requiresWorkStyle	workStyleRequiredBy
onet	LogisticsEngineers	1.C.4.b	requiresWorkStyle	workStyleRequiredBy
onet	LogisticsEngineers	1.C.4.c	requiresWorkStyle	workStyleRequiredBy
onet	LogisticsEngineers	1.C.5.a	requiresWorkStyle	workStyleRequiredBy
onet	LogisticsEngineers	1.C.5.b	requiresWorkStyle	workStyleRequiredBy
onet	LogisticsEngineers	1.C.5.c	requiresWorkStyle	workStyleRequiredBy
onet	LogisticsEngineers	1.C.6	requiresWorkStyle	workStyleRequiredBy
onet	LogisticsEngineers	1.C.7.a	requiresWorkStyle	workStyleRequiredBy
onet	LogisticsEngineers	1.C.7.b	requiresWorkStyle	workStyleRequiredBy
onet	LossPreventionManagers	1.C.1.a	requiresWorkStyle	workStyleRequiredBy
onet	LossPreventionManagers	1.C.1.b	requiresWorkStyle	workStyleRequiredBy
onet	LossPreventionManagers	1.C.1.c	requiresWorkStyle	workStyleRequiredBy
onet	LossPreventionManagers	1.C.2.b	requiresWorkStyle	workStyleRequiredBy
onet	LossPreventionManagers	1.C.3.a	requiresWorkStyle	workStyleRequiredBy
onet	LossPreventionManagers	1.C.3.b	requiresWorkStyle	workStyleRequiredBy
onet	LossPreventionManagers	1.C.3.c	requiresWorkStyle	workStyleRequiredBy
onet	LossPreventionManagers	1.C.4.a	requiresWorkStyle	workStyleRequiredBy
onet	LossPreventionManagers	1.C.4.b	requiresWorkStyle	workStyleRequiredBy
onet	LossPreventionManagers	1.C.4.c	requiresWorkStyle	workStyleRequiredBy
onet	LossPreventionManagers	1.C.5.a	requiresWorkStyle	workStyleRequiredBy
onet	LossPreventionManagers	1.C.5.b	requiresWorkStyle	workStyleRequiredBy
onet	LossPreventionManagers	1.C.5.c	requiresWorkStyle	workStyleRequiredBy
onet	LossPreventionManagers	1.C.6	requiresWorkStyle	workStyleRequiredBy
onet	LossPreventionManagers	1.C.7.a	requiresWorkStyle	workStyleRequiredBy
onet	LossPreventionManagers	1.C.7.b	requiresWorkStyle	workStyleRequiredBy
onet	Machinists	1.C.1.a	requiresWorkStyle	workStyleRequiredBy
onet	Machinists	1.C.1.b	requiresWorkStyle	workStyleRequiredBy
onet	Machinists	1.C.1.c	requiresWorkStyle	workStyleRequiredBy
onet	Machinists	1.C.2.b	requiresWorkStyle	workStyleRequiredBy
onet	Machinists	1.C.3.a	requiresWorkStyle	workStyleRequiredBy
onet	Machinists	1.C.3.b	requiresWorkStyle	workStyleRequiredBy
onet	Machinists	1.C.3.c	requiresWorkStyle	workStyleRequiredBy
onet	Machinists	1.C.4.a	requiresWorkStyle	workStyleRequiredBy
onet	Machinists	1.C.4.b	requiresWorkStyle	workStyleRequiredBy
onet	Machinists	1.C.4.c	requiresWorkStyle	workStyleRequiredBy
onet	Machinists	1.C.5.a	requiresWorkStyle	workStyleRequiredBy
onet	Machinists	1.C.5.b	requiresWorkStyle	workStyleRequiredBy
onet	Machinists	1.C.5.c	requiresWorkStyle	workStyleRequiredBy
onet	Machinists	1.C.6	requiresWorkStyle	workStyleRequiredBy
onet	Machinists	1.C.7.a	requiresWorkStyle	workStyleRequiredBy
onet	Machinists	1.C.7.b	requiresWorkStyle	workStyleRequiredBy
onet	Magistrates	1.C.1.a	requiresWorkStyle	workStyleRequiredBy
onet	Magistrates	1.C.1.b	requiresWorkStyle	workStyleRequiredBy
onet	Magistrates	1.C.1.c	requiresWorkStyle	workStyleRequiredBy
onet	Magistrates	1.C.2.b	requiresWorkStyle	workStyleRequiredBy
onet	Magistrates	1.C.3.a	requiresWorkStyle	workStyleRequiredBy
onet	Magistrates	1.C.3.b	requiresWorkStyle	workStyleRequiredBy
onet	Magistrates	1.C.3.c	requiresWorkStyle	workStyleRequiredBy
onet	Magistrates	1.C.4.a	requiresWorkStyle	workStyleRequiredBy
onet	Magistrates	1.C.4.b	requiresWorkStyle	workStyleRequiredBy
onet	Magistrates	1.C.4.c	requiresWorkStyle	workStyleRequiredBy
onet	Magistrates	1.C.5.a	requiresWorkStyle	workStyleRequiredBy
onet	Magistrates	1.C.5.b	requiresWorkStyle	workStyleRequiredBy
onet	Magistrates	1.C.5.c	requiresWorkStyle	workStyleRequiredBy
onet	Magistrates	1.C.6	requiresWorkStyle	workStyleRequiredBy
onet	Magistrates	1.C.7.a	requiresWorkStyle	workStyleRequiredBy
onet	Magistrates	1.C.7.b	requiresWorkStyle	workStyleRequiredBy
onet	MagneticResonanceImagingTechnologists	1.C.1.a	requiresWorkStyle	workStyleRequiredBy
onet	MagneticResonanceImagingTechnologists	1.C.1.b	requiresWorkStyle	workStyleRequiredBy
onet	MagneticResonanceImagingTechnologists	1.C.1.c	requiresWorkStyle	workStyleRequiredBy
onet	MagneticResonanceImagingTechnologists	1.C.2.b	requiresWorkStyle	workStyleRequiredBy
onet	MagneticResonanceImagingTechnologists	1.C.3.a	requiresWorkStyle	workStyleRequiredBy
onet	MagneticResonanceImagingTechnologists	1.C.3.b	requiresWorkStyle	workStyleRequiredBy
onet	MagneticResonanceImagingTechnologists	1.C.3.c	requiresWorkStyle	workStyleRequiredBy
onet	MagneticResonanceImagingTechnologists	1.C.4.a	requiresWorkStyle	workStyleRequiredBy
onet	MagneticResonanceImagingTechnologists	1.C.4.b	requiresWorkStyle	workStyleRequiredBy
onet	MagneticResonanceImagingTechnologists	1.C.4.c	requiresWorkStyle	workStyleRequiredBy
onet	MagneticResonanceImagingTechnologists	1.C.5.a	requiresWorkStyle	workStyleRequiredBy
onet	MagneticResonanceImagingTechnologists	1.C.5.b	requiresWorkStyle	workStyleRequiredBy
onet	MagneticResonanceImagingTechnologists	1.C.5.c	requiresWorkStyle	workStyleRequiredBy
onet	MagneticResonanceImagingTechnologists	1.C.6	requiresWorkStyle	workStyleRequiredBy
onet	MagneticResonanceImagingTechnologists	1.C.7.a	requiresWorkStyle	workStyleRequiredBy
onet	MagneticResonanceImagingTechnologists	1.C.7.b	requiresWorkStyle	workStyleRequiredBy
onet	MailSuperintendents	1.C.1.a	requiresWorkStyle	workStyleRequiredBy
onet	MailSuperintendents	1.C.1.b	requiresWorkStyle	workStyleRequiredBy
onet	MailSuperintendents	1.C.1.c	requiresWorkStyle	workStyleRequiredBy
onet	MailSuperintendents	1.C.2.b	requiresWorkStyle	workStyleRequiredBy
onet	MailSuperintendents	1.C.3.a	requiresWorkStyle	workStyleRequiredBy
onet	MailSuperintendents	1.C.3.b	requiresWorkStyle	workStyleRequiredBy
onet	MailSuperintendents	1.C.3.c	requiresWorkStyle	workStyleRequiredBy
onet	MailSuperintendents	1.C.4.a	requiresWorkStyle	workStyleRequiredBy
onet	MailSuperintendents	1.C.4.b	requiresWorkStyle	workStyleRequiredBy
onet	MailSuperintendents	1.C.4.c	requiresWorkStyle	workStyleRequiredBy
onet	MailSuperintendents	1.C.5.a	requiresWorkStyle	workStyleRequiredBy
onet	MailSuperintendents	1.C.5.b	requiresWorkStyle	workStyleRequiredBy
onet	MailSuperintendents	1.C.5.c	requiresWorkStyle	workStyleRequiredBy
onet	MailSuperintendents	1.C.6	requiresWorkStyle	workStyleRequiredBy
onet	MailSuperintendents	1.C.7.a	requiresWorkStyle	workStyleRequiredBy
onet	MailSuperintendents	1.C.7.b	requiresWorkStyle	workStyleRequiredBy
onet	Maintenance	1.C.1.a	requiresWorkStyle	workStyleRequiredBy
onet	Maintenance	1.C.1.b	requiresWorkStyle	workStyleRequiredBy
onet	Maintenance	1.C.1.c	requiresWorkStyle	workStyleRequiredBy
onet	Maintenance	1.C.2.b	requiresWorkStyle	workStyleRequiredBy
onet	Maintenance	1.C.3.a	requiresWorkStyle	workStyleRequiredBy
onet	Maintenance	1.C.3.b	requiresWorkStyle	workStyleRequiredBy
onet	Maintenance	1.C.3.c	requiresWorkStyle	workStyleRequiredBy
onet	Maintenance	1.C.4.a	requiresWorkStyle	workStyleRequiredBy
onet	Maintenance	1.C.4.b	requiresWorkStyle	workStyleRequiredBy
onet	Maintenance	1.C.4.c	requiresWorkStyle	workStyleRequiredBy
onet	Maintenance	1.C.5.a	requiresWorkStyle	workStyleRequiredBy
onet	Maintenance	1.C.5.b	requiresWorkStyle	workStyleRequiredBy
onet	Maintenance	1.C.5.c	requiresWorkStyle	workStyleRequiredBy
onet	Maintenance	1.C.6	requiresWorkStyle	workStyleRequiredBy
onet	Maintenance	1.C.7.a	requiresWorkStyle	workStyleRequiredBy
onet	Maintenance	1.C.7.b	requiresWorkStyle	workStyleRequiredBy
onet	MaintenanceEquipmentOperators	1.C.1.a	requiresWorkStyle	workStyleRequiredBy
onet	MaintenanceEquipmentOperators	1.C.1.b	requiresWorkStyle	workStyleRequiredBy
onet	MaintenanceEquipmentOperators	1.C.1.c	requiresWorkStyle	workStyleRequiredBy
onet	MaintenanceEquipmentOperators	1.C.2.b	requiresWorkStyle	workStyleRequiredBy
onet	MaintenanceEquipmentOperators	1.C.3.a	requiresWorkStyle	workStyleRequiredBy
onet	MaintenanceEquipmentOperators	1.C.3.b	requiresWorkStyle	workStyleRequiredBy
onet	MaintenanceEquipmentOperators	1.C.3.c	requiresWorkStyle	workStyleRequiredBy
onet	MaintenanceEquipmentOperators	1.C.4.a	requiresWorkStyle	workStyleRequiredBy
onet	MaintenanceEquipmentOperators	1.C.4.b	requiresWorkStyle	workStyleRequiredBy
onet	MaintenanceEquipmentOperators	1.C.4.c	requiresWorkStyle	workStyleRequiredBy
onet	MaintenanceEquipmentOperators	1.C.5.a	requiresWorkStyle	workStyleRequiredBy
onet	MaintenanceEquipmentOperators	1.C.5.b	requiresWorkStyle	workStyleRequiredBy
onet	MaintenanceEquipmentOperators	1.C.5.c	requiresWorkStyle	workStyleRequiredBy
onet	MaintenanceEquipmentOperators	1.C.6	requiresWorkStyle	workStyleRequiredBy
onet	MaintenanceEquipmentOperators	1.C.7.a	requiresWorkStyle	workStyleRequiredBy
onet	MaintenanceEquipmentOperators	1.C.7.b	requiresWorkStyle	workStyleRequiredBy
onet	MaintenanceWorkersMachinery	1.C.1.a	requiresWorkStyle	workStyleRequiredBy
onet	MaintenanceWorkersMachinery	1.C.1.b	requiresWorkStyle	workStyleRequiredBy
onet	MaintenanceWorkersMachinery	1.C.1.c	requiresWorkStyle	workStyleRequiredBy
onet	MaintenanceWorkersMachinery	1.C.2.b	requiresWorkStyle	workStyleRequiredBy
onet	MaintenanceWorkersMachinery	1.C.3.a	requiresWorkStyle	workStyleRequiredBy
onet	MaintenanceWorkersMachinery	1.C.3.b	requiresWorkStyle	workStyleRequiredBy
onet	MaintenanceWorkersMachinery	1.C.3.c	requiresWorkStyle	workStyleRequiredBy
onet	MaintenanceWorkersMachinery	1.C.4.a	requiresWorkStyle	workStyleRequiredBy
onet	MaintenanceWorkersMachinery	1.C.4.b	requiresWorkStyle	workStyleRequiredBy
onet	MaintenanceWorkersMachinery	1.C.4.c	requiresWorkStyle	workStyleRequiredBy
onet	MaintenanceWorkersMachinery	1.C.5.a	requiresWorkStyle	workStyleRequiredBy
onet	MaintenanceWorkersMachinery	1.C.5.b	requiresWorkStyle	workStyleRequiredBy
onet	MaintenanceWorkersMachinery	1.C.5.c	requiresWorkStyle	workStyleRequiredBy
onet	MaintenanceWorkersMachinery	1.C.6	requiresWorkStyle	workStyleRequiredBy
onet	MaintenanceWorkersMachinery	1.C.7.a	requiresWorkStyle	workStyleRequiredBy
onet	MaintenanceWorkersMachinery	1.C.7.b	requiresWorkStyle	workStyleRequiredBy
onet	ManagementAnalysts	1.C.1.a	requiresWorkStyle	workStyleRequiredBy
onet	ManagementAnalysts	1.C.1.b	requiresWorkStyle	workStyleRequiredBy
onet	ManagementAnalysts	1.C.1.c	requiresWorkStyle	workStyleRequiredBy
onet	ManagementAnalysts	1.C.2.b	requiresWorkStyle	workStyleRequiredBy
onet	ManagementAnalysts	1.C.3.a	requiresWorkStyle	workStyleRequiredBy
onet	ManagementAnalysts	1.C.3.b	requiresWorkStyle	workStyleRequiredBy
onet	ManagementAnalysts	1.C.3.c	requiresWorkStyle	workStyleRequiredBy
onet	ManagementAnalysts	1.C.4.a	requiresWorkStyle	workStyleRequiredBy
onet	ManagementAnalysts	1.C.4.b	requiresWorkStyle	workStyleRequiredBy
onet	ManagementAnalysts	1.C.4.c	requiresWorkStyle	workStyleRequiredBy
onet	ManagementAnalysts	1.C.5.a	requiresWorkStyle	workStyleRequiredBy
onet	ManagementAnalysts	1.C.5.b	requiresWorkStyle	workStyleRequiredBy
onet	ManagementAnalysts	1.C.5.c	requiresWorkStyle	workStyleRequiredBy
onet	ManagementAnalysts	1.C.6	requiresWorkStyle	workStyleRequiredBy
onet	ManagementAnalysts	1.C.7.a	requiresWorkStyle	workStyleRequiredBy
onet	ManagementAnalysts	1.C.7.b	requiresWorkStyle	workStyleRequiredBy
onet	ManufacturingEngineers	1.C.1.a	requiresWorkStyle	workStyleRequiredBy
onet	ManufacturingEngineers	1.C.1.b	requiresWorkStyle	workStyleRequiredBy
onet	ManufacturingEngineers	1.C.1.c	requiresWorkStyle	workStyleRequiredBy
onet	ManufacturingEngineers	1.C.2.b	requiresWorkStyle	workStyleRequiredBy
onet	ManufacturingEngineers	1.C.3.a	requiresWorkStyle	workStyleRequiredBy
onet	ManufacturingEngineers	1.C.3.b	requiresWorkStyle	workStyleRequiredBy
onet	ManufacturingEngineers	1.C.3.c	requiresWorkStyle	workStyleRequiredBy
onet	ManufacturingEngineers	1.C.4.a	requiresWorkStyle	workStyleRequiredBy
onet	ManufacturingEngineers	1.C.4.b	requiresWorkStyle	workStyleRequiredBy
onet	ManufacturingEngineers	1.C.4.c	requiresWorkStyle	workStyleRequiredBy
onet	ManufacturingEngineers	1.C.5.a	requiresWorkStyle	workStyleRequiredBy
onet	ManufacturingEngineers	1.C.5.b	requiresWorkStyle	workStyleRequiredBy
onet	ManufacturingEngineers	1.C.5.c	requiresWorkStyle	workStyleRequiredBy
onet	ManufacturingEngineers	1.C.6	requiresWorkStyle	workStyleRequiredBy
onet	ManufacturingEngineers	1.C.7.a	requiresWorkStyle	workStyleRequiredBy
onet	ManufacturingEngineers	1.C.7.b	requiresWorkStyle	workStyleRequiredBy
onet	MappingTechnicians	1.C.1.a	requiresWorkStyle	workStyleRequiredBy
onet	MappingTechnicians	1.C.1.b	requiresWorkStyle	workStyleRequiredBy
onet	MappingTechnicians	1.C.1.c	requiresWorkStyle	workStyleRequiredBy
onet	MappingTechnicians	1.C.2.b	requiresWorkStyle	workStyleRequiredBy
onet	MappingTechnicians	1.C.3.a	requiresWorkStyle	workStyleRequiredBy
onet	MappingTechnicians	1.C.3.b	requiresWorkStyle	workStyleRequiredBy
onet	MappingTechnicians	1.C.3.c	requiresWorkStyle	workStyleRequiredBy
onet	MappingTechnicians	1.C.4.a	requiresWorkStyle	workStyleRequiredBy
onet	MappingTechnicians	1.C.4.b	requiresWorkStyle	workStyleRequiredBy
onet	MappingTechnicians	1.C.4.c	requiresWorkStyle	workStyleRequiredBy
onet	MappingTechnicians	1.C.5.a	requiresWorkStyle	workStyleRequiredBy
onet	MappingTechnicians	1.C.5.b	requiresWorkStyle	workStyleRequiredBy
onet	MappingTechnicians	1.C.5.c	requiresWorkStyle	workStyleRequiredBy
onet	MappingTechnicians	1.C.6	requiresWorkStyle	workStyleRequiredBy
onet	MappingTechnicians	1.C.7.a	requiresWorkStyle	workStyleRequiredBy
onet	MappingTechnicians	1.C.7.b	requiresWorkStyle	workStyleRequiredBy
onet	MarbleSetters	1.C.1.a	requiresWorkStyle	workStyleRequiredBy
onet	MarbleSetters	1.C.1.b	requiresWorkStyle	workStyleRequiredBy
onet	MarbleSetters	1.C.1.c	requiresWorkStyle	workStyleRequiredBy
onet	MarbleSetters	1.C.2.b	requiresWorkStyle	workStyleRequiredBy
onet	MarbleSetters	1.C.3.a	requiresWorkStyle	workStyleRequiredBy
onet	MarbleSetters	1.C.3.b	requiresWorkStyle	workStyleRequiredBy
onet	MarbleSetters	1.C.3.c	requiresWorkStyle	workStyleRequiredBy
onet	MarbleSetters	1.C.4.a	requiresWorkStyle	workStyleRequiredBy
onet	MarbleSetters	1.C.4.b	requiresWorkStyle	workStyleRequiredBy
onet	MarbleSetters	1.C.4.c	requiresWorkStyle	workStyleRequiredBy
onet	MarbleSetters	1.C.5.a	requiresWorkStyle	workStyleRequiredBy
onet	MarbleSetters	1.C.5.b	requiresWorkStyle	workStyleRequiredBy
onet	MarbleSetters	1.C.5.c	requiresWorkStyle	workStyleRequiredBy
onet	MarbleSetters	1.C.6	requiresWorkStyle	workStyleRequiredBy
onet	MarbleSetters	1.C.7.a	requiresWorkStyle	workStyleRequiredBy
onet	MarbleSetters	1.C.7.b	requiresWorkStyle	workStyleRequiredBy
onet	MarineOilers	1.C.1.a	requiresWorkStyle	workStyleRequiredBy
onet	MarineOilers	1.C.1.b	requiresWorkStyle	workStyleRequiredBy
onet	MarineOilers	1.C.1.c	requiresWorkStyle	workStyleRequiredBy
onet	MarineOilers	1.C.2.b	requiresWorkStyle	workStyleRequiredBy
onet	MarineOilers	1.C.3.a	requiresWorkStyle	workStyleRequiredBy
onet	MarineOilers	1.C.3.b	requiresWorkStyle	workStyleRequiredBy
onet	MarineOilers	1.C.3.c	requiresWorkStyle	workStyleRequiredBy
onet	MarineOilers	1.C.4.a	requiresWorkStyle	workStyleRequiredBy
onet	MarineOilers	1.C.4.b	requiresWorkStyle	workStyleRequiredBy
onet	MarineOilers	1.C.4.c	requiresWorkStyle	workStyleRequiredBy
onet	MarineOilers	1.C.5.a	requiresWorkStyle	workStyleRequiredBy
onet	MarineOilers	1.C.5.b	requiresWorkStyle	workStyleRequiredBy
onet	MarineOilers	1.C.5.c	requiresWorkStyle	workStyleRequiredBy
onet	MarineOilers	1.C.6	requiresWorkStyle	workStyleRequiredBy
onet	MarineOilers	1.C.7.a	requiresWorkStyle	workStyleRequiredBy
onet	MarineOilers	1.C.7.b	requiresWorkStyle	workStyleRequiredBy
onet	MarketingManagers	1.C.1.a	requiresWorkStyle	workStyleRequiredBy
onet	MarketingManagers	1.C.1.b	requiresWorkStyle	workStyleRequiredBy
onet	MarketingManagers	1.C.1.c	requiresWorkStyle	workStyleRequiredBy
onet	MarketingManagers	1.C.2.b	requiresWorkStyle	workStyleRequiredBy
onet	MarketingManagers	1.C.3.a	requiresWorkStyle	workStyleRequiredBy
onet	MarketingManagers	1.C.3.b	requiresWorkStyle	workStyleRequiredBy
onet	MarketingManagers	1.C.3.c	requiresWorkStyle	workStyleRequiredBy
onet	MarketingManagers	1.C.4.a	requiresWorkStyle	workStyleRequiredBy
onet	MarketingManagers	1.C.4.b	requiresWorkStyle	workStyleRequiredBy
onet	MarketingManagers	1.C.4.c	requiresWorkStyle	workStyleRequiredBy
onet	MarketingManagers	1.C.5.a	requiresWorkStyle	workStyleRequiredBy
onet	MarketingManagers	1.C.5.b	requiresWorkStyle	workStyleRequiredBy
onet	MarketingManagers	1.C.5.c	requiresWorkStyle	workStyleRequiredBy
onet	MarketingManagers	1.C.6	requiresWorkStyle	workStyleRequiredBy
onet	MarketingManagers	1.C.7.a	requiresWorkStyle	workStyleRequiredBy
onet	MarketingManagers	1.C.7.b	requiresWorkStyle	workStyleRequiredBy
onet	MarketingSpecialists	1.C.1.a	requiresWorkStyle	workStyleRequiredBy
onet	MarketingSpecialists	1.C.1.b	requiresWorkStyle	workStyleRequiredBy
onet	MarketingSpecialists	1.C.1.c	requiresWorkStyle	workStyleRequiredBy
onet	MarketingSpecialists	1.C.2.b	requiresWorkStyle	workStyleRequiredBy
onet	MarketingSpecialists	1.C.3.a	requiresWorkStyle	workStyleRequiredBy
onet	MarketingSpecialists	1.C.3.b	requiresWorkStyle	workStyleRequiredBy
onet	MarketingSpecialists	1.C.3.c	requiresWorkStyle	workStyleRequiredBy
onet	MarketingSpecialists	1.C.4.a	requiresWorkStyle	workStyleRequiredBy
onet	MarketingSpecialists	1.C.4.b	requiresWorkStyle	workStyleRequiredBy
onet	MarketingSpecialists	1.C.4.c	requiresWorkStyle	workStyleRequiredBy
onet	MarketingSpecialists	1.C.5.a	requiresWorkStyle	workStyleRequiredBy
onet	MarketingSpecialists	1.C.5.b	requiresWorkStyle	workStyleRequiredBy
onet	MarketingSpecialists	1.C.5.c	requiresWorkStyle	workStyleRequiredBy
onet	MarketingSpecialists	1.C.6	requiresWorkStyle	workStyleRequiredBy
onet	MarketingSpecialists	1.C.7.a	requiresWorkStyle	workStyleRequiredBy
onet	MarketingSpecialists	1.C.7.b	requiresWorkStyle	workStyleRequiredBy
onet	MassageTherapists	1.C.1.a	requiresWorkStyle	workStyleRequiredBy
onet	MassageTherapists	1.C.1.b	requiresWorkStyle	workStyleRequiredBy
onet	MassageTherapists	1.C.1.c	requiresWorkStyle	workStyleRequiredBy
onet	MassageTherapists	1.C.2.b	requiresWorkStyle	workStyleRequiredBy
onet	MassageTherapists	1.C.3.a	requiresWorkStyle	workStyleRequiredBy
onet	MassageTherapists	1.C.3.b	requiresWorkStyle	workStyleRequiredBy
onet	MassageTherapists	1.C.3.c	requiresWorkStyle	workStyleRequiredBy
onet	MassageTherapists	1.C.4.a	requiresWorkStyle	workStyleRequiredBy
onet	MassageTherapists	1.C.4.b	requiresWorkStyle	workStyleRequiredBy
onet	MassageTherapists	1.C.4.c	requiresWorkStyle	workStyleRequiredBy
onet	MassageTherapists	1.C.5.a	requiresWorkStyle	workStyleRequiredBy
onet	MassageTherapists	1.C.5.b	requiresWorkStyle	workStyleRequiredBy
onet	MassageTherapists	1.C.5.c	requiresWorkStyle	workStyleRequiredBy
onet	MassageTherapists	1.C.6	requiresWorkStyle	workStyleRequiredBy
onet	MassageTherapists	1.C.7.a	requiresWorkStyle	workStyleRequiredBy
onet	MassageTherapists	1.C.7.b	requiresWorkStyle	workStyleRequiredBy
onet	MaterialMoversHand	1.C.1.a	requiresWorkStyle	workStyleRequiredBy
onet	MaterialMoversHand	1.C.1.b	requiresWorkStyle	workStyleRequiredBy
onet	MaterialMoversHand	1.C.1.c	requiresWorkStyle	workStyleRequiredBy
onet	MaterialMoversHand	1.C.2.b	requiresWorkStyle	workStyleRequiredBy
onet	MaterialMoversHand	1.C.3.a	requiresWorkStyle	workStyleRequiredBy
onet	MaterialMoversHand	1.C.3.b	requiresWorkStyle	workStyleRequiredBy
onet	MaterialMoversHand	1.C.3.c	requiresWorkStyle	workStyleRequiredBy
onet	MaterialMoversHand	1.C.4.a	requiresWorkStyle	workStyleRequiredBy
onet	MaterialMoversHand	1.C.4.b	requiresWorkStyle	workStyleRequiredBy
onet	MaterialMoversHand	1.C.4.c	requiresWorkStyle	workStyleRequiredBy
onet	MaterialMoversHand	1.C.5.a	requiresWorkStyle	workStyleRequiredBy
onet	MaterialMoversHand	1.C.5.b	requiresWorkStyle	workStyleRequiredBy
onet	MaterialMoversHand	1.C.5.c	requiresWorkStyle	workStyleRequiredBy
onet	MaterialMoversHand	1.C.6	requiresWorkStyle	workStyleRequiredBy
onet	MaterialMoversHand	1.C.7.a	requiresWorkStyle	workStyleRequiredBy
onet	MaterialMoversHand	1.C.7.b	requiresWorkStyle	workStyleRequiredBy
onet	MaterialsEngineers	1.C.1.a	requiresWorkStyle	workStyleRequiredBy
onet	MaterialsEngineers	1.C.1.b	requiresWorkStyle	workStyleRequiredBy
onet	MaterialsEngineers	1.C.1.c	requiresWorkStyle	workStyleRequiredBy
onet	MaterialsEngineers	1.C.2.b	requiresWorkStyle	workStyleRequiredBy
onet	MaterialsEngineers	1.C.3.a	requiresWorkStyle	workStyleRequiredBy
onet	MaterialsEngineers	1.C.3.b	requiresWorkStyle	workStyleRequiredBy
onet	MaterialsEngineers	1.C.3.c	requiresWorkStyle	workStyleRequiredBy
onet	MaterialsEngineers	1.C.4.a	requiresWorkStyle	workStyleRequiredBy
onet	MaterialsEngineers	1.C.4.b	requiresWorkStyle	workStyleRequiredBy
onet	MaterialsEngineers	1.C.4.c	requiresWorkStyle	workStyleRequiredBy
onet	MaterialsEngineers	1.C.5.a	requiresWorkStyle	workStyleRequiredBy
onet	MaterialsEngineers	1.C.5.b	requiresWorkStyle	workStyleRequiredBy
onet	MaterialsEngineers	1.C.5.c	requiresWorkStyle	workStyleRequiredBy
onet	MaterialsEngineers	1.C.6	requiresWorkStyle	workStyleRequiredBy
onet	MaterialsEngineers	1.C.7.a	requiresWorkStyle	workStyleRequiredBy
onet	MaterialsEngineers	1.C.7.b	requiresWorkStyle	workStyleRequiredBy
onet	MaterialsScientists	1.C.1.a	requiresWorkStyle	workStyleRequiredBy
onet	MaterialsScientists	1.C.1.b	requiresWorkStyle	workStyleRequiredBy
onet	MaterialsScientists	1.C.1.c	requiresWorkStyle	workStyleRequiredBy
onet	MaterialsScientists	1.C.2.b	requiresWorkStyle	workStyleRequiredBy
onet	MaterialsScientists	1.C.3.a	requiresWorkStyle	workStyleRequiredBy
onet	MaterialsScientists	1.C.3.b	requiresWorkStyle	workStyleRequiredBy
onet	MaterialsScientists	1.C.3.c	requiresWorkStyle	workStyleRequiredBy
onet	MaterialsScientists	1.C.4.a	requiresWorkStyle	workStyleRequiredBy
onet	MaterialsScientists	1.C.4.b	requiresWorkStyle	workStyleRequiredBy
onet	MaterialsScientists	1.C.4.c	requiresWorkStyle	workStyleRequiredBy
onet	MaterialsScientists	1.C.5.a	requiresWorkStyle	workStyleRequiredBy
onet	MaterialsScientists	1.C.5.b	requiresWorkStyle	workStyleRequiredBy
onet	MaterialsScientists	1.C.5.c	requiresWorkStyle	workStyleRequiredBy
onet	MaterialsScientists	1.C.6	requiresWorkStyle	workStyleRequiredBy
onet	MaterialsScientists	1.C.7.a	requiresWorkStyle	workStyleRequiredBy
onet	MaterialsScientists	1.C.7.b	requiresWorkStyle	workStyleRequiredBy
onet	MathematicalScienceTeachersPostsecondary	1.C.1.a	requiresWorkStyle	workStyleRequiredBy
onet	MathematicalScienceTeachersPostsecondary	1.C.1.b	requiresWorkStyle	workStyleRequiredBy
onet	MathematicalScienceTeachersPostsecondary	1.C.1.c	requiresWorkStyle	workStyleRequiredBy
onet	MathematicalScienceTeachersPostsecondary	1.C.2.b	requiresWorkStyle	workStyleRequiredBy
onet	MathematicalScienceTeachersPostsecondary	1.C.3.a	requiresWorkStyle	workStyleRequiredBy
onet	MathematicalScienceTeachersPostsecondary	1.C.3.b	requiresWorkStyle	workStyleRequiredBy
onet	MathematicalScienceTeachersPostsecondary	1.C.3.c	requiresWorkStyle	workStyleRequiredBy
onet	MathematicalScienceTeachersPostsecondary	1.C.4.a	requiresWorkStyle	workStyleRequiredBy
onet	MathematicalScienceTeachersPostsecondary	1.C.4.b	requiresWorkStyle	workStyleRequiredBy
onet	MathematicalScienceTeachersPostsecondary	1.C.4.c	requiresWorkStyle	workStyleRequiredBy
onet	MathematicalScienceTeachersPostsecondary	1.C.5.a	requiresWorkStyle	workStyleRequiredBy
onet	MathematicalScienceTeachersPostsecondary	1.C.5.b	requiresWorkStyle	workStyleRequiredBy
onet	MathematicalScienceTeachersPostsecondary	1.C.5.c	requiresWorkStyle	workStyleRequiredBy
onet	MathematicalScienceTeachersPostsecondary	1.C.6	requiresWorkStyle	workStyleRequiredBy
onet	MathematicalScienceTeachersPostsecondary	1.C.7.a	requiresWorkStyle	workStyleRequiredBy
onet	MathematicalScienceTeachersPostsecondary	1.C.7.b	requiresWorkStyle	workStyleRequiredBy
onet	Mathematicians	1.C.1.a	requiresWorkStyle	workStyleRequiredBy
onet	Mathematicians	1.C.1.b	requiresWorkStyle	workStyleRequiredBy
onet	Mathematicians	1.C.1.c	requiresWorkStyle	workStyleRequiredBy
onet	Mathematicians	1.C.2.b	requiresWorkStyle	workStyleRequiredBy
onet	Mathematicians	1.C.3.a	requiresWorkStyle	workStyleRequiredBy
onet	Mathematicians	1.C.3.b	requiresWorkStyle	workStyleRequiredBy
onet	Mathematicians	1.C.3.c	requiresWorkStyle	workStyleRequiredBy
onet	Mathematicians	1.C.4.a	requiresWorkStyle	workStyleRequiredBy
onet	Mathematicians	1.C.4.b	requiresWorkStyle	workStyleRequiredBy
onet	Mathematicians	1.C.4.c	requiresWorkStyle	workStyleRequiredBy
onet	Mathematicians	1.C.5.a	requiresWorkStyle	workStyleRequiredBy
onet	Mathematicians	1.C.5.b	requiresWorkStyle	workStyleRequiredBy
onet	Mathematicians	1.C.5.c	requiresWorkStyle	workStyleRequiredBy
onet	Mathematicians	1.C.6	requiresWorkStyle	workStyleRequiredBy
onet	Mathematicians	1.C.7.a	requiresWorkStyle	workStyleRequiredBy
onet	Mathematicians	1.C.7.b	requiresWorkStyle	workStyleRequiredBy
onet	MaxillofacialSurgeons	1.C.1.a	requiresWorkStyle	workStyleRequiredBy
onet	MaxillofacialSurgeons	1.C.1.b	requiresWorkStyle	workStyleRequiredBy
onet	MaxillofacialSurgeons	1.C.1.c	requiresWorkStyle	workStyleRequiredBy
onet	MaxillofacialSurgeons	1.C.2.b	requiresWorkStyle	workStyleRequiredBy
onet	MaxillofacialSurgeons	1.C.3.a	requiresWorkStyle	workStyleRequiredBy
onet	MaxillofacialSurgeons	1.C.3.b	requiresWorkStyle	workStyleRequiredBy
onet	MaxillofacialSurgeons	1.C.3.c	requiresWorkStyle	workStyleRequiredBy
onet	MaxillofacialSurgeons	1.C.4.a	requiresWorkStyle	workStyleRequiredBy
onet	MaxillofacialSurgeons	1.C.4.b	requiresWorkStyle	workStyleRequiredBy
onet	MaxillofacialSurgeons	1.C.4.c	requiresWorkStyle	workStyleRequiredBy
onet	MaxillofacialSurgeons	1.C.5.a	requiresWorkStyle	workStyleRequiredBy
onet	MaxillofacialSurgeons	1.C.5.b	requiresWorkStyle	workStyleRequiredBy
onet	MaxillofacialSurgeons	1.C.5.c	requiresWorkStyle	workStyleRequiredBy
onet	MaxillofacialSurgeons	1.C.6	requiresWorkStyle	workStyleRequiredBy
onet	MaxillofacialSurgeons	1.C.7.a	requiresWorkStyle	workStyleRequiredBy
onet	MaxillofacialSurgeons	1.C.7.b	requiresWorkStyle	workStyleRequiredBy
onet	MeatCutters	1.C.1.a	requiresWorkStyle	workStyleRequiredBy
onet	MeatCutters	1.C.1.b	requiresWorkStyle	workStyleRequiredBy
onet	MeatCutters	1.C.1.c	requiresWorkStyle	workStyleRequiredBy
onet	MeatCutters	1.C.2.b	requiresWorkStyle	workStyleRequiredBy
onet	MeatCutters	1.C.3.a	requiresWorkStyle	workStyleRequiredBy
onet	MeatCutters	1.C.3.b	requiresWorkStyle	workStyleRequiredBy
onet	MeatCutters	1.C.3.c	requiresWorkStyle	workStyleRequiredBy
onet	MeatCutters	1.C.4.a	requiresWorkStyle	workStyleRequiredBy
onet	MeatCutters	1.C.4.b	requiresWorkStyle	workStyleRequiredBy
onet	MeatCutters	1.C.4.c	requiresWorkStyle	workStyleRequiredBy
onet	MeatCutters	1.C.5.a	requiresWorkStyle	workStyleRequiredBy
onet	MeatCutters	1.C.5.b	requiresWorkStyle	workStyleRequiredBy
onet	MeatCutters	1.C.5.c	requiresWorkStyle	workStyleRequiredBy
onet	MeatCutters	1.C.6	requiresWorkStyle	workStyleRequiredBy
onet	MeatCutters	1.C.7.a	requiresWorkStyle	workStyleRequiredBy
onet	MeatCutters	1.C.7.b	requiresWorkStyle	workStyleRequiredBy
onet	MeatPackers	1.C.1.a	requiresWorkStyle	workStyleRequiredBy
onet	MeatPackers	1.C.1.b	requiresWorkStyle	workStyleRequiredBy
onet	MeatPackers	1.C.1.c	requiresWorkStyle	workStyleRequiredBy
onet	MeatPackers	1.C.2.b	requiresWorkStyle	workStyleRequiredBy
onet	MeatPackers	1.C.3.a	requiresWorkStyle	workStyleRequiredBy
onet	MeatPackers	1.C.3.b	requiresWorkStyle	workStyleRequiredBy
onet	MeatPackers	1.C.3.c	requiresWorkStyle	workStyleRequiredBy
onet	MeatPackers	1.C.4.a	requiresWorkStyle	workStyleRequiredBy
onet	MeatPackers	1.C.4.b	requiresWorkStyle	workStyleRequiredBy
onet	MeatPackers	1.C.4.c	requiresWorkStyle	workStyleRequiredBy
onet	MeatPackers	1.C.5.a	requiresWorkStyle	workStyleRequiredBy
onet	MeatPackers	1.C.5.b	requiresWorkStyle	workStyleRequiredBy
onet	MeatPackers	1.C.5.c	requiresWorkStyle	workStyleRequiredBy
onet	MeatPackers	1.C.6	requiresWorkStyle	workStyleRequiredBy
onet	MeatPackers	1.C.7.a	requiresWorkStyle	workStyleRequiredBy
onet	MeatPackers	1.C.7.b	requiresWorkStyle	workStyleRequiredBy
onet	MechanicalDoor	1.C.1.a	requiresWorkStyle	workStyleRequiredBy
onet	MechanicalDoor	1.C.1.b	requiresWorkStyle	workStyleRequiredBy
onet	MechanicalDoor	1.C.1.c	requiresWorkStyle	workStyleRequiredBy
onet	MechanicalDoor	1.C.2.b	requiresWorkStyle	workStyleRequiredBy
onet	MechanicalDoor	1.C.3.a	requiresWorkStyle	workStyleRequiredBy
onet	MechanicalDoor	1.C.3.b	requiresWorkStyle	workStyleRequiredBy
onet	MechanicalDoor	1.C.3.c	requiresWorkStyle	workStyleRequiredBy
onet	MechanicalDoor	1.C.4.a	requiresWorkStyle	workStyleRequiredBy
onet	MechanicalDoor	1.C.4.b	requiresWorkStyle	workStyleRequiredBy
onet	MechanicalDoor	1.C.4.c	requiresWorkStyle	workStyleRequiredBy
onet	MechanicalDoor	1.C.5.a	requiresWorkStyle	workStyleRequiredBy
onet	MechanicalDoor	1.C.5.b	requiresWorkStyle	workStyleRequiredBy
onet	MechanicalDoor	1.C.5.c	requiresWorkStyle	workStyleRequiredBy
onet	MechanicalDoor	1.C.6	requiresWorkStyle	workStyleRequiredBy
onet	MechanicalDoor	1.C.7.a	requiresWorkStyle	workStyleRequiredBy
onet	MechanicalDoor	1.C.7.b	requiresWorkStyle	workStyleRequiredBy
onet	MechanicalDoorRepairers	1.C.1.a	requiresWorkStyle	workStyleRequiredBy
onet	MechanicalDoorRepairers	1.C.1.b	requiresWorkStyle	workStyleRequiredBy
onet	MechanicalDoorRepairers	1.C.1.c	requiresWorkStyle	workStyleRequiredBy
onet	MechanicalDoorRepairers	1.C.2.b	requiresWorkStyle	workStyleRequiredBy
onet	MechanicalDoorRepairers	1.C.3.a	requiresWorkStyle	workStyleRequiredBy
onet	MechanicalDoorRepairers	1.C.3.b	requiresWorkStyle	workStyleRequiredBy
onet	MechanicalDoorRepairers	1.C.3.c	requiresWorkStyle	workStyleRequiredBy
onet	MechanicalDoorRepairers	1.C.4.a	requiresWorkStyle	workStyleRequiredBy
onet	MechanicalDoorRepairers	1.C.4.b	requiresWorkStyle	workStyleRequiredBy
onet	MechanicalDoorRepairers	1.C.4.c	requiresWorkStyle	workStyleRequiredBy
onet	MechanicalDoorRepairers	1.C.5.a	requiresWorkStyle	workStyleRequiredBy
onet	MechanicalDoorRepairers	1.C.5.b	requiresWorkStyle	workStyleRequiredBy
onet	MechanicalDoorRepairers	1.C.5.c	requiresWorkStyle	workStyleRequiredBy
onet	MechanicalDoorRepairers	1.C.6	requiresWorkStyle	workStyleRequiredBy
onet	MechanicalDoorRepairers	1.C.7.a	requiresWorkStyle	workStyleRequiredBy
onet	MechanicalDoorRepairers	1.C.7.b	requiresWorkStyle	workStyleRequiredBy
onet	MechanicalDrafters	1.C.1.a	requiresWorkStyle	workStyleRequiredBy
onet	MechanicalDrafters	1.C.1.b	requiresWorkStyle	workStyleRequiredBy
onet	MechanicalDrafters	1.C.1.c	requiresWorkStyle	workStyleRequiredBy
onet	MechanicalDrafters	1.C.2.b	requiresWorkStyle	workStyleRequiredBy
onet	MechanicalDrafters	1.C.3.a	requiresWorkStyle	workStyleRequiredBy
onet	MechanicalDrafters	1.C.3.b	requiresWorkStyle	workStyleRequiredBy
onet	MechanicalDrafters	1.C.3.c	requiresWorkStyle	workStyleRequiredBy
onet	MechanicalDrafters	1.C.4.a	requiresWorkStyle	workStyleRequiredBy
onet	MechanicalDrafters	1.C.4.b	requiresWorkStyle	workStyleRequiredBy
onet	MechanicalDrafters	1.C.4.c	requiresWorkStyle	workStyleRequiredBy
onet	MechanicalDrafters	1.C.5.a	requiresWorkStyle	workStyleRequiredBy
onet	MechanicalDrafters	1.C.5.b	requiresWorkStyle	workStyleRequiredBy
onet	MechanicalDrafters	1.C.5.c	requiresWorkStyle	workStyleRequiredBy
onet	MechanicalDrafters	1.C.6	requiresWorkStyle	workStyleRequiredBy
onet	MechanicalDrafters	1.C.7.a	requiresWorkStyle	workStyleRequiredBy
onet	MechanicalDrafters	1.C.7.b	requiresWorkStyle	workStyleRequiredBy
onet	MechanicalEngineers	1.C.1.a	requiresWorkStyle	workStyleRequiredBy
onet	MechanicalEngineers	1.C.1.b	requiresWorkStyle	workStyleRequiredBy
onet	MechanicalEngineers	1.C.1.c	requiresWorkStyle	workStyleRequiredBy
onet	MechanicalEngineers	1.C.2.b	requiresWorkStyle	workStyleRequiredBy
onet	MechanicalEngineers	1.C.3.a	requiresWorkStyle	workStyleRequiredBy
onet	MechanicalEngineers	1.C.3.b	requiresWorkStyle	workStyleRequiredBy
onet	MechanicalEngineers	1.C.3.c	requiresWorkStyle	workStyleRequiredBy
onet	MechanicalEngineers	1.C.4.a	requiresWorkStyle	workStyleRequiredBy
onet	MechanicalEngineers	1.C.4.b	requiresWorkStyle	workStyleRequiredBy
onet	MechanicalEngineers	1.C.4.c	requiresWorkStyle	workStyleRequiredBy
onet	MechanicalEngineers	1.C.5.a	requiresWorkStyle	workStyleRequiredBy
onet	MechanicalEngineers	1.C.5.b	requiresWorkStyle	workStyleRequiredBy
onet	MechanicalEngineers	1.C.5.c	requiresWorkStyle	workStyleRequiredBy
onet	MechanicalEngineers	1.C.6	requiresWorkStyle	workStyleRequiredBy
onet	MechanicalEngineers	1.C.7.a	requiresWorkStyle	workStyleRequiredBy
onet	MechanicalEngineers	1.C.7.b	requiresWorkStyle	workStyleRequiredBy
onet	Mechanics	1.C.1.a	requiresWorkStyle	workStyleRequiredBy
onet	Mechanics	1.C.1.b	requiresWorkStyle	workStyleRequiredBy
onet	Mechanics	1.C.1.c	requiresWorkStyle	workStyleRequiredBy
onet	Mechanics	1.C.2.b	requiresWorkStyle	workStyleRequiredBy
onet	Mechanics	1.C.3.a	requiresWorkStyle	workStyleRequiredBy
onet	Mechanics	1.C.3.b	requiresWorkStyle	workStyleRequiredBy
onet	Mechanics	1.C.3.c	requiresWorkStyle	workStyleRequiredBy
onet	Mechanics	1.C.4.a	requiresWorkStyle	workStyleRequiredBy
onet	Mechanics	1.C.4.b	requiresWorkStyle	workStyleRequiredBy
onet	Mechanics	1.C.4.c	requiresWorkStyle	workStyleRequiredBy
onet	Mechanics	1.C.5.a	requiresWorkStyle	workStyleRequiredBy
onet	Mechanics	1.C.5.b	requiresWorkStyle	workStyleRequiredBy
onet	Mechanics	1.C.5.c	requiresWorkStyle	workStyleRequiredBy
onet	Mechanics	1.C.6	requiresWorkStyle	workStyleRequiredBy
onet	Mechanics	1.C.7.a	requiresWorkStyle	workStyleRequiredBy
onet	Mechanics	1.C.7.b	requiresWorkStyle	workStyleRequiredBy
onet	MechatronicsEngineers	1.C.1.a	requiresWorkStyle	workStyleRequiredBy
onet	MechatronicsEngineers	1.C.1.b	requiresWorkStyle	workStyleRequiredBy
onet	MechatronicsEngineers	1.C.1.c	requiresWorkStyle	workStyleRequiredBy
onet	MechatronicsEngineers	1.C.2.b	requiresWorkStyle	workStyleRequiredBy
onet	MechatronicsEngineers	1.C.3.a	requiresWorkStyle	workStyleRequiredBy
onet	MechatronicsEngineers	1.C.3.b	requiresWorkStyle	workStyleRequiredBy
onet	MechatronicsEngineers	1.C.3.c	requiresWorkStyle	workStyleRequiredBy
onet	MechatronicsEngineers	1.C.4.a	requiresWorkStyle	workStyleRequiredBy
onet	MechatronicsEngineers	1.C.4.b	requiresWorkStyle	workStyleRequiredBy
onet	MechatronicsEngineers	1.C.4.c	requiresWorkStyle	workStyleRequiredBy
onet	MechatronicsEngineers	1.C.5.a	requiresWorkStyle	workStyleRequiredBy
onet	MechatronicsEngineers	1.C.5.b	requiresWorkStyle	workStyleRequiredBy
onet	MechatronicsEngineers	1.C.5.c	requiresWorkStyle	workStyleRequiredBy
onet	MechatronicsEngineers	1.C.6	requiresWorkStyle	workStyleRequiredBy
onet	MechatronicsEngineers	1.C.7.a	requiresWorkStyle	workStyleRequiredBy
onet	MechatronicsEngineers	1.C.7.b	requiresWorkStyle	workStyleRequiredBy
onet	MediaCollectionsSpecialists	1.C.1.a	requiresWorkStyle	workStyleRequiredBy
onet	MediaCollectionsSpecialists	1.C.1.b	requiresWorkStyle	workStyleRequiredBy
onet	MediaCollectionsSpecialists	1.C.1.c	requiresWorkStyle	workStyleRequiredBy
onet	MediaCollectionsSpecialists	1.C.2.b	requiresWorkStyle	workStyleRequiredBy
onet	MediaCollectionsSpecialists	1.C.3.a	requiresWorkStyle	workStyleRequiredBy
onet	MediaCollectionsSpecialists	1.C.3.b	requiresWorkStyle	workStyleRequiredBy
onet	MediaCollectionsSpecialists	1.C.3.c	requiresWorkStyle	workStyleRequiredBy
onet	MediaCollectionsSpecialists	1.C.4.a	requiresWorkStyle	workStyleRequiredBy
onet	MediaCollectionsSpecialists	1.C.4.b	requiresWorkStyle	workStyleRequiredBy
onet	MediaCollectionsSpecialists	1.C.4.c	requiresWorkStyle	workStyleRequiredBy
onet	MediaCollectionsSpecialists	1.C.5.a	requiresWorkStyle	workStyleRequiredBy
onet	MediaCollectionsSpecialists	1.C.5.b	requiresWorkStyle	workStyleRequiredBy
onet	MediaCollectionsSpecialists	1.C.5.c	requiresWorkStyle	workStyleRequiredBy
onet	MediaCollectionsSpecialists	1.C.6	requiresWorkStyle	workStyleRequiredBy
onet	MediaCollectionsSpecialists	1.C.7.a	requiresWorkStyle	workStyleRequiredBy
onet	MediaCollectionsSpecialists	1.C.7.b	requiresWorkStyle	workStyleRequiredBy
onet	MediaProgrammingDirectors	1.C.1.a	requiresWorkStyle	workStyleRequiredBy
onet	MediaProgrammingDirectors	1.C.1.b	requiresWorkStyle	workStyleRequiredBy
onet	MediaProgrammingDirectors	1.C.1.c	requiresWorkStyle	workStyleRequiredBy
onet	MediaProgrammingDirectors	1.C.2.b	requiresWorkStyle	workStyleRequiredBy
onet	MediaProgrammingDirectors	1.C.3.a	requiresWorkStyle	workStyleRequiredBy
onet	MediaProgrammingDirectors	1.C.3.b	requiresWorkStyle	workStyleRequiredBy
onet	MediaProgrammingDirectors	1.C.3.c	requiresWorkStyle	workStyleRequiredBy
onet	MediaProgrammingDirectors	1.C.4.a	requiresWorkStyle	workStyleRequiredBy
onet	MediaProgrammingDirectors	1.C.4.b	requiresWorkStyle	workStyleRequiredBy
onet	MediaProgrammingDirectors	1.C.4.c	requiresWorkStyle	workStyleRequiredBy
onet	MediaProgrammingDirectors	1.C.5.a	requiresWorkStyle	workStyleRequiredBy
onet	MediaProgrammingDirectors	1.C.5.b	requiresWorkStyle	workStyleRequiredBy
onet	MediaProgrammingDirectors	1.C.5.c	requiresWorkStyle	workStyleRequiredBy
onet	MediaProgrammingDirectors	1.C.6	requiresWorkStyle	workStyleRequiredBy
onet	MediaProgrammingDirectors	1.C.7.a	requiresWorkStyle	workStyleRequiredBy
onet	MediaProgrammingDirectors	1.C.7.b	requiresWorkStyle	workStyleRequiredBy
onet	MediaTechnicalDirectorsManagers	1.C.1.a	requiresWorkStyle	workStyleRequiredBy
onet	MediaTechnicalDirectorsManagers	1.C.1.b	requiresWorkStyle	workStyleRequiredBy
onet	MediaTechnicalDirectorsManagers	1.C.1.c	requiresWorkStyle	workStyleRequiredBy
onet	MediaTechnicalDirectorsManagers	1.C.2.b	requiresWorkStyle	workStyleRequiredBy
onet	MediaTechnicalDirectorsManagers	1.C.3.a	requiresWorkStyle	workStyleRequiredBy
onet	MediaTechnicalDirectorsManagers	1.C.3.b	requiresWorkStyle	workStyleRequiredBy
onet	MediaTechnicalDirectorsManagers	1.C.3.c	requiresWorkStyle	workStyleRequiredBy
onet	MediaTechnicalDirectorsManagers	1.C.4.a	requiresWorkStyle	workStyleRequiredBy
onet	MediaTechnicalDirectorsManagers	1.C.4.b	requiresWorkStyle	workStyleRequiredBy
onet	MediaTechnicalDirectorsManagers	1.C.4.c	requiresWorkStyle	workStyleRequiredBy
onet	MediaTechnicalDirectorsManagers	1.C.5.a	requiresWorkStyle	workStyleRequiredBy
onet	MediaTechnicalDirectorsManagers	1.C.5.b	requiresWorkStyle	workStyleRequiredBy
onet	MediaTechnicalDirectorsManagers	1.C.5.c	requiresWorkStyle	workStyleRequiredBy
onet	MediaTechnicalDirectorsManagers	1.C.6	requiresWorkStyle	workStyleRequiredBy
onet	MediaTechnicalDirectorsManagers	1.C.7.a	requiresWorkStyle	workStyleRequiredBy
onet	MediaTechnicalDirectorsManagers	1.C.7.b	requiresWorkStyle	workStyleRequiredBy
onet	MedicalApplianceTechnicians	1.C.1.a	requiresWorkStyle	workStyleRequiredBy
onet	MedicalApplianceTechnicians	1.C.1.b	requiresWorkStyle	workStyleRequiredBy
onet	MedicalApplianceTechnicians	1.C.1.c	requiresWorkStyle	workStyleRequiredBy
onet	MedicalApplianceTechnicians	1.C.2.b	requiresWorkStyle	workStyleRequiredBy
onet	MedicalApplianceTechnicians	1.C.3.a	requiresWorkStyle	workStyleRequiredBy
onet	MedicalApplianceTechnicians	1.C.3.b	requiresWorkStyle	workStyleRequiredBy
onet	MedicalApplianceTechnicians	1.C.3.c	requiresWorkStyle	workStyleRequiredBy
onet	MedicalApplianceTechnicians	1.C.4.a	requiresWorkStyle	workStyleRequiredBy
onet	MedicalApplianceTechnicians	1.C.4.b	requiresWorkStyle	workStyleRequiredBy
onet	MedicalApplianceTechnicians	1.C.4.c	requiresWorkStyle	workStyleRequiredBy
onet	MedicalApplianceTechnicians	1.C.5.a	requiresWorkStyle	workStyleRequiredBy
onet	MedicalApplianceTechnicians	1.C.5.b	requiresWorkStyle	workStyleRequiredBy
onet	MedicalApplianceTechnicians	1.C.5.c	requiresWorkStyle	workStyleRequiredBy
onet	MedicalApplianceTechnicians	1.C.6	requiresWorkStyle	workStyleRequiredBy
onet	MedicalApplianceTechnicians	1.C.7.a	requiresWorkStyle	workStyleRequiredBy
onet	MedicalApplianceTechnicians	1.C.7.b	requiresWorkStyle	workStyleRequiredBy
onet	MedicalAssistants	1.C.1.a	requiresWorkStyle	workStyleRequiredBy
onet	MedicalAssistants	1.C.1.b	requiresWorkStyle	workStyleRequiredBy
onet	MedicalAssistants	1.C.1.c	requiresWorkStyle	workStyleRequiredBy
onet	MedicalAssistants	1.C.2.b	requiresWorkStyle	workStyleRequiredBy
onet	MedicalAssistants	1.C.3.a	requiresWorkStyle	workStyleRequiredBy
onet	MedicalAssistants	1.C.3.b	requiresWorkStyle	workStyleRequiredBy
onet	MedicalAssistants	1.C.3.c	requiresWorkStyle	workStyleRequiredBy
onet	MedicalAssistants	1.C.4.a	requiresWorkStyle	workStyleRequiredBy
onet	MedicalAssistants	1.C.4.b	requiresWorkStyle	workStyleRequiredBy
onet	MedicalAssistants	1.C.4.c	requiresWorkStyle	workStyleRequiredBy
onet	MedicalAssistants	1.C.5.a	requiresWorkStyle	workStyleRequiredBy
onet	MedicalAssistants	1.C.5.b	requiresWorkStyle	workStyleRequiredBy
onet	MedicalAssistants	1.C.5.c	requiresWorkStyle	workStyleRequiredBy
onet	MedicalAssistants	1.C.6	requiresWorkStyle	workStyleRequiredBy
onet	MedicalAssistants	1.C.7.a	requiresWorkStyle	workStyleRequiredBy
onet	MedicalAssistants	1.C.7.b	requiresWorkStyle	workStyleRequiredBy
onet	MedicalDosimetrists	1.C.1.a	requiresWorkStyle	workStyleRequiredBy
onet	MedicalDosimetrists	1.C.1.b	requiresWorkStyle	workStyleRequiredBy
onet	MedicalDosimetrists	1.C.1.c	requiresWorkStyle	workStyleRequiredBy
onet	MedicalDosimetrists	1.C.2.b	requiresWorkStyle	workStyleRequiredBy
onet	MedicalDosimetrists	1.C.3.a	requiresWorkStyle	workStyleRequiredBy
onet	MedicalDosimetrists	1.C.3.b	requiresWorkStyle	workStyleRequiredBy
onet	MedicalDosimetrists	1.C.3.c	requiresWorkStyle	workStyleRequiredBy
onet	MedicalDosimetrists	1.C.4.a	requiresWorkStyle	workStyleRequiredBy
onet	MedicalDosimetrists	1.C.4.b	requiresWorkStyle	workStyleRequiredBy
onet	MedicalDosimetrists	1.C.4.c	requiresWorkStyle	workStyleRequiredBy
onet	MedicalDosimetrists	1.C.5.a	requiresWorkStyle	workStyleRequiredBy
onet	MedicalDosimetrists	1.C.5.b	requiresWorkStyle	workStyleRequiredBy
onet	MedicalDosimetrists	1.C.5.c	requiresWorkStyle	workStyleRequiredBy
onet	MedicalDosimetrists	1.C.6	requiresWorkStyle	workStyleRequiredBy
onet	MedicalDosimetrists	1.C.7.a	requiresWorkStyle	workStyleRequiredBy
onet	MedicalDosimetrists	1.C.7.b	requiresWorkStyle	workStyleRequiredBy
onet	MedicalEquipmentPreparers	1.C.1.a	requiresWorkStyle	workStyleRequiredBy
onet	MedicalEquipmentPreparers	1.C.1.b	requiresWorkStyle	workStyleRequiredBy
onet	MedicalEquipmentPreparers	1.C.1.c	requiresWorkStyle	workStyleRequiredBy
onet	MedicalEquipmentPreparers	1.C.2.b	requiresWorkStyle	workStyleRequiredBy
onet	MedicalEquipmentPreparers	1.C.3.a	requiresWorkStyle	workStyleRequiredBy
onet	MedicalEquipmentPreparers	1.C.3.b	requiresWorkStyle	workStyleRequiredBy
onet	MedicalEquipmentPreparers	1.C.3.c	requiresWorkStyle	workStyleRequiredBy
onet	MedicalEquipmentPreparers	1.C.4.a	requiresWorkStyle	workStyleRequiredBy
onet	MedicalEquipmentPreparers	1.C.4.b	requiresWorkStyle	workStyleRequiredBy
onet	MedicalEquipmentPreparers	1.C.4.c	requiresWorkStyle	workStyleRequiredBy
onet	MedicalEquipmentPreparers	1.C.5.a	requiresWorkStyle	workStyleRequiredBy
onet	MedicalEquipmentPreparers	1.C.5.b	requiresWorkStyle	workStyleRequiredBy
onet	MedicalEquipmentPreparers	1.C.5.c	requiresWorkStyle	workStyleRequiredBy
onet	MedicalEquipmentPreparers	1.C.6	requiresWorkStyle	workStyleRequiredBy
onet	MedicalEquipmentPreparers	1.C.7.a	requiresWorkStyle	workStyleRequiredBy
onet	MedicalEquipmentPreparers	1.C.7.b	requiresWorkStyle	workStyleRequiredBy
onet	MedicalEquipmentRepairers	1.C.1.a	requiresWorkStyle	workStyleRequiredBy
onet	MedicalEquipmentRepairers	1.C.1.b	requiresWorkStyle	workStyleRequiredBy
onet	MedicalEquipmentRepairers	1.C.1.c	requiresWorkStyle	workStyleRequiredBy
onet	MedicalEquipmentRepairers	1.C.2.b	requiresWorkStyle	workStyleRequiredBy
onet	MedicalEquipmentRepairers	1.C.3.a	requiresWorkStyle	workStyleRequiredBy
onet	MedicalEquipmentRepairers	1.C.3.b	requiresWorkStyle	workStyleRequiredBy
onet	MedicalEquipmentRepairers	1.C.3.c	requiresWorkStyle	workStyleRequiredBy
onet	MedicalEquipmentRepairers	1.C.4.a	requiresWorkStyle	workStyleRequiredBy
onet	MedicalEquipmentRepairers	1.C.4.b	requiresWorkStyle	workStyleRequiredBy
onet	MedicalEquipmentRepairers	1.C.4.c	requiresWorkStyle	workStyleRequiredBy
onet	MedicalEquipmentRepairers	1.C.5.a	requiresWorkStyle	workStyleRequiredBy
onet	MedicalEquipmentRepairers	1.C.5.b	requiresWorkStyle	workStyleRequiredBy
onet	MedicalEquipmentRepairers	1.C.5.c	requiresWorkStyle	workStyleRequiredBy
onet	MedicalEquipmentRepairers	1.C.6	requiresWorkStyle	workStyleRequiredBy
onet	MedicalEquipmentRepairers	1.C.7.a	requiresWorkStyle	workStyleRequiredBy
onet	MedicalEquipmentRepairers	1.C.7.b	requiresWorkStyle	workStyleRequiredBy
onet	MedicalTranscriptionists	1.C.1.a	requiresWorkStyle	workStyleRequiredBy
onet	MedicalTranscriptionists	1.C.1.b	requiresWorkStyle	workStyleRequiredBy
onet	MedicalTranscriptionists	1.C.1.c	requiresWorkStyle	workStyleRequiredBy
onet	MedicalTranscriptionists	1.C.2.b	requiresWorkStyle	workStyleRequiredBy
onet	MedicalTranscriptionists	1.C.3.a	requiresWorkStyle	workStyleRequiredBy
onet	MedicalTranscriptionists	1.C.3.b	requiresWorkStyle	workStyleRequiredBy
onet	MedicalTranscriptionists	1.C.3.c	requiresWorkStyle	workStyleRequiredBy
onet	MedicalTranscriptionists	1.C.4.a	requiresWorkStyle	workStyleRequiredBy
onet	MedicalTranscriptionists	1.C.4.b	requiresWorkStyle	workStyleRequiredBy
onet	MedicalTranscriptionists	1.C.4.c	requiresWorkStyle	workStyleRequiredBy
onet	MedicalTranscriptionists	1.C.5.a	requiresWorkStyle	workStyleRequiredBy
onet	MedicalTranscriptionists	1.C.5.b	requiresWorkStyle	workStyleRequiredBy
onet	MedicalTranscriptionists	1.C.5.c	requiresWorkStyle	workStyleRequiredBy
onet	MedicalTranscriptionists	1.C.6	requiresWorkStyle	workStyleRequiredBy
onet	MedicalTranscriptionists	1.C.7.a	requiresWorkStyle	workStyleRequiredBy
onet	MedicalTranscriptionists	1.C.7.b	requiresWorkStyle	workStyleRequiredBy
onet	MentalHealthCounselors	1.C.1.a	requiresWorkStyle	workStyleRequiredBy
onet	MentalHealthCounselors	1.C.1.b	requiresWorkStyle	workStyleRequiredBy
onet	MentalHealthCounselors	1.C.1.c	requiresWorkStyle	workStyleRequiredBy
onet	MentalHealthCounselors	1.C.2.b	requiresWorkStyle	workStyleRequiredBy
onet	MentalHealthCounselors	1.C.3.a	requiresWorkStyle	workStyleRequiredBy
onet	MentalHealthCounselors	1.C.3.b	requiresWorkStyle	workStyleRequiredBy
onet	MentalHealthCounselors	1.C.3.c	requiresWorkStyle	workStyleRequiredBy
onet	MentalHealthCounselors	1.C.4.a	requiresWorkStyle	workStyleRequiredBy
onet	MentalHealthCounselors	1.C.4.b	requiresWorkStyle	workStyleRequiredBy
onet	MentalHealthCounselors	1.C.4.c	requiresWorkStyle	workStyleRequiredBy
onet	MentalHealthCounselors	1.C.5.a	requiresWorkStyle	workStyleRequiredBy
onet	MentalHealthCounselors	1.C.5.b	requiresWorkStyle	workStyleRequiredBy
onet	MentalHealthCounselors	1.C.5.c	requiresWorkStyle	workStyleRequiredBy
onet	MentalHealthCounselors	1.C.6	requiresWorkStyle	workStyleRequiredBy
onet	MentalHealthCounselors	1.C.7.a	requiresWorkStyle	workStyleRequiredBy
onet	MentalHealthCounselors	1.C.7.b	requiresWorkStyle	workStyleRequiredBy
onet	Messengers	1.C.1.a	requiresWorkStyle	workStyleRequiredBy
onet	Messengers	1.C.1.b	requiresWorkStyle	workStyleRequiredBy
onet	Messengers	1.C.1.c	requiresWorkStyle	workStyleRequiredBy
onet	Messengers	1.C.2.b	requiresWorkStyle	workStyleRequiredBy
onet	Messengers	1.C.3.a	requiresWorkStyle	workStyleRequiredBy
onet	Messengers	1.C.3.b	requiresWorkStyle	workStyleRequiredBy
onet	Messengers	1.C.3.c	requiresWorkStyle	workStyleRequiredBy
onet	Messengers	1.C.4.a	requiresWorkStyle	workStyleRequiredBy
onet	Messengers	1.C.4.b	requiresWorkStyle	workStyleRequiredBy
onet	Messengers	1.C.4.c	requiresWorkStyle	workStyleRequiredBy
onet	Messengers	1.C.5.a	requiresWorkStyle	workStyleRequiredBy
onet	Messengers	1.C.5.b	requiresWorkStyle	workStyleRequiredBy
onet	Messengers	1.C.5.c	requiresWorkStyle	workStyleRequiredBy
onet	Messengers	1.C.6	requiresWorkStyle	workStyleRequiredBy
onet	Messengers	1.C.7.a	requiresWorkStyle	workStyleRequiredBy
onet	Messengers	1.C.7.b	requiresWorkStyle	workStyleRequiredBy
onet	MetalWorkers	1.C.1.a	requiresWorkStyle	workStyleRequiredBy
onet	MetalWorkers	1.C.1.b	requiresWorkStyle	workStyleRequiredBy
onet	MetalWorkers	1.C.1.c	requiresWorkStyle	workStyleRequiredBy
onet	MetalWorkers	1.C.2.b	requiresWorkStyle	workStyleRequiredBy
onet	MetalWorkers	1.C.3.a	requiresWorkStyle	workStyleRequiredBy
onet	MetalWorkers	1.C.3.b	requiresWorkStyle	workStyleRequiredBy
onet	MetalWorkers	1.C.3.c	requiresWorkStyle	workStyleRequiredBy
onet	MetalWorkers	1.C.4.a	requiresWorkStyle	workStyleRequiredBy
onet	MetalWorkers	1.C.4.b	requiresWorkStyle	workStyleRequiredBy
onet	MetalWorkers	1.C.4.c	requiresWorkStyle	workStyleRequiredBy
onet	MetalWorkers	1.C.5.a	requiresWorkStyle	workStyleRequiredBy
onet	MetalWorkers	1.C.5.b	requiresWorkStyle	workStyleRequiredBy
onet	MetalWorkers	1.C.5.c	requiresWorkStyle	workStyleRequiredBy
onet	MetalWorkers	1.C.6	requiresWorkStyle	workStyleRequiredBy
onet	MetalWorkers	1.C.7.a	requiresWorkStyle	workStyleRequiredBy
onet	MetalWorkers	1.C.7.b	requiresWorkStyle	workStyleRequiredBy
onet	MeterReadersUtilities	1.C.1.a	requiresWorkStyle	workStyleRequiredBy
onet	MeterReadersUtilities	1.C.1.b	requiresWorkStyle	workStyleRequiredBy
onet	MeterReadersUtilities	1.C.1.c	requiresWorkStyle	workStyleRequiredBy
onet	MeterReadersUtilities	1.C.2.b	requiresWorkStyle	workStyleRequiredBy
onet	MeterReadersUtilities	1.C.3.a	requiresWorkStyle	workStyleRequiredBy
onet	MeterReadersUtilities	1.C.3.b	requiresWorkStyle	workStyleRequiredBy
onet	MeterReadersUtilities	1.C.3.c	requiresWorkStyle	workStyleRequiredBy
onet	MeterReadersUtilities	1.C.4.a	requiresWorkStyle	workStyleRequiredBy
onet	MeterReadersUtilities	1.C.4.b	requiresWorkStyle	workStyleRequiredBy
onet	MeterReadersUtilities	1.C.4.c	requiresWorkStyle	workStyleRequiredBy
onet	MeterReadersUtilities	1.C.5.a	requiresWorkStyle	workStyleRequiredBy
onet	MeterReadersUtilities	1.C.5.b	requiresWorkStyle	workStyleRequiredBy
onet	MeterReadersUtilities	1.C.5.c	requiresWorkStyle	workStyleRequiredBy
onet	MeterReadersUtilities	1.C.6	requiresWorkStyle	workStyleRequiredBy
onet	MeterReadersUtilities	1.C.7.a	requiresWorkStyle	workStyleRequiredBy
onet	MeterReadersUtilities	1.C.7.b	requiresWorkStyle	workStyleRequiredBy
onet	Microbiologists	1.C.1.a	requiresWorkStyle	workStyleRequiredBy
onet	Microbiologists	1.C.1.b	requiresWorkStyle	workStyleRequiredBy
onet	Microbiologists	1.C.1.c	requiresWorkStyle	workStyleRequiredBy
onet	Microbiologists	1.C.2.b	requiresWorkStyle	workStyleRequiredBy
onet	Microbiologists	1.C.3.a	requiresWorkStyle	workStyleRequiredBy
onet	Microbiologists	1.C.3.b	requiresWorkStyle	workStyleRequiredBy
onet	Microbiologists	1.C.3.c	requiresWorkStyle	workStyleRequiredBy
onet	Microbiologists	1.C.4.a	requiresWorkStyle	workStyleRequiredBy
onet	Microbiologists	1.C.4.b	requiresWorkStyle	workStyleRequiredBy
onet	Microbiologists	1.C.4.c	requiresWorkStyle	workStyleRequiredBy
onet	Microbiologists	1.C.5.a	requiresWorkStyle	workStyleRequiredBy
onet	Microbiologists	1.C.5.b	requiresWorkStyle	workStyleRequiredBy
onet	Microbiologists	1.C.5.c	requiresWorkStyle	workStyleRequiredBy
onet	Microbiologists	1.C.6	requiresWorkStyle	workStyleRequiredBy
onet	Microbiologists	1.C.7.a	requiresWorkStyle	workStyleRequiredBy
onet	Microbiologists	1.C.7.b	requiresWorkStyle	workStyleRequiredBy
onet	MicrosystemsEngineers	1.C.1.a	requiresWorkStyle	workStyleRequiredBy
onet	MicrosystemsEngineers	1.C.1.b	requiresWorkStyle	workStyleRequiredBy
onet	MicrosystemsEngineers	1.C.1.c	requiresWorkStyle	workStyleRequiredBy
onet	MicrosystemsEngineers	1.C.2.b	requiresWorkStyle	workStyleRequiredBy
onet	MicrosystemsEngineers	1.C.3.a	requiresWorkStyle	workStyleRequiredBy
onet	MicrosystemsEngineers	1.C.3.b	requiresWorkStyle	workStyleRequiredBy
onet	MicrosystemsEngineers	1.C.3.c	requiresWorkStyle	workStyleRequiredBy
onet	MicrosystemsEngineers	1.C.4.a	requiresWorkStyle	workStyleRequiredBy
onet	MicrosystemsEngineers	1.C.4.b	requiresWorkStyle	workStyleRequiredBy
onet	MicrosystemsEngineers	1.C.4.c	requiresWorkStyle	workStyleRequiredBy
onet	MicrosystemsEngineers	1.C.5.a	requiresWorkStyle	workStyleRequiredBy
onet	MicrosystemsEngineers	1.C.5.b	requiresWorkStyle	workStyleRequiredBy
onet	MicrosystemsEngineers	1.C.5.c	requiresWorkStyle	workStyleRequiredBy
onet	MicrosystemsEngineers	1.C.6	requiresWorkStyle	workStyleRequiredBy
onet	MicrosystemsEngineers	1.C.7.a	requiresWorkStyle	workStyleRequiredBy
onet	MicrosystemsEngineers	1.C.7.b	requiresWorkStyle	workStyleRequiredBy
onet	Midwives	1.C.1.a	requiresWorkStyle	workStyleRequiredBy
onet	Midwives	1.C.1.b	requiresWorkStyle	workStyleRequiredBy
onet	Midwives	1.C.1.c	requiresWorkStyle	workStyleRequiredBy
onet	Midwives	1.C.2.b	requiresWorkStyle	workStyleRequiredBy
onet	Midwives	1.C.3.a	requiresWorkStyle	workStyleRequiredBy
onet	Midwives	1.C.3.b	requiresWorkStyle	workStyleRequiredBy
onet	Midwives	1.C.3.c	requiresWorkStyle	workStyleRequiredBy
onet	Midwives	1.C.4.a	requiresWorkStyle	workStyleRequiredBy
onet	Midwives	1.C.4.b	requiresWorkStyle	workStyleRequiredBy
onet	Midwives	1.C.4.c	requiresWorkStyle	workStyleRequiredBy
onet	Midwives	1.C.5.a	requiresWorkStyle	workStyleRequiredBy
onet	Midwives	1.C.5.b	requiresWorkStyle	workStyleRequiredBy
onet	Midwives	1.C.5.c	requiresWorkStyle	workStyleRequiredBy
onet	Midwives	1.C.6	requiresWorkStyle	workStyleRequiredBy
onet	Midwives	1.C.7.a	requiresWorkStyle	workStyleRequiredBy
onet	Midwives	1.C.7.b	requiresWorkStyle	workStyleRequiredBy
onet	Millwrights	1.C.1.a	requiresWorkStyle	workStyleRequiredBy
onet	Millwrights	1.C.1.b	requiresWorkStyle	workStyleRequiredBy
onet	Millwrights	1.C.1.c	requiresWorkStyle	workStyleRequiredBy
onet	Millwrights	1.C.2.b	requiresWorkStyle	workStyleRequiredBy
onet	Millwrights	1.C.3.a	requiresWorkStyle	workStyleRequiredBy
onet	Millwrights	1.C.3.b	requiresWorkStyle	workStyleRequiredBy
onet	Millwrights	1.C.3.c	requiresWorkStyle	workStyleRequiredBy
onet	Millwrights	1.C.4.a	requiresWorkStyle	workStyleRequiredBy
onet	Millwrights	1.C.4.b	requiresWorkStyle	workStyleRequiredBy
onet	Millwrights	1.C.4.c	requiresWorkStyle	workStyleRequiredBy
onet	Millwrights	1.C.5.a	requiresWorkStyle	workStyleRequiredBy
onet	Millwrights	1.C.5.b	requiresWorkStyle	workStyleRequiredBy
onet	Millwrights	1.C.5.c	requiresWorkStyle	workStyleRequiredBy
onet	Millwrights	1.C.6	requiresWorkStyle	workStyleRequiredBy
onet	Millwrights	1.C.7.a	requiresWorkStyle	workStyleRequiredBy
onet	Millwrights	1.C.7.b	requiresWorkStyle	workStyleRequiredBy
onet	MiningSafetyEngineers	1.C.1.a	requiresWorkStyle	workStyleRequiredBy
onet	MiningSafetyEngineers	1.C.1.b	requiresWorkStyle	workStyleRequiredBy
onet	MiningSafetyEngineers	1.C.1.c	requiresWorkStyle	workStyleRequiredBy
onet	MiningSafetyEngineers	1.C.2.b	requiresWorkStyle	workStyleRequiredBy
onet	MiningSafetyEngineers	1.C.3.a	requiresWorkStyle	workStyleRequiredBy
onet	MiningSafetyEngineers	1.C.3.b	requiresWorkStyle	workStyleRequiredBy
onet	MiningSafetyEngineers	1.C.3.c	requiresWorkStyle	workStyleRequiredBy
onet	MiningSafetyEngineers	1.C.4.a	requiresWorkStyle	workStyleRequiredBy
onet	MiningSafetyEngineers	1.C.4.b	requiresWorkStyle	workStyleRequiredBy
onet	MiningSafetyEngineers	1.C.4.c	requiresWorkStyle	workStyleRequiredBy
onet	MiningSafetyEngineers	1.C.5.a	requiresWorkStyle	workStyleRequiredBy
onet	MiningSafetyEngineers	1.C.5.b	requiresWorkStyle	workStyleRequiredBy
onet	MiningSafetyEngineers	1.C.5.c	requiresWorkStyle	workStyleRequiredBy
onet	MiningSafetyEngineers	1.C.6	requiresWorkStyle	workStyleRequiredBy
onet	MiningSafetyEngineers	1.C.7.a	requiresWorkStyle	workStyleRequiredBy
onet	MiningSafetyEngineers	1.C.7.b	requiresWorkStyle	workStyleRequiredBy
onet	MobileHomeInstallers	1.C.1.a	requiresWorkStyle	workStyleRequiredBy
onet	MobileHomeInstallers	1.C.1.b	requiresWorkStyle	workStyleRequiredBy
onet	MobileHomeInstallers	1.C.1.c	requiresWorkStyle	workStyleRequiredBy
onet	MobileHomeInstallers	1.C.2.b	requiresWorkStyle	workStyleRequiredBy
onet	MobileHomeInstallers	1.C.3.a	requiresWorkStyle	workStyleRequiredBy
onet	MobileHomeInstallers	1.C.3.b	requiresWorkStyle	workStyleRequiredBy
onet	MobileHomeInstallers	1.C.3.c	requiresWorkStyle	workStyleRequiredBy
onet	MobileHomeInstallers	1.C.4.a	requiresWorkStyle	workStyleRequiredBy
onet	MobileHomeInstallers	1.C.4.b	requiresWorkStyle	workStyleRequiredBy
onet	MobileHomeInstallers	1.C.4.c	requiresWorkStyle	workStyleRequiredBy
onet	MobileHomeInstallers	1.C.5.a	requiresWorkStyle	workStyleRequiredBy
onet	MobileHomeInstallers	1.C.5.b	requiresWorkStyle	workStyleRequiredBy
onet	MobileHomeInstallers	1.C.5.c	requiresWorkStyle	workStyleRequiredBy
onet	MobileHomeInstallers	1.C.6	requiresWorkStyle	workStyleRequiredBy
onet	MobileHomeInstallers	1.C.7.a	requiresWorkStyle	workStyleRequiredBy
onet	MobileHomeInstallers	1.C.7.b	requiresWorkStyle	workStyleRequiredBy
onet	ModelMakersWood	1.C.1.a	requiresWorkStyle	workStyleRequiredBy
onet	ModelMakersWood	1.C.1.b	requiresWorkStyle	workStyleRequiredBy
onet	ModelMakersWood	1.C.1.c	requiresWorkStyle	workStyleRequiredBy
onet	ModelMakersWood	1.C.2.b	requiresWorkStyle	workStyleRequiredBy
onet	ModelMakersWood	1.C.3.a	requiresWorkStyle	workStyleRequiredBy
onet	ModelMakersWood	1.C.3.b	requiresWorkStyle	workStyleRequiredBy
onet	ModelMakersWood	1.C.3.c	requiresWorkStyle	workStyleRequiredBy
onet	ModelMakersWood	1.C.4.a	requiresWorkStyle	workStyleRequiredBy
onet	ModelMakersWood	1.C.4.b	requiresWorkStyle	workStyleRequiredBy
onet	ModelMakersWood	1.C.4.c	requiresWorkStyle	workStyleRequiredBy
onet	ModelMakersWood	1.C.5.a	requiresWorkStyle	workStyleRequiredBy
onet	ModelMakersWood	1.C.5.b	requiresWorkStyle	workStyleRequiredBy
onet	ModelMakersWood	1.C.5.c	requiresWorkStyle	workStyleRequiredBy
onet	ModelMakersWood	1.C.6	requiresWorkStyle	workStyleRequiredBy
onet	ModelMakersWood	1.C.7.a	requiresWorkStyle	workStyleRequiredBy
onet	ModelMakersWood	1.C.7.b	requiresWorkStyle	workStyleRequiredBy
onet	Models	1.C.1.a	requiresWorkStyle	workStyleRequiredBy
onet	Models	1.C.1.b	requiresWorkStyle	workStyleRequiredBy
onet	Models	1.C.1.c	requiresWorkStyle	workStyleRequiredBy
onet	Models	1.C.2.b	requiresWorkStyle	workStyleRequiredBy
onet	Models	1.C.3.a	requiresWorkStyle	workStyleRequiredBy
onet	Models	1.C.3.b	requiresWorkStyle	workStyleRequiredBy
onet	Models	1.C.3.c	requiresWorkStyle	workStyleRequiredBy
onet	Models	1.C.4.a	requiresWorkStyle	workStyleRequiredBy
onet	Models	1.C.4.b	requiresWorkStyle	workStyleRequiredBy
onet	Models	1.C.4.c	requiresWorkStyle	workStyleRequiredBy
onet	Models	1.C.5.a	requiresWorkStyle	workStyleRequiredBy
onet	Models	1.C.5.b	requiresWorkStyle	workStyleRequiredBy
onet	Models	1.C.5.c	requiresWorkStyle	workStyleRequiredBy
onet	Models	1.C.6	requiresWorkStyle	workStyleRequiredBy
onet	Models	1.C.7.a	requiresWorkStyle	workStyleRequiredBy
onet	Models	1.C.7.b	requiresWorkStyle	workStyleRequiredBy
onet	MotionPictureProjectionists	1.C.1.a	requiresWorkStyle	workStyleRequiredBy
onet	MotionPictureProjectionists	1.C.1.b	requiresWorkStyle	workStyleRequiredBy
onet	MotionPictureProjectionists	1.C.1.c	requiresWorkStyle	workStyleRequiredBy
onet	MotionPictureProjectionists	1.C.2.b	requiresWorkStyle	workStyleRequiredBy
onet	MotionPictureProjectionists	1.C.3.a	requiresWorkStyle	workStyleRequiredBy
onet	MotionPictureProjectionists	1.C.3.b	requiresWorkStyle	workStyleRequiredBy
onet	MotionPictureProjectionists	1.C.3.c	requiresWorkStyle	workStyleRequiredBy
onet	MotionPictureProjectionists	1.C.4.a	requiresWorkStyle	workStyleRequiredBy
onet	MotionPictureProjectionists	1.C.4.b	requiresWorkStyle	workStyleRequiredBy
onet	MotionPictureProjectionists	1.C.4.c	requiresWorkStyle	workStyleRequiredBy
onet	MotionPictureProjectionists	1.C.5.a	requiresWorkStyle	workStyleRequiredBy
onet	MotionPictureProjectionists	1.C.5.b	requiresWorkStyle	workStyleRequiredBy
onet	MotionPictureProjectionists	1.C.5.c	requiresWorkStyle	workStyleRequiredBy
onet	MotionPictureProjectionists	1.C.6	requiresWorkStyle	workStyleRequiredBy
onet	MotionPictureProjectionists	1.C.7.a	requiresWorkStyle	workStyleRequiredBy
onet	MotionPictureProjectionists	1.C.7.b	requiresWorkStyle	workStyleRequiredBy
onet	MotorboatOperators	1.C.1.a	requiresWorkStyle	workStyleRequiredBy
onet	MotorboatOperators	1.C.1.b	requiresWorkStyle	workStyleRequiredBy
onet	MotorboatOperators	1.C.1.c	requiresWorkStyle	workStyleRequiredBy
onet	MotorboatOperators	1.C.2.b	requiresWorkStyle	workStyleRequiredBy
onet	MotorboatOperators	1.C.3.a	requiresWorkStyle	workStyleRequiredBy
onet	MotorboatOperators	1.C.3.b	requiresWorkStyle	workStyleRequiredBy
onet	MotorboatOperators	1.C.3.c	requiresWorkStyle	workStyleRequiredBy
onet	MotorboatOperators	1.C.4.a	requiresWorkStyle	workStyleRequiredBy
onet	MotorboatOperators	1.C.4.b	requiresWorkStyle	workStyleRequiredBy
onet	MotorboatOperators	1.C.4.c	requiresWorkStyle	workStyleRequiredBy
onet	MotorboatOperators	1.C.5.a	requiresWorkStyle	workStyleRequiredBy
onet	MotorboatOperators	1.C.5.b	requiresWorkStyle	workStyleRequiredBy
onet	MotorboatOperators	1.C.5.c	requiresWorkStyle	workStyleRequiredBy
onet	MotorboatOperators	1.C.6	requiresWorkStyle	workStyleRequiredBy
onet	MotorboatOperators	1.C.7.a	requiresWorkStyle	workStyleRequiredBy
onet	MotorboatOperators	1.C.7.b	requiresWorkStyle	workStyleRequiredBy
onet	MotorcycleMechanics	1.C.1.a	requiresWorkStyle	workStyleRequiredBy
onet	MotorcycleMechanics	1.C.1.b	requiresWorkStyle	workStyleRequiredBy
onet	MotorcycleMechanics	1.C.1.c	requiresWorkStyle	workStyleRequiredBy
onet	MotorcycleMechanics	1.C.2.b	requiresWorkStyle	workStyleRequiredBy
onet	MotorcycleMechanics	1.C.3.a	requiresWorkStyle	workStyleRequiredBy
onet	MotorcycleMechanics	1.C.3.b	requiresWorkStyle	workStyleRequiredBy
onet	MotorcycleMechanics	1.C.3.c	requiresWorkStyle	workStyleRequiredBy
onet	MotorcycleMechanics	1.C.4.a	requiresWorkStyle	workStyleRequiredBy
onet	MotorcycleMechanics	1.C.4.b	requiresWorkStyle	workStyleRequiredBy
onet	MotorcycleMechanics	1.C.4.c	requiresWorkStyle	workStyleRequiredBy
onet	MotorcycleMechanics	1.C.5.a	requiresWorkStyle	workStyleRequiredBy
onet	MotorcycleMechanics	1.C.5.b	requiresWorkStyle	workStyleRequiredBy
onet	MotorcycleMechanics	1.C.5.c	requiresWorkStyle	workStyleRequiredBy
onet	MotorcycleMechanics	1.C.6	requiresWorkStyle	workStyleRequiredBy
onet	MotorcycleMechanics	1.C.7.a	requiresWorkStyle	workStyleRequiredBy
onet	MotorcycleMechanics	1.C.7.b	requiresWorkStyle	workStyleRequiredBy
onet	MovingMachineOperatorsUndergroundMining	1.C.1.a	requiresWorkStyle	workStyleRequiredBy
onet	MovingMachineOperatorsUndergroundMining	1.C.1.b	requiresWorkStyle	workStyleRequiredBy
onet	MovingMachineOperatorsUndergroundMining	1.C.1.c	requiresWorkStyle	workStyleRequiredBy
onet	MovingMachineOperatorsUndergroundMining	1.C.2.b	requiresWorkStyle	workStyleRequiredBy
onet	MovingMachineOperatorsUndergroundMining	1.C.3.a	requiresWorkStyle	workStyleRequiredBy
onet	MovingMachineOperatorsUndergroundMining	1.C.3.b	requiresWorkStyle	workStyleRequiredBy
onet	MovingMachineOperatorsUndergroundMining	1.C.3.c	requiresWorkStyle	workStyleRequiredBy
onet	MovingMachineOperatorsUndergroundMining	1.C.4.a	requiresWorkStyle	workStyleRequiredBy
onet	MovingMachineOperatorsUndergroundMining	1.C.4.b	requiresWorkStyle	workStyleRequiredBy
onet	MovingMachineOperatorsUndergroundMining	1.C.4.c	requiresWorkStyle	workStyleRequiredBy
onet	MovingMachineOperatorsUndergroundMining	1.C.5.a	requiresWorkStyle	workStyleRequiredBy
onet	MovingMachineOperatorsUndergroundMining	1.C.5.b	requiresWorkStyle	workStyleRequiredBy
onet	MovingMachineOperatorsUndergroundMining	1.C.5.c	requiresWorkStyle	workStyleRequiredBy
onet	MovingMachineOperatorsUndergroundMining	1.C.6	requiresWorkStyle	workStyleRequiredBy
onet	MovingMachineOperatorsUndergroundMining	1.C.7.a	requiresWorkStyle	workStyleRequiredBy
onet	MovingMachineOperatorsUndergroundMining	1.C.7.b	requiresWorkStyle	workStyleRequiredBy
onet	MusicTeachersPostsecondary	1.C.1.a	requiresWorkStyle	workStyleRequiredBy
onet	MusicTeachersPostsecondary	1.C.1.b	requiresWorkStyle	workStyleRequiredBy
onet	MusicTeachersPostsecondary	1.C.1.c	requiresWorkStyle	workStyleRequiredBy
onet	MusicTeachersPostsecondary	1.C.2.b	requiresWorkStyle	workStyleRequiredBy
onet	MusicTeachersPostsecondary	1.C.3.a	requiresWorkStyle	workStyleRequiredBy
onet	MusicTeachersPostsecondary	1.C.3.b	requiresWorkStyle	workStyleRequiredBy
onet	MusicTeachersPostsecondary	1.C.3.c	requiresWorkStyle	workStyleRequiredBy
onet	MusicTeachersPostsecondary	1.C.4.a	requiresWorkStyle	workStyleRequiredBy
onet	MusicTeachersPostsecondary	1.C.4.b	requiresWorkStyle	workStyleRequiredBy
onet	MusicTeachersPostsecondary	1.C.4.c	requiresWorkStyle	workStyleRequiredBy
onet	MusicTeachersPostsecondary	1.C.5.a	requiresWorkStyle	workStyleRequiredBy
onet	MusicTeachersPostsecondary	1.C.5.b	requiresWorkStyle	workStyleRequiredBy
onet	MusicTeachersPostsecondary	1.C.5.c	requiresWorkStyle	workStyleRequiredBy
onet	MusicTeachersPostsecondary	1.C.6	requiresWorkStyle	workStyleRequiredBy
onet	MusicTeachersPostsecondary	1.C.7.a	requiresWorkStyle	workStyleRequiredBy
onet	MusicTeachersPostsecondary	1.C.7.b	requiresWorkStyle	workStyleRequiredBy
onet	MusicTherapists	1.C.1.a	requiresWorkStyle	workStyleRequiredBy
onet	MusicTherapists	1.C.1.b	requiresWorkStyle	workStyleRequiredBy
onet	MusicTherapists	1.C.1.c	requiresWorkStyle	workStyleRequiredBy
onet	MusicTherapists	1.C.2.b	requiresWorkStyle	workStyleRequiredBy
onet	MusicTherapists	1.C.3.a	requiresWorkStyle	workStyleRequiredBy
onet	MusicTherapists	1.C.3.b	requiresWorkStyle	workStyleRequiredBy
onet	MusicTherapists	1.C.3.c	requiresWorkStyle	workStyleRequiredBy
onet	MusicTherapists	1.C.4.a	requiresWorkStyle	workStyleRequiredBy
onet	MusicTherapists	1.C.4.b	requiresWorkStyle	workStyleRequiredBy
onet	MusicTherapists	1.C.4.c	requiresWorkStyle	workStyleRequiredBy
onet	MusicTherapists	1.C.5.a	requiresWorkStyle	workStyleRequiredBy
onet	MusicTherapists	1.C.5.b	requiresWorkStyle	workStyleRequiredBy
onet	MusicTherapists	1.C.5.c	requiresWorkStyle	workStyleRequiredBy
onet	MusicTherapists	1.C.6	requiresWorkStyle	workStyleRequiredBy
onet	MusicTherapists	1.C.7.a	requiresWorkStyle	workStyleRequiredBy
onet	MusicTherapists	1.C.7.b	requiresWorkStyle	workStyleRequiredBy
onet	Nannies	1.C.1.a	requiresWorkStyle	workStyleRequiredBy
onet	Nannies	1.C.1.b	requiresWorkStyle	workStyleRequiredBy
onet	Nannies	1.C.1.c	requiresWorkStyle	workStyleRequiredBy
onet	Nannies	1.C.2.b	requiresWorkStyle	workStyleRequiredBy
onet	Nannies	1.C.3.a	requiresWorkStyle	workStyleRequiredBy
onet	Nannies	1.C.3.b	requiresWorkStyle	workStyleRequiredBy
onet	Nannies	1.C.3.c	requiresWorkStyle	workStyleRequiredBy
onet	Nannies	1.C.4.a	requiresWorkStyle	workStyleRequiredBy
onet	Nannies	1.C.4.b	requiresWorkStyle	workStyleRequiredBy
onet	Nannies	1.C.4.c	requiresWorkStyle	workStyleRequiredBy
onet	Nannies	1.C.5.a	requiresWorkStyle	workStyleRequiredBy
onet	Nannies	1.C.5.b	requiresWorkStyle	workStyleRequiredBy
onet	Nannies	1.C.5.c	requiresWorkStyle	workStyleRequiredBy
onet	Nannies	1.C.6	requiresWorkStyle	workStyleRequiredBy
onet	Nannies	1.C.7.a	requiresWorkStyle	workStyleRequiredBy
onet	Nannies	1.C.7.b	requiresWorkStyle	workStyleRequiredBy
onet	NanosystemsEngineers	1.C.1.a	requiresWorkStyle	workStyleRequiredBy
onet	NanosystemsEngineers	1.C.1.b	requiresWorkStyle	workStyleRequiredBy
onet	NanosystemsEngineers	1.C.1.c	requiresWorkStyle	workStyleRequiredBy
onet	NanosystemsEngineers	1.C.2.b	requiresWorkStyle	workStyleRequiredBy
onet	NanosystemsEngineers	1.C.3.a	requiresWorkStyle	workStyleRequiredBy
onet	NanosystemsEngineers	1.C.3.b	requiresWorkStyle	workStyleRequiredBy
onet	NanosystemsEngineers	1.C.3.c	requiresWorkStyle	workStyleRequiredBy
onet	NanosystemsEngineers	1.C.4.a	requiresWorkStyle	workStyleRequiredBy
onet	NanosystemsEngineers	1.C.4.b	requiresWorkStyle	workStyleRequiredBy
onet	NanosystemsEngineers	1.C.4.c	requiresWorkStyle	workStyleRequiredBy
onet	NanosystemsEngineers	1.C.5.a	requiresWorkStyle	workStyleRequiredBy
onet	NanosystemsEngineers	1.C.5.b	requiresWorkStyle	workStyleRequiredBy
onet	NanosystemsEngineers	1.C.5.c	requiresWorkStyle	workStyleRequiredBy
onet	NanosystemsEngineers	1.C.6	requiresWorkStyle	workStyleRequiredBy
onet	NanosystemsEngineers	1.C.7.a	requiresWorkStyle	workStyleRequiredBy
onet	NanosystemsEngineers	1.C.7.b	requiresWorkStyle	workStyleRequiredBy
onet	NaturalSciencesManagers	1.C.1.a	requiresWorkStyle	workStyleRequiredBy
onet	NaturalSciencesManagers	1.C.1.b	requiresWorkStyle	workStyleRequiredBy
onet	NaturalSciencesManagers	1.C.1.c	requiresWorkStyle	workStyleRequiredBy
onet	NaturalSciencesManagers	1.C.2.b	requiresWorkStyle	workStyleRequiredBy
onet	NaturalSciencesManagers	1.C.3.a	requiresWorkStyle	workStyleRequiredBy
onet	NaturalSciencesManagers	1.C.3.b	requiresWorkStyle	workStyleRequiredBy
onet	NaturalSciencesManagers	1.C.3.c	requiresWorkStyle	workStyleRequiredBy
onet	NaturalSciencesManagers	1.C.4.a	requiresWorkStyle	workStyleRequiredBy
onet	NaturalSciencesManagers	1.C.4.b	requiresWorkStyle	workStyleRequiredBy
onet	NaturalSciencesManagers	1.C.4.c	requiresWorkStyle	workStyleRequiredBy
onet	NaturalSciencesManagers	1.C.5.a	requiresWorkStyle	workStyleRequiredBy
onet	NaturalSciencesManagers	1.C.5.b	requiresWorkStyle	workStyleRequiredBy
onet	NaturalSciencesManagers	1.C.5.c	requiresWorkStyle	workStyleRequiredBy
onet	NaturalSciencesManagers	1.C.6	requiresWorkStyle	workStyleRequiredBy
onet	NaturalSciencesManagers	1.C.7.a	requiresWorkStyle	workStyleRequiredBy
onet	NaturalSciencesManagers	1.C.7.b	requiresWorkStyle	workStyleRequiredBy
onet	NaturopathicPhysicians	1.C.1.a	requiresWorkStyle	workStyleRequiredBy
onet	NaturopathicPhysicians	1.C.1.b	requiresWorkStyle	workStyleRequiredBy
onet	NaturopathicPhysicians	1.C.1.c	requiresWorkStyle	workStyleRequiredBy
onet	NaturopathicPhysicians	1.C.2.b	requiresWorkStyle	workStyleRequiredBy
onet	NaturopathicPhysicians	1.C.3.a	requiresWorkStyle	workStyleRequiredBy
onet	NaturopathicPhysicians	1.C.3.b	requiresWorkStyle	workStyleRequiredBy
onet	NaturopathicPhysicians	1.C.3.c	requiresWorkStyle	workStyleRequiredBy
onet	NaturopathicPhysicians	1.C.4.a	requiresWorkStyle	workStyleRequiredBy
onet	NaturopathicPhysicians	1.C.4.b	requiresWorkStyle	workStyleRequiredBy
onet	NaturopathicPhysicians	1.C.4.c	requiresWorkStyle	workStyleRequiredBy
onet	NaturopathicPhysicians	1.C.5.a	requiresWorkStyle	workStyleRequiredBy
onet	NaturopathicPhysicians	1.C.5.b	requiresWorkStyle	workStyleRequiredBy
onet	NaturopathicPhysicians	1.C.5.c	requiresWorkStyle	workStyleRequiredBy
onet	NaturopathicPhysicians	1.C.6	requiresWorkStyle	workStyleRequiredBy
onet	NaturopathicPhysicians	1.C.7.a	requiresWorkStyle	workStyleRequiredBy
onet	NaturopathicPhysicians	1.C.7.b	requiresWorkStyle	workStyleRequiredBy
onet	Naval	1.C.1.a	requiresWorkStyle	workStyleRequiredBy
onet	Naval	1.C.1.b	requiresWorkStyle	workStyleRequiredBy
onet	Naval	1.C.1.c	requiresWorkStyle	workStyleRequiredBy
onet	Naval	1.C.2.b	requiresWorkStyle	workStyleRequiredBy
onet	Naval	1.C.3.a	requiresWorkStyle	workStyleRequiredBy
onet	Naval	1.C.3.b	requiresWorkStyle	workStyleRequiredBy
onet	Naval	1.C.3.c	requiresWorkStyle	workStyleRequiredBy
onet	Naval	1.C.4.a	requiresWorkStyle	workStyleRequiredBy
onet	Naval	1.C.4.b	requiresWorkStyle	workStyleRequiredBy
onet	Naval	1.C.4.c	requiresWorkStyle	workStyleRequiredBy
onet	Naval	1.C.5.a	requiresWorkStyle	workStyleRequiredBy
onet	Naval	1.C.5.b	requiresWorkStyle	workStyleRequiredBy
onet	Naval	1.C.5.c	requiresWorkStyle	workStyleRequiredBy
onet	Naval	1.C.6	requiresWorkStyle	workStyleRequiredBy
onet	Naval	1.C.7.a	requiresWorkStyle	workStyleRequiredBy
onet	Naval	1.C.7.b	requiresWorkStyle	workStyleRequiredBy
onet	NavalArchitects	1.C.1.a	requiresWorkStyle	workStyleRequiredBy
onet	NavalArchitects	1.C.1.b	requiresWorkStyle	workStyleRequiredBy
onet	NavalArchitects	1.C.1.c	requiresWorkStyle	workStyleRequiredBy
onet	NavalArchitects	1.C.2.b	requiresWorkStyle	workStyleRequiredBy
onet	NavalArchitects	1.C.3.a	requiresWorkStyle	workStyleRequiredBy
onet	NavalArchitects	1.C.3.b	requiresWorkStyle	workStyleRequiredBy
onet	NavalArchitects	1.C.3.c	requiresWorkStyle	workStyleRequiredBy
onet	NavalArchitects	1.C.4.a	requiresWorkStyle	workStyleRequiredBy
onet	NavalArchitects	1.C.4.b	requiresWorkStyle	workStyleRequiredBy
onet	NavalArchitects	1.C.4.c	requiresWorkStyle	workStyleRequiredBy
onet	NavalArchitects	1.C.5.a	requiresWorkStyle	workStyleRequiredBy
onet	NavalArchitects	1.C.5.b	requiresWorkStyle	workStyleRequiredBy
onet	NavalArchitects	1.C.5.c	requiresWorkStyle	workStyleRequiredBy
onet	NavalArchitects	1.C.6	requiresWorkStyle	workStyleRequiredBy
onet	NavalArchitects	1.C.7.a	requiresWorkStyle	workStyleRequiredBy
onet	NavalArchitects	1.C.7.b	requiresWorkStyle	workStyleRequiredBy
onet	NeurodiagnosticTechnologists	1.C.1.a	requiresWorkStyle	workStyleRequiredBy
onet	NeurodiagnosticTechnologists	1.C.1.b	requiresWorkStyle	workStyleRequiredBy
onet	NeurodiagnosticTechnologists	1.C.1.c	requiresWorkStyle	workStyleRequiredBy
onet	NeurodiagnosticTechnologists	1.C.2.b	requiresWorkStyle	workStyleRequiredBy
onet	NeurodiagnosticTechnologists	1.C.3.a	requiresWorkStyle	workStyleRequiredBy
onet	NeurodiagnosticTechnologists	1.C.3.b	requiresWorkStyle	workStyleRequiredBy
onet	NeurodiagnosticTechnologists	1.C.3.c	requiresWorkStyle	workStyleRequiredBy
onet	NeurodiagnosticTechnologists	1.C.4.a	requiresWorkStyle	workStyleRequiredBy
onet	NeurodiagnosticTechnologists	1.C.4.b	requiresWorkStyle	workStyleRequiredBy
onet	NeurodiagnosticTechnologists	1.C.4.c	requiresWorkStyle	workStyleRequiredBy
onet	NeurodiagnosticTechnologists	1.C.5.a	requiresWorkStyle	workStyleRequiredBy
onet	NeurodiagnosticTechnologists	1.C.5.b	requiresWorkStyle	workStyleRequiredBy
onet	NeurodiagnosticTechnologists	1.C.5.c	requiresWorkStyle	workStyleRequiredBy
onet	NeurodiagnosticTechnologists	1.C.6	requiresWorkStyle	workStyleRequiredBy
onet	NeurodiagnosticTechnologists	1.C.7.a	requiresWorkStyle	workStyleRequiredBy
onet	NeurodiagnosticTechnologists	1.C.7.b	requiresWorkStyle	workStyleRequiredBy
onet	Neurologists	1.C.1.a	requiresWorkStyle	workStyleRequiredBy
onet	Neurologists	1.C.1.b	requiresWorkStyle	workStyleRequiredBy
onet	Neurologists	1.C.1.c	requiresWorkStyle	workStyleRequiredBy
onet	Neurologists	1.C.2.b	requiresWorkStyle	workStyleRequiredBy
onet	Neurologists	1.C.3.a	requiresWorkStyle	workStyleRequiredBy
onet	Neurologists	1.C.3.b	requiresWorkStyle	workStyleRequiredBy
onet	Neurologists	1.C.3.c	requiresWorkStyle	workStyleRequiredBy
onet	Neurologists	1.C.4.a	requiresWorkStyle	workStyleRequiredBy
onet	Neurologists	1.C.4.b	requiresWorkStyle	workStyleRequiredBy
onet	Neurologists	1.C.4.c	requiresWorkStyle	workStyleRequiredBy
onet	Neurologists	1.C.5.a	requiresWorkStyle	workStyleRequiredBy
onet	Neurologists	1.C.5.b	requiresWorkStyle	workStyleRequiredBy
onet	Neurologists	1.C.5.c	requiresWorkStyle	workStyleRequiredBy
onet	Neurologists	1.C.6	requiresWorkStyle	workStyleRequiredBy
onet	Neurologists	1.C.7.a	requiresWorkStyle	workStyleRequiredBy
onet	Neurologists	1.C.7.b	requiresWorkStyle	workStyleRequiredBy
onet	Neuropsychologists	1.C.1.a	requiresWorkStyle	workStyleRequiredBy
onet	Neuropsychologists	1.C.1.b	requiresWorkStyle	workStyleRequiredBy
onet	Neuropsychologists	1.C.1.c	requiresWorkStyle	workStyleRequiredBy
onet	Neuropsychologists	1.C.2.b	requiresWorkStyle	workStyleRequiredBy
onet	Neuropsychologists	1.C.3.a	requiresWorkStyle	workStyleRequiredBy
onet	Neuropsychologists	1.C.3.b	requiresWorkStyle	workStyleRequiredBy
onet	Neuropsychologists	1.C.3.c	requiresWorkStyle	workStyleRequiredBy
onet	Neuropsychologists	1.C.4.a	requiresWorkStyle	workStyleRequiredBy
onet	Neuropsychologists	1.C.4.b	requiresWorkStyle	workStyleRequiredBy
onet	Neuropsychologists	1.C.4.c	requiresWorkStyle	workStyleRequiredBy
onet	Neuropsychologists	1.C.5.a	requiresWorkStyle	workStyleRequiredBy
onet	Neuropsychologists	1.C.5.b	requiresWorkStyle	workStyleRequiredBy
onet	Neuropsychologists	1.C.5.c	requiresWorkStyle	workStyleRequiredBy
onet	Neuropsychologists	1.C.6	requiresWorkStyle	workStyleRequiredBy
onet	Neuropsychologists	1.C.7.a	requiresWorkStyle	workStyleRequiredBy
onet	Neuropsychologists	1.C.7.b	requiresWorkStyle	workStyleRequiredBy
onet	NewAccountsClerks	1.C.1.a	requiresWorkStyle	workStyleRequiredBy
onet	NewAccountsClerks	1.C.1.b	requiresWorkStyle	workStyleRequiredBy
onet	NewAccountsClerks	1.C.1.c	requiresWorkStyle	workStyleRequiredBy
onet	NewAccountsClerks	1.C.2.b	requiresWorkStyle	workStyleRequiredBy
onet	NewAccountsClerks	1.C.3.a	requiresWorkStyle	workStyleRequiredBy
onet	NewAccountsClerks	1.C.3.b	requiresWorkStyle	workStyleRequiredBy
onet	NewAccountsClerks	1.C.3.c	requiresWorkStyle	workStyleRequiredBy
onet	NewAccountsClerks	1.C.4.a	requiresWorkStyle	workStyleRequiredBy
onet	NewAccountsClerks	1.C.4.b	requiresWorkStyle	workStyleRequiredBy
onet	NewAccountsClerks	1.C.4.c	requiresWorkStyle	workStyleRequiredBy
onet	NewAccountsClerks	1.C.5.a	requiresWorkStyle	workStyleRequiredBy
onet	NewAccountsClerks	1.C.5.b	requiresWorkStyle	workStyleRequiredBy
onet	NewAccountsClerks	1.C.5.c	requiresWorkStyle	workStyleRequiredBy
onet	NewAccountsClerks	1.C.6	requiresWorkStyle	workStyleRequiredBy
onet	NewAccountsClerks	1.C.7.a	requiresWorkStyle	workStyleRequiredBy
onet	NewAccountsClerks	1.C.7.b	requiresWorkStyle	workStyleRequiredBy
onet	NonDestructiveTestingSpecialists	1.C.1.a	requiresWorkStyle	workStyleRequiredBy
onet	NonDestructiveTestingSpecialists	1.C.1.b	requiresWorkStyle	workStyleRequiredBy
onet	NonDestructiveTestingSpecialists	1.C.1.c	requiresWorkStyle	workStyleRequiredBy
onet	NonDestructiveTestingSpecialists	1.C.2.b	requiresWorkStyle	workStyleRequiredBy
onet	NonDestructiveTestingSpecialists	1.C.3.a	requiresWorkStyle	workStyleRequiredBy
onet	NonDestructiveTestingSpecialists	1.C.3.b	requiresWorkStyle	workStyleRequiredBy
onet	NonDestructiveTestingSpecialists	1.C.3.c	requiresWorkStyle	workStyleRequiredBy
onet	NonDestructiveTestingSpecialists	1.C.4.a	requiresWorkStyle	workStyleRequiredBy
onet	NonDestructiveTestingSpecialists	1.C.4.b	requiresWorkStyle	workStyleRequiredBy
onet	NonDestructiveTestingSpecialists	1.C.4.c	requiresWorkStyle	workStyleRequiredBy
onet	NonDestructiveTestingSpecialists	1.C.5.a	requiresWorkStyle	workStyleRequiredBy
onet	NonDestructiveTestingSpecialists	1.C.5.b	requiresWorkStyle	workStyleRequiredBy
onet	NonDestructiveTestingSpecialists	1.C.5.c	requiresWorkStyle	workStyleRequiredBy
onet	NonDestructiveTestingSpecialists	1.C.6	requiresWorkStyle	workStyleRequiredBy
onet	NonDestructiveTestingSpecialists	1.C.7.a	requiresWorkStyle	workStyleRequiredBy
onet	NonDestructiveTestingSpecialists	1.C.7.b	requiresWorkStyle	workStyleRequiredBy
onet	NuclearEngineers	1.C.1.a	requiresWorkStyle	workStyleRequiredBy
onet	NuclearEngineers	1.C.1.b	requiresWorkStyle	workStyleRequiredBy
onet	NuclearEngineers	1.C.1.c	requiresWorkStyle	workStyleRequiredBy
onet	NuclearEngineers	1.C.2.b	requiresWorkStyle	workStyleRequiredBy
onet	NuclearEngineers	1.C.3.a	requiresWorkStyle	workStyleRequiredBy
onet	NuclearEngineers	1.C.3.b	requiresWorkStyle	workStyleRequiredBy
onet	NuclearEngineers	1.C.3.c	requiresWorkStyle	workStyleRequiredBy
onet	NuclearEngineers	1.C.4.a	requiresWorkStyle	workStyleRequiredBy
onet	NuclearEngineers	1.C.4.b	requiresWorkStyle	workStyleRequiredBy
onet	NuclearEngineers	1.C.4.c	requiresWorkStyle	workStyleRequiredBy
onet	NuclearEngineers	1.C.5.a	requiresWorkStyle	workStyleRequiredBy
onet	NuclearEngineers	1.C.5.b	requiresWorkStyle	workStyleRequiredBy
onet	NuclearEngineers	1.C.5.c	requiresWorkStyle	workStyleRequiredBy
onet	NuclearEngineers	1.C.6	requiresWorkStyle	workStyleRequiredBy
onet	NuclearEngineers	1.C.7.a	requiresWorkStyle	workStyleRequiredBy
onet	NuclearEngineers	1.C.7.b	requiresWorkStyle	workStyleRequiredBy
onet	NuclearMedicineTechnologists	1.C.1.a	requiresWorkStyle	workStyleRequiredBy
onet	NuclearMedicineTechnologists	1.C.1.b	requiresWorkStyle	workStyleRequiredBy
onet	NuclearMedicineTechnologists	1.C.1.c	requiresWorkStyle	workStyleRequiredBy
onet	NuclearMedicineTechnologists	1.C.2.b	requiresWorkStyle	workStyleRequiredBy
onet	NuclearMedicineTechnologists	1.C.3.a	requiresWorkStyle	workStyleRequiredBy
onet	NuclearMedicineTechnologists	1.C.3.b	requiresWorkStyle	workStyleRequiredBy
onet	NuclearMedicineTechnologists	1.C.3.c	requiresWorkStyle	workStyleRequiredBy
onet	NuclearMedicineTechnologists	1.C.4.a	requiresWorkStyle	workStyleRequiredBy
onet	NuclearMedicineTechnologists	1.C.4.b	requiresWorkStyle	workStyleRequiredBy
onet	NuclearMedicineTechnologists	1.C.4.c	requiresWorkStyle	workStyleRequiredBy
onet	NuclearMedicineTechnologists	1.C.5.a	requiresWorkStyle	workStyleRequiredBy
onet	NuclearMedicineTechnologists	1.C.5.b	requiresWorkStyle	workStyleRequiredBy
onet	NuclearMedicineTechnologists	1.C.5.c	requiresWorkStyle	workStyleRequiredBy
onet	NuclearMedicineTechnologists	1.C.6	requiresWorkStyle	workStyleRequiredBy
onet	NuclearMedicineTechnologists	1.C.7.a	requiresWorkStyle	workStyleRequiredBy
onet	NuclearMedicineTechnologists	1.C.7.b	requiresWorkStyle	workStyleRequiredBy
onet	NuclearMonitoringTechnicians	1.C.1.a	requiresWorkStyle	workStyleRequiredBy
onet	NuclearMonitoringTechnicians	1.C.1.b	requiresWorkStyle	workStyleRequiredBy
onet	NuclearMonitoringTechnicians	1.C.1.c	requiresWorkStyle	workStyleRequiredBy
onet	NuclearMonitoringTechnicians	1.C.2.b	requiresWorkStyle	workStyleRequiredBy
onet	NuclearMonitoringTechnicians	1.C.3.a	requiresWorkStyle	workStyleRequiredBy
onet	NuclearMonitoringTechnicians	1.C.3.b	requiresWorkStyle	workStyleRequiredBy
onet	NuclearMonitoringTechnicians	1.C.3.c	requiresWorkStyle	workStyleRequiredBy
onet	NuclearMonitoringTechnicians	1.C.4.a	requiresWorkStyle	workStyleRequiredBy
onet	NuclearMonitoringTechnicians	1.C.4.b	requiresWorkStyle	workStyleRequiredBy
onet	NuclearMonitoringTechnicians	1.C.4.c	requiresWorkStyle	workStyleRequiredBy
onet	NuclearMonitoringTechnicians	1.C.5.a	requiresWorkStyle	workStyleRequiredBy
onet	NuclearMonitoringTechnicians	1.C.5.b	requiresWorkStyle	workStyleRequiredBy
onet	NuclearMonitoringTechnicians	1.C.5.c	requiresWorkStyle	workStyleRequiredBy
onet	NuclearMonitoringTechnicians	1.C.6	requiresWorkStyle	workStyleRequiredBy
onet	NuclearMonitoringTechnicians	1.C.7.a	requiresWorkStyle	workStyleRequiredBy
onet	NuclearMonitoringTechnicians	1.C.7.b	requiresWorkStyle	workStyleRequiredBy
onet	NuclearPowerReactorOperators	1.C.1.a	requiresWorkStyle	workStyleRequiredBy
onet	NuclearPowerReactorOperators	1.C.1.b	requiresWorkStyle	workStyleRequiredBy
onet	NuclearPowerReactorOperators	1.C.1.c	requiresWorkStyle	workStyleRequiredBy
onet	NuclearPowerReactorOperators	1.C.2.b	requiresWorkStyle	workStyleRequiredBy
onet	NuclearPowerReactorOperators	1.C.3.a	requiresWorkStyle	workStyleRequiredBy
onet	NuclearPowerReactorOperators	1.C.3.b	requiresWorkStyle	workStyleRequiredBy
onet	NuclearPowerReactorOperators	1.C.3.c	requiresWorkStyle	workStyleRequiredBy
onet	NuclearPowerReactorOperators	1.C.4.a	requiresWorkStyle	workStyleRequiredBy
onet	NuclearPowerReactorOperators	1.C.4.b	requiresWorkStyle	workStyleRequiredBy
onet	NuclearPowerReactorOperators	1.C.4.c	requiresWorkStyle	workStyleRequiredBy
onet	NuclearPowerReactorOperators	1.C.5.a	requiresWorkStyle	workStyleRequiredBy
onet	NuclearPowerReactorOperators	1.C.5.b	requiresWorkStyle	workStyleRequiredBy
onet	NuclearPowerReactorOperators	1.C.5.c	requiresWorkStyle	workStyleRequiredBy
onet	NuclearPowerReactorOperators	1.C.6	requiresWorkStyle	workStyleRequiredBy
onet	NuclearPowerReactorOperators	1.C.7.a	requiresWorkStyle	workStyleRequiredBy
onet	NuclearPowerReactorOperators	1.C.7.b	requiresWorkStyle	workStyleRequiredBy
onet	NuclearTechnicians	1.C.1.a	requiresWorkStyle	workStyleRequiredBy
onet	NuclearTechnicians	1.C.1.b	requiresWorkStyle	workStyleRequiredBy
onet	NuclearTechnicians	1.C.1.c	requiresWorkStyle	workStyleRequiredBy
onet	NuclearTechnicians	1.C.2.b	requiresWorkStyle	workStyleRequiredBy
onet	NuclearTechnicians	1.C.3.a	requiresWorkStyle	workStyleRequiredBy
onet	NuclearTechnicians	1.C.3.b	requiresWorkStyle	workStyleRequiredBy
onet	NuclearTechnicians	1.C.3.c	requiresWorkStyle	workStyleRequiredBy
onet	NuclearTechnicians	1.C.4.a	requiresWorkStyle	workStyleRequiredBy
onet	NuclearTechnicians	1.C.4.b	requiresWorkStyle	workStyleRequiredBy
onet	NuclearTechnicians	1.C.4.c	requiresWorkStyle	workStyleRequiredBy
onet	NuclearTechnicians	1.C.5.a	requiresWorkStyle	workStyleRequiredBy
onet	NuclearTechnicians	1.C.5.b	requiresWorkStyle	workStyleRequiredBy
onet	NuclearTechnicians	1.C.5.c	requiresWorkStyle	workStyleRequiredBy
onet	NuclearTechnicians	1.C.6	requiresWorkStyle	workStyleRequiredBy
onet	NuclearTechnicians	1.C.7.a	requiresWorkStyle	workStyleRequiredBy
onet	NuclearTechnicians	1.C.7.b	requiresWorkStyle	workStyleRequiredBy
onet	NurseAnesthetists	1.C.1.a	requiresWorkStyle	workStyleRequiredBy
onet	NurseAnesthetists	1.C.1.b	requiresWorkStyle	workStyleRequiredBy
onet	NurseAnesthetists	1.C.1.c	requiresWorkStyle	workStyleRequiredBy
onet	NurseAnesthetists	1.C.2.b	requiresWorkStyle	workStyleRequiredBy
onet	NurseAnesthetists	1.C.3.a	requiresWorkStyle	workStyleRequiredBy
onet	NurseAnesthetists	1.C.3.b	requiresWorkStyle	workStyleRequiredBy
onet	NurseAnesthetists	1.C.3.c	requiresWorkStyle	workStyleRequiredBy
onet	NurseAnesthetists	1.C.4.a	requiresWorkStyle	workStyleRequiredBy
onet	NurseAnesthetists	1.C.4.b	requiresWorkStyle	workStyleRequiredBy
onet	NurseAnesthetists	1.C.4.c	requiresWorkStyle	workStyleRequiredBy
onet	NurseAnesthetists	1.C.5.a	requiresWorkStyle	workStyleRequiredBy
onet	NurseAnesthetists	1.C.5.b	requiresWorkStyle	workStyleRequiredBy
onet	NurseAnesthetists	1.C.5.c	requiresWorkStyle	workStyleRequiredBy
onet	NurseAnesthetists	1.C.6	requiresWorkStyle	workStyleRequiredBy
onet	NurseAnesthetists	1.C.7.a	requiresWorkStyle	workStyleRequiredBy
onet	NurseAnesthetists	1.C.7.b	requiresWorkStyle	workStyleRequiredBy
onet	NurseMidwives	1.C.1.a	requiresWorkStyle	workStyleRequiredBy
onet	NurseMidwives	1.C.1.b	requiresWorkStyle	workStyleRequiredBy
onet	NurseMidwives	1.C.1.c	requiresWorkStyle	workStyleRequiredBy
onet	NurseMidwives	1.C.2.b	requiresWorkStyle	workStyleRequiredBy
onet	NurseMidwives	1.C.3.a	requiresWorkStyle	workStyleRequiredBy
onet	NurseMidwives	1.C.3.b	requiresWorkStyle	workStyleRequiredBy
onet	NurseMidwives	1.C.3.c	requiresWorkStyle	workStyleRequiredBy
onet	NurseMidwives	1.C.4.a	requiresWorkStyle	workStyleRequiredBy
onet	NurseMidwives	1.C.4.b	requiresWorkStyle	workStyleRequiredBy
onet	NurseMidwives	1.C.4.c	requiresWorkStyle	workStyleRequiredBy
onet	NurseMidwives	1.C.5.a	requiresWorkStyle	workStyleRequiredBy
onet	NurseMidwives	1.C.5.b	requiresWorkStyle	workStyleRequiredBy
onet	NurseMidwives	1.C.5.c	requiresWorkStyle	workStyleRequiredBy
onet	NurseMidwives	1.C.6	requiresWorkStyle	workStyleRequiredBy
onet	NurseMidwives	1.C.7.a	requiresWorkStyle	workStyleRequiredBy
onet	NurseMidwives	1.C.7.b	requiresWorkStyle	workStyleRequiredBy
onet	NursePractitioners	1.C.1.a	requiresWorkStyle	workStyleRequiredBy
onet	NursePractitioners	1.C.1.b	requiresWorkStyle	workStyleRequiredBy
onet	NursePractitioners	1.C.1.c	requiresWorkStyle	workStyleRequiredBy
onet	NursePractitioners	1.C.2.b	requiresWorkStyle	workStyleRequiredBy
onet	NursePractitioners	1.C.3.a	requiresWorkStyle	workStyleRequiredBy
onet	NursePractitioners	1.C.3.b	requiresWorkStyle	workStyleRequiredBy
onet	NursePractitioners	1.C.3.c	requiresWorkStyle	workStyleRequiredBy
onet	NursePractitioners	1.C.4.a	requiresWorkStyle	workStyleRequiredBy
onet	NursePractitioners	1.C.4.b	requiresWorkStyle	workStyleRequiredBy
onet	NursePractitioners	1.C.4.c	requiresWorkStyle	workStyleRequiredBy
onet	NursePractitioners	1.C.5.a	requiresWorkStyle	workStyleRequiredBy
onet	NursePractitioners	1.C.5.b	requiresWorkStyle	workStyleRequiredBy
onet	NursePractitioners	1.C.5.c	requiresWorkStyle	workStyleRequiredBy
onet	NursePractitioners	1.C.6	requiresWorkStyle	workStyleRequiredBy
onet	NursePractitioners	1.C.7.a	requiresWorkStyle	workStyleRequiredBy
onet	NursePractitioners	1.C.7.b	requiresWorkStyle	workStyleRequiredBy
onet	NursingAssistants	1.C.1.a	requiresWorkStyle	workStyleRequiredBy
onet	NursingAssistants	1.C.1.b	requiresWorkStyle	workStyleRequiredBy
onet	NursingAssistants	1.C.1.c	requiresWorkStyle	workStyleRequiredBy
onet	NursingAssistants	1.C.2.b	requiresWorkStyle	workStyleRequiredBy
onet	NursingAssistants	1.C.3.a	requiresWorkStyle	workStyleRequiredBy
onet	NursingAssistants	1.C.3.b	requiresWorkStyle	workStyleRequiredBy
onet	NursingAssistants	1.C.3.c	requiresWorkStyle	workStyleRequiredBy
onet	NursingAssistants	1.C.4.a	requiresWorkStyle	workStyleRequiredBy
onet	NursingAssistants	1.C.4.b	requiresWorkStyle	workStyleRequiredBy
onet	NursingAssistants	1.C.4.c	requiresWorkStyle	workStyleRequiredBy
onet	NursingAssistants	1.C.5.a	requiresWorkStyle	workStyleRequiredBy
onet	NursingAssistants	1.C.5.b	requiresWorkStyle	workStyleRequiredBy
onet	NursingAssistants	1.C.5.c	requiresWorkStyle	workStyleRequiredBy
onet	NursingAssistants	1.C.6	requiresWorkStyle	workStyleRequiredBy
onet	NursingAssistants	1.C.7.a	requiresWorkStyle	workStyleRequiredBy
onet	NursingAssistants	1.C.7.b	requiresWorkStyle	workStyleRequiredBy
onet	Nutritionists	1.C.1.a	requiresWorkStyle	workStyleRequiredBy
onet	Nutritionists	1.C.1.b	requiresWorkStyle	workStyleRequiredBy
onet	Nutritionists	1.C.1.c	requiresWorkStyle	workStyleRequiredBy
onet	Nutritionists	1.C.2.b	requiresWorkStyle	workStyleRequiredBy
onet	Nutritionists	1.C.3.a	requiresWorkStyle	workStyleRequiredBy
onet	Nutritionists	1.C.3.b	requiresWorkStyle	workStyleRequiredBy
onet	Nutritionists	1.C.3.c	requiresWorkStyle	workStyleRequiredBy
onet	Nutritionists	1.C.4.a	requiresWorkStyle	workStyleRequiredBy
onet	Nutritionists	1.C.4.b	requiresWorkStyle	workStyleRequiredBy
onet	Nutritionists	1.C.4.c	requiresWorkStyle	workStyleRequiredBy
onet	Nutritionists	1.C.5.a	requiresWorkStyle	workStyleRequiredBy
onet	Nutritionists	1.C.5.b	requiresWorkStyle	workStyleRequiredBy
onet	Nutritionists	1.C.5.c	requiresWorkStyle	workStyleRequiredBy
onet	Nutritionists	1.C.6	requiresWorkStyle	workStyleRequiredBy
onet	Nutritionists	1.C.7.a	requiresWorkStyle	workStyleRequiredBy
onet	Nutritionists	1.C.7.b	requiresWorkStyle	workStyleRequiredBy
onet	OccupationalTherapists	1.C.1.a	requiresWorkStyle	workStyleRequiredBy
onet	OccupationalTherapists	1.C.1.b	requiresWorkStyle	workStyleRequiredBy
onet	OccupationalTherapists	1.C.1.c	requiresWorkStyle	workStyleRequiredBy
onet	OccupationalTherapists	1.C.2.b	requiresWorkStyle	workStyleRequiredBy
onet	OccupationalTherapists	1.C.3.a	requiresWorkStyle	workStyleRequiredBy
onet	OccupationalTherapists	1.C.3.b	requiresWorkStyle	workStyleRequiredBy
onet	OccupationalTherapists	1.C.3.c	requiresWorkStyle	workStyleRequiredBy
onet	OccupationalTherapists	1.C.4.a	requiresWorkStyle	workStyleRequiredBy
onet	OccupationalTherapists	1.C.4.b	requiresWorkStyle	workStyleRequiredBy
onet	OccupationalTherapists	1.C.4.c	requiresWorkStyle	workStyleRequiredBy
onet	OccupationalTherapists	1.C.5.a	requiresWorkStyle	workStyleRequiredBy
onet	OccupationalTherapists	1.C.5.b	requiresWorkStyle	workStyleRequiredBy
onet	OccupationalTherapists	1.C.5.c	requiresWorkStyle	workStyleRequiredBy
onet	OccupationalTherapists	1.C.6	requiresWorkStyle	workStyleRequiredBy
onet	OccupationalTherapists	1.C.7.a	requiresWorkStyle	workStyleRequiredBy
onet	OccupationalTherapists	1.C.7.b	requiresWorkStyle	workStyleRequiredBy
onet	OccupationalTherapyAides	1.C.1.a	requiresWorkStyle	workStyleRequiredBy
onet	OccupationalTherapyAides	1.C.1.b	requiresWorkStyle	workStyleRequiredBy
onet	OccupationalTherapyAides	1.C.1.c	requiresWorkStyle	workStyleRequiredBy
onet	OccupationalTherapyAides	1.C.2.b	requiresWorkStyle	workStyleRequiredBy
onet	OccupationalTherapyAides	1.C.3.a	requiresWorkStyle	workStyleRequiredBy
onet	OccupationalTherapyAides	1.C.3.b	requiresWorkStyle	workStyleRequiredBy
onet	OccupationalTherapyAides	1.C.3.c	requiresWorkStyle	workStyleRequiredBy
onet	OccupationalTherapyAides	1.C.4.a	requiresWorkStyle	workStyleRequiredBy
onet	OccupationalTherapyAides	1.C.4.b	requiresWorkStyle	workStyleRequiredBy
onet	OccupationalTherapyAides	1.C.4.c	requiresWorkStyle	workStyleRequiredBy
onet	OccupationalTherapyAides	1.C.5.a	requiresWorkStyle	workStyleRequiredBy
onet	OccupationalTherapyAides	1.C.5.b	requiresWorkStyle	workStyleRequiredBy
onet	OccupationalTherapyAides	1.C.5.c	requiresWorkStyle	workStyleRequiredBy
onet	OccupationalTherapyAides	1.C.6	requiresWorkStyle	workStyleRequiredBy
onet	OccupationalTherapyAides	1.C.7.a	requiresWorkStyle	workStyleRequiredBy
onet	OccupationalTherapyAides	1.C.7.b	requiresWorkStyle	workStyleRequiredBy
onet	OccupationalTherapyAssistants	1.C.1.a	requiresWorkStyle	workStyleRequiredBy
onet	OccupationalTherapyAssistants	1.C.1.b	requiresWorkStyle	workStyleRequiredBy
onet	OccupationalTherapyAssistants	1.C.1.c	requiresWorkStyle	workStyleRequiredBy
onet	OccupationalTherapyAssistants	1.C.2.b	requiresWorkStyle	workStyleRequiredBy
onet	OccupationalTherapyAssistants	1.C.3.a	requiresWorkStyle	workStyleRequiredBy
onet	OccupationalTherapyAssistants	1.C.3.b	requiresWorkStyle	workStyleRequiredBy
onet	OccupationalTherapyAssistants	1.C.3.c	requiresWorkStyle	workStyleRequiredBy
onet	OccupationalTherapyAssistants	1.C.4.a	requiresWorkStyle	workStyleRequiredBy
onet	OccupationalTherapyAssistants	1.C.4.b	requiresWorkStyle	workStyleRequiredBy
onet	OccupationalTherapyAssistants	1.C.4.c	requiresWorkStyle	workStyleRequiredBy
onet	OccupationalTherapyAssistants	1.C.5.a	requiresWorkStyle	workStyleRequiredBy
onet	OccupationalTherapyAssistants	1.C.5.b	requiresWorkStyle	workStyleRequiredBy
onet	OccupationalTherapyAssistants	1.C.5.c	requiresWorkStyle	workStyleRequiredBy
onet	OccupationalTherapyAssistants	1.C.6	requiresWorkStyle	workStyleRequiredBy
onet	OccupationalTherapyAssistants	1.C.7.a	requiresWorkStyle	workStyleRequiredBy
onet	OccupationalTherapyAssistants	1.C.7.b	requiresWorkStyle	workStyleRequiredBy
onet	Offbearers	1.C.1.a	requiresWorkStyle	workStyleRequiredBy
onet	Offbearers	1.C.1.b	requiresWorkStyle	workStyleRequiredBy
onet	Offbearers	1.C.1.c	requiresWorkStyle	workStyleRequiredBy
onet	Offbearers	1.C.2.b	requiresWorkStyle	workStyleRequiredBy
onet	Offbearers	1.C.3.a	requiresWorkStyle	workStyleRequiredBy
onet	Offbearers	1.C.3.b	requiresWorkStyle	workStyleRequiredBy
onet	Offbearers	1.C.3.c	requiresWorkStyle	workStyleRequiredBy
onet	Offbearers	1.C.4.a	requiresWorkStyle	workStyleRequiredBy
onet	Offbearers	1.C.4.b	requiresWorkStyle	workStyleRequiredBy
onet	Offbearers	1.C.4.c	requiresWorkStyle	workStyleRequiredBy
onet	Offbearers	1.C.5.a	requiresWorkStyle	workStyleRequiredBy
onet	Offbearers	1.C.5.b	requiresWorkStyle	workStyleRequiredBy
onet	Offbearers	1.C.5.c	requiresWorkStyle	workStyleRequiredBy
onet	Offbearers	1.C.6	requiresWorkStyle	workStyleRequiredBy
onet	Offbearers	1.C.7.a	requiresWorkStyle	workStyleRequiredBy
onet	Offbearers	1.C.7.b	requiresWorkStyle	workStyleRequiredBy
onet	OfficeClerksGeneral	1.C.1.a	requiresWorkStyle	workStyleRequiredBy
onet	OfficeClerksGeneral	1.C.1.b	requiresWorkStyle	workStyleRequiredBy
onet	OfficeClerksGeneral	1.C.1.c	requiresWorkStyle	workStyleRequiredBy
onet	OfficeClerksGeneral	1.C.2.b	requiresWorkStyle	workStyleRequiredBy
onet	OfficeClerksGeneral	1.C.3.a	requiresWorkStyle	workStyleRequiredBy
onet	OfficeClerksGeneral	1.C.3.b	requiresWorkStyle	workStyleRequiredBy
onet	OfficeClerksGeneral	1.C.3.c	requiresWorkStyle	workStyleRequiredBy
onet	OfficeClerksGeneral	1.C.4.a	requiresWorkStyle	workStyleRequiredBy
onet	OfficeClerksGeneral	1.C.4.b	requiresWorkStyle	workStyleRequiredBy
onet	OfficeClerksGeneral	1.C.4.c	requiresWorkStyle	workStyleRequiredBy
onet	OfficeClerksGeneral	1.C.5.a	requiresWorkStyle	workStyleRequiredBy
onet	OfficeClerksGeneral	1.C.5.b	requiresWorkStyle	workStyleRequiredBy
onet	OfficeClerksGeneral	1.C.5.c	requiresWorkStyle	workStyleRequiredBy
onet	OfficeClerksGeneral	1.C.6	requiresWorkStyle	workStyleRequiredBy
onet	OfficeClerksGeneral	1.C.7.a	requiresWorkStyle	workStyleRequiredBy
onet	OfficeClerksGeneral	1.C.7.b	requiresWorkStyle	workStyleRequiredBy
onet	OfficeMachineRepairers	1.C.1.a	requiresWorkStyle	workStyleRequiredBy
onet	OfficeMachineRepairers	1.C.1.b	requiresWorkStyle	workStyleRequiredBy
onet	OfficeMachineRepairers	1.C.1.c	requiresWorkStyle	workStyleRequiredBy
onet	OfficeMachineRepairers	1.C.2.b	requiresWorkStyle	workStyleRequiredBy
onet	OfficeMachineRepairers	1.C.3.a	requiresWorkStyle	workStyleRequiredBy
onet	OfficeMachineRepairers	1.C.3.b	requiresWorkStyle	workStyleRequiredBy
onet	OfficeMachineRepairers	1.C.3.c	requiresWorkStyle	workStyleRequiredBy
onet	OfficeMachineRepairers	1.C.4.a	requiresWorkStyle	workStyleRequiredBy
onet	OfficeMachineRepairers	1.C.4.b	requiresWorkStyle	workStyleRequiredBy
onet	OfficeMachineRepairers	1.C.4.c	requiresWorkStyle	workStyleRequiredBy
onet	OfficeMachineRepairers	1.C.5.a	requiresWorkStyle	workStyleRequiredBy
onet	OfficeMachineRepairers	1.C.5.b	requiresWorkStyle	workStyleRequiredBy
onet	OfficeMachineRepairers	1.C.5.c	requiresWorkStyle	workStyleRequiredBy
onet	OfficeMachineRepairers	1.C.6	requiresWorkStyle	workStyleRequiredBy
onet	OfficeMachineRepairers	1.C.7.a	requiresWorkStyle	workStyleRequiredBy
onet	OfficeMachineRepairers	1.C.7.b	requiresWorkStyle	workStyleRequiredBy
onet	Officers	1.C.1.a	requiresWorkStyle	workStyleRequiredBy
onet	Officers	1.C.1.b	requiresWorkStyle	workStyleRequiredBy
onet	Officers	1.C.1.c	requiresWorkStyle	workStyleRequiredBy
onet	Officers	1.C.2.b	requiresWorkStyle	workStyleRequiredBy
onet	Officers	1.C.3.a	requiresWorkStyle	workStyleRequiredBy
onet	Officers	1.C.3.b	requiresWorkStyle	workStyleRequiredBy
onet	Officers	1.C.3.c	requiresWorkStyle	workStyleRequiredBy
onet	Officers	1.C.4.a	requiresWorkStyle	workStyleRequiredBy
onet	Officers	1.C.4.b	requiresWorkStyle	workStyleRequiredBy
onet	Officers	1.C.4.c	requiresWorkStyle	workStyleRequiredBy
onet	Officers	1.C.5.a	requiresWorkStyle	workStyleRequiredBy
onet	Officers	1.C.5.b	requiresWorkStyle	workStyleRequiredBy
onet	Officers	1.C.5.c	requiresWorkStyle	workStyleRequiredBy
onet	Officers	1.C.6	requiresWorkStyle	workStyleRequiredBy
onet	Officers	1.C.7.a	requiresWorkStyle	workStyleRequiredBy
onet	Officers	1.C.7.b	requiresWorkStyle	workStyleRequiredBy
onet	OnlineMerchants	1.C.1.a	requiresWorkStyle	workStyleRequiredBy
onet	OnlineMerchants	1.C.1.b	requiresWorkStyle	workStyleRequiredBy
onet	OnlineMerchants	1.C.1.c	requiresWorkStyle	workStyleRequiredBy
onet	OnlineMerchants	1.C.2.b	requiresWorkStyle	workStyleRequiredBy
onet	OnlineMerchants	1.C.3.a	requiresWorkStyle	workStyleRequiredBy
onet	OnlineMerchants	1.C.3.b	requiresWorkStyle	workStyleRequiredBy
onet	OnlineMerchants	1.C.3.c	requiresWorkStyle	workStyleRequiredBy
onet	OnlineMerchants	1.C.4.a	requiresWorkStyle	workStyleRequiredBy
onet	OnlineMerchants	1.C.4.b	requiresWorkStyle	workStyleRequiredBy
onet	OnlineMerchants	1.C.4.c	requiresWorkStyle	workStyleRequiredBy
onet	OnlineMerchants	1.C.5.a	requiresWorkStyle	workStyleRequiredBy
onet	OnlineMerchants	1.C.5.b	requiresWorkStyle	workStyleRequiredBy
onet	OnlineMerchants	1.C.5.c	requiresWorkStyle	workStyleRequiredBy
onet	OnlineMerchants	1.C.6	requiresWorkStyle	workStyleRequiredBy
onet	OnlineMerchants	1.C.7.a	requiresWorkStyle	workStyleRequiredBy
onet	OnlineMerchants	1.C.7.b	requiresWorkStyle	workStyleRequiredBy
onet	OperatingWorkers	1.C.1.a	requiresWorkStyle	workStyleRequiredBy
onet	OperatingWorkers	1.C.1.b	requiresWorkStyle	workStyleRequiredBy
onet	OperatingWorkers	1.C.1.c	requiresWorkStyle	workStyleRequiredBy
onet	OperatingWorkers	1.C.2.b	requiresWorkStyle	workStyleRequiredBy
onet	OperatingWorkers	1.C.3.a	requiresWorkStyle	workStyleRequiredBy
onet	OperatingWorkers	1.C.3.b	requiresWorkStyle	workStyleRequiredBy
onet	OperatingWorkers	1.C.3.c	requiresWorkStyle	workStyleRequiredBy
onet	OperatingWorkers	1.C.4.a	requiresWorkStyle	workStyleRequiredBy
onet	OperatingWorkers	1.C.4.b	requiresWorkStyle	workStyleRequiredBy
onet	OperatingWorkers	1.C.4.c	requiresWorkStyle	workStyleRequiredBy
onet	OperatingWorkers	1.C.5.a	requiresWorkStyle	workStyleRequiredBy
onet	OperatingWorkers	1.C.5.b	requiresWorkStyle	workStyleRequiredBy
onet	OperatingWorkers	1.C.5.c	requiresWorkStyle	workStyleRequiredBy
onet	OperatingWorkers	1.C.6	requiresWorkStyle	workStyleRequiredBy
onet	OperatingWorkers	1.C.7.a	requiresWorkStyle	workStyleRequiredBy
onet	OperatingWorkers	1.C.7.b	requiresWorkStyle	workStyleRequiredBy
onet	OperationsManagers	1.C.1.a	requiresWorkStyle	workStyleRequiredBy
onet	OperationsManagers	1.C.1.b	requiresWorkStyle	workStyleRequiredBy
onet	OperationsManagers	1.C.1.c	requiresWorkStyle	workStyleRequiredBy
onet	OperationsManagers	1.C.2.b	requiresWorkStyle	workStyleRequiredBy
onet	OperationsManagers	1.C.3.a	requiresWorkStyle	workStyleRequiredBy
onet	OperationsManagers	1.C.3.b	requiresWorkStyle	workStyleRequiredBy
onet	OperationsManagers	1.C.3.c	requiresWorkStyle	workStyleRequiredBy
onet	OperationsManagers	1.C.4.a	requiresWorkStyle	workStyleRequiredBy
onet	OperationsManagers	1.C.4.b	requiresWorkStyle	workStyleRequiredBy
onet	OperationsManagers	1.C.4.c	requiresWorkStyle	workStyleRequiredBy
onet	OperationsManagers	1.C.5.a	requiresWorkStyle	workStyleRequiredBy
onet	OperationsManagers	1.C.5.b	requiresWorkStyle	workStyleRequiredBy
onet	OperationsManagers	1.C.5.c	requiresWorkStyle	workStyleRequiredBy
onet	OperationsManagers	1.C.6	requiresWorkStyle	workStyleRequiredBy
onet	OperationsManagers	1.C.7.a	requiresWorkStyle	workStyleRequiredBy
onet	OperationsManagers	1.C.7.b	requiresWorkStyle	workStyleRequiredBy
onet	OperationsResearchAnalysts	1.C.1.a	requiresWorkStyle	workStyleRequiredBy
onet	OperationsResearchAnalysts	1.C.1.b	requiresWorkStyle	workStyleRequiredBy
onet	OperationsResearchAnalysts	1.C.1.c	requiresWorkStyle	workStyleRequiredBy
onet	OperationsResearchAnalysts	1.C.2.b	requiresWorkStyle	workStyleRequiredBy
onet	OperationsResearchAnalysts	1.C.3.a	requiresWorkStyle	workStyleRequiredBy
onet	OperationsResearchAnalysts	1.C.3.b	requiresWorkStyle	workStyleRequiredBy
onet	OperationsResearchAnalysts	1.C.3.c	requiresWorkStyle	workStyleRequiredBy
onet	OperationsResearchAnalysts	1.C.4.a	requiresWorkStyle	workStyleRequiredBy
onet	OperationsResearchAnalysts	1.C.4.b	requiresWorkStyle	workStyleRequiredBy
onet	OperationsResearchAnalysts	1.C.4.c	requiresWorkStyle	workStyleRequiredBy
onet	OperationsResearchAnalysts	1.C.5.a	requiresWorkStyle	workStyleRequiredBy
onet	OperationsResearchAnalysts	1.C.5.b	requiresWorkStyle	workStyleRequiredBy
onet	OperationsResearchAnalysts	1.C.5.c	requiresWorkStyle	workStyleRequiredBy
onet	OperationsResearchAnalysts	1.C.6	requiresWorkStyle	workStyleRequiredBy
onet	OperationsResearchAnalysts	1.C.7.a	requiresWorkStyle	workStyleRequiredBy
onet	OperationsResearchAnalysts	1.C.7.b	requiresWorkStyle	workStyleRequiredBy
onet	OphthalmicLaboratoryTechnicians	1.C.1.a	requiresWorkStyle	workStyleRequiredBy
onet	OphthalmicLaboratoryTechnicians	1.C.1.b	requiresWorkStyle	workStyleRequiredBy
onet	OphthalmicLaboratoryTechnicians	1.C.1.c	requiresWorkStyle	workStyleRequiredBy
onet	OphthalmicLaboratoryTechnicians	1.C.2.b	requiresWorkStyle	workStyleRequiredBy
onet	OphthalmicLaboratoryTechnicians	1.C.3.a	requiresWorkStyle	workStyleRequiredBy
onet	OphthalmicLaboratoryTechnicians	1.C.3.b	requiresWorkStyle	workStyleRequiredBy
onet	OphthalmicLaboratoryTechnicians	1.C.3.c	requiresWorkStyle	workStyleRequiredBy
onet	OphthalmicLaboratoryTechnicians	1.C.4.a	requiresWorkStyle	workStyleRequiredBy
onet	OphthalmicLaboratoryTechnicians	1.C.4.b	requiresWorkStyle	workStyleRequiredBy
onet	OphthalmicLaboratoryTechnicians	1.C.4.c	requiresWorkStyle	workStyleRequiredBy
onet	OphthalmicLaboratoryTechnicians	1.C.5.a	requiresWorkStyle	workStyleRequiredBy
onet	OphthalmicLaboratoryTechnicians	1.C.5.b	requiresWorkStyle	workStyleRequiredBy
onet	OphthalmicLaboratoryTechnicians	1.C.5.c	requiresWorkStyle	workStyleRequiredBy
onet	OphthalmicLaboratoryTechnicians	1.C.6	requiresWorkStyle	workStyleRequiredBy
onet	OphthalmicLaboratoryTechnicians	1.C.7.a	requiresWorkStyle	workStyleRequiredBy
onet	OphthalmicLaboratoryTechnicians	1.C.7.b	requiresWorkStyle	workStyleRequiredBy
onet	OphthalmicMedicalTechnicians	1.C.1.a	requiresWorkStyle	workStyleRequiredBy
onet	OphthalmicMedicalTechnicians	1.C.1.b	requiresWorkStyle	workStyleRequiredBy
onet	OphthalmicMedicalTechnicians	1.C.1.c	requiresWorkStyle	workStyleRequiredBy
onet	OphthalmicMedicalTechnicians	1.C.2.b	requiresWorkStyle	workStyleRequiredBy
onet	OphthalmicMedicalTechnicians	1.C.3.a	requiresWorkStyle	workStyleRequiredBy
onet	OphthalmicMedicalTechnicians	1.C.3.b	requiresWorkStyle	workStyleRequiredBy
onet	OphthalmicMedicalTechnicians	1.C.3.c	requiresWorkStyle	workStyleRequiredBy
onet	OphthalmicMedicalTechnicians	1.C.4.a	requiresWorkStyle	workStyleRequiredBy
onet	OphthalmicMedicalTechnicians	1.C.4.b	requiresWorkStyle	workStyleRequiredBy
onet	OphthalmicMedicalTechnicians	1.C.4.c	requiresWorkStyle	workStyleRequiredBy
onet	OphthalmicMedicalTechnicians	1.C.5.a	requiresWorkStyle	workStyleRequiredBy
onet	OphthalmicMedicalTechnicians	1.C.5.b	requiresWorkStyle	workStyleRequiredBy
onet	OphthalmicMedicalTechnicians	1.C.5.c	requiresWorkStyle	workStyleRequiredBy
onet	OphthalmicMedicalTechnicians	1.C.6	requiresWorkStyle	workStyleRequiredBy
onet	OphthalmicMedicalTechnicians	1.C.7.a	requiresWorkStyle	workStyleRequiredBy
onet	OphthalmicMedicalTechnicians	1.C.7.b	requiresWorkStyle	workStyleRequiredBy
onet	OphthalmicMedicalTechnologists	1.C.1.a	requiresWorkStyle	workStyleRequiredBy
onet	OphthalmicMedicalTechnologists	1.C.1.b	requiresWorkStyle	workStyleRequiredBy
onet	OphthalmicMedicalTechnologists	1.C.1.c	requiresWorkStyle	workStyleRequiredBy
onet	OphthalmicMedicalTechnologists	1.C.2.b	requiresWorkStyle	workStyleRequiredBy
onet	OphthalmicMedicalTechnologists	1.C.3.a	requiresWorkStyle	workStyleRequiredBy
onet	OphthalmicMedicalTechnologists	1.C.3.b	requiresWorkStyle	workStyleRequiredBy
onet	OphthalmicMedicalTechnologists	1.C.3.c	requiresWorkStyle	workStyleRequiredBy
onet	OphthalmicMedicalTechnologists	1.C.4.a	requiresWorkStyle	workStyleRequiredBy
onet	OphthalmicMedicalTechnologists	1.C.4.b	requiresWorkStyle	workStyleRequiredBy
onet	OphthalmicMedicalTechnologists	1.C.4.c	requiresWorkStyle	workStyleRequiredBy
onet	OphthalmicMedicalTechnologists	1.C.5.a	requiresWorkStyle	workStyleRequiredBy
onet	OphthalmicMedicalTechnologists	1.C.5.b	requiresWorkStyle	workStyleRequiredBy
onet	OphthalmicMedicalTechnologists	1.C.5.c	requiresWorkStyle	workStyleRequiredBy
onet	OphthalmicMedicalTechnologists	1.C.6	requiresWorkStyle	workStyleRequiredBy
onet	OphthalmicMedicalTechnologists	1.C.7.a	requiresWorkStyle	workStyleRequiredBy
onet	OphthalmicMedicalTechnologists	1.C.7.b	requiresWorkStyle	workStyleRequiredBy
onet	OpticiansDispensing	1.C.1.a	requiresWorkStyle	workStyleRequiredBy
onet	OpticiansDispensing	1.C.1.b	requiresWorkStyle	workStyleRequiredBy
onet	OpticiansDispensing	1.C.1.c	requiresWorkStyle	workStyleRequiredBy
onet	OpticiansDispensing	1.C.2.b	requiresWorkStyle	workStyleRequiredBy
onet	OpticiansDispensing	1.C.3.a	requiresWorkStyle	workStyleRequiredBy
onet	OpticiansDispensing	1.C.3.b	requiresWorkStyle	workStyleRequiredBy
onet	OpticiansDispensing	1.C.3.c	requiresWorkStyle	workStyleRequiredBy
onet	OpticiansDispensing	1.C.4.a	requiresWorkStyle	workStyleRequiredBy
onet	OpticiansDispensing	1.C.4.b	requiresWorkStyle	workStyleRequiredBy
onet	OpticiansDispensing	1.C.4.c	requiresWorkStyle	workStyleRequiredBy
onet	OpticiansDispensing	1.C.5.a	requiresWorkStyle	workStyleRequiredBy
onet	OpticiansDispensing	1.C.5.b	requiresWorkStyle	workStyleRequiredBy
onet	OpticiansDispensing	1.C.5.c	requiresWorkStyle	workStyleRequiredBy
onet	OpticiansDispensing	1.C.6	requiresWorkStyle	workStyleRequiredBy
onet	OpticiansDispensing	1.C.7.a	requiresWorkStyle	workStyleRequiredBy
onet	OpticiansDispensing	1.C.7.b	requiresWorkStyle	workStyleRequiredBy
onet	Optometrists	1.C.1.a	requiresWorkStyle	workStyleRequiredBy
onet	Optometrists	1.C.1.b	requiresWorkStyle	workStyleRequiredBy
onet	Optometrists	1.C.1.c	requiresWorkStyle	workStyleRequiredBy
onet	Optometrists	1.C.2.b	requiresWorkStyle	workStyleRequiredBy
onet	Optometrists	1.C.3.a	requiresWorkStyle	workStyleRequiredBy
onet	Optometrists	1.C.3.b	requiresWorkStyle	workStyleRequiredBy
onet	Optometrists	1.C.3.c	requiresWorkStyle	workStyleRequiredBy
onet	Optometrists	1.C.4.a	requiresWorkStyle	workStyleRequiredBy
onet	Optometrists	1.C.4.b	requiresWorkStyle	workStyleRequiredBy
onet	Optometrists	1.C.4.c	requiresWorkStyle	workStyleRequiredBy
onet	Optometrists	1.C.5.a	requiresWorkStyle	workStyleRequiredBy
onet	Optometrists	1.C.5.b	requiresWorkStyle	workStyleRequiredBy
onet	Optometrists	1.C.5.c	requiresWorkStyle	workStyleRequiredBy
onet	Optometrists	1.C.6	requiresWorkStyle	workStyleRequiredBy
onet	Optometrists	1.C.7.a	requiresWorkStyle	workStyleRequiredBy
onet	Optometrists	1.C.7.b	requiresWorkStyle	workStyleRequiredBy
onet	OrderClerks	1.C.1.a	requiresWorkStyle	workStyleRequiredBy
onet	OrderClerks	1.C.1.b	requiresWorkStyle	workStyleRequiredBy
onet	OrderClerks	1.C.1.c	requiresWorkStyle	workStyleRequiredBy
onet	OrderClerks	1.C.2.b	requiresWorkStyle	workStyleRequiredBy
onet	OrderClerks	1.C.3.a	requiresWorkStyle	workStyleRequiredBy
onet	OrderClerks	1.C.3.b	requiresWorkStyle	workStyleRequiredBy
onet	OrderClerks	1.C.3.c	requiresWorkStyle	workStyleRequiredBy
onet	OrderClerks	1.C.4.a	requiresWorkStyle	workStyleRequiredBy
onet	OrderClerks	1.C.4.b	requiresWorkStyle	workStyleRequiredBy
onet	OrderClerks	1.C.4.c	requiresWorkStyle	workStyleRequiredBy
onet	OrderClerks	1.C.5.a	requiresWorkStyle	workStyleRequiredBy
onet	OrderClerks	1.C.5.b	requiresWorkStyle	workStyleRequiredBy
onet	OrderClerks	1.C.5.c	requiresWorkStyle	workStyleRequiredBy
onet	OrderClerks	1.C.6	requiresWorkStyle	workStyleRequiredBy
onet	OrderClerks	1.C.7.a	requiresWorkStyle	workStyleRequiredBy
onet	OrderClerks	1.C.7.b	requiresWorkStyle	workStyleRequiredBy
onet	OrderFillers	1.C.1.a	requiresWorkStyle	workStyleRequiredBy
onet	OrderFillers	1.C.1.b	requiresWorkStyle	workStyleRequiredBy
onet	OrderFillers	1.C.1.c	requiresWorkStyle	workStyleRequiredBy
onet	OrderFillers	1.C.2.b	requiresWorkStyle	workStyleRequiredBy
onet	OrderFillers	1.C.3.a	requiresWorkStyle	workStyleRequiredBy
onet	OrderFillers	1.C.3.b	requiresWorkStyle	workStyleRequiredBy
onet	OrderFillers	1.C.3.c	requiresWorkStyle	workStyleRequiredBy
onet	OrderFillers	1.C.4.a	requiresWorkStyle	workStyleRequiredBy
onet	OrderFillers	1.C.4.b	requiresWorkStyle	workStyleRequiredBy
onet	OrderFillers	1.C.4.c	requiresWorkStyle	workStyleRequiredBy
onet	OrderFillers	1.C.5.a	requiresWorkStyle	workStyleRequiredBy
onet	OrderFillers	1.C.5.b	requiresWorkStyle	workStyleRequiredBy
onet	OrderFillers	1.C.5.c	requiresWorkStyle	workStyleRequiredBy
onet	OrderFillers	1.C.6	requiresWorkStyle	workStyleRequiredBy
onet	OrderFillers	1.C.7.a	requiresWorkStyle	workStyleRequiredBy
onet	OrderFillers	1.C.7.b	requiresWorkStyle	workStyleRequiredBy
onet	Orderlies	1.C.1.a	requiresWorkStyle	workStyleRequiredBy
onet	Orderlies	1.C.1.b	requiresWorkStyle	workStyleRequiredBy
onet	Orderlies	1.C.1.c	requiresWorkStyle	workStyleRequiredBy
onet	Orderlies	1.C.2.b	requiresWorkStyle	workStyleRequiredBy
onet	Orderlies	1.C.3.a	requiresWorkStyle	workStyleRequiredBy
onet	Orderlies	1.C.3.b	requiresWorkStyle	workStyleRequiredBy
onet	Orderlies	1.C.3.c	requiresWorkStyle	workStyleRequiredBy
onet	Orderlies	1.C.4.a	requiresWorkStyle	workStyleRequiredBy
onet	Orderlies	1.C.4.b	requiresWorkStyle	workStyleRequiredBy
onet	Orderlies	1.C.4.c	requiresWorkStyle	workStyleRequiredBy
onet	Orderlies	1.C.5.a	requiresWorkStyle	workStyleRequiredBy
onet	Orderlies	1.C.5.b	requiresWorkStyle	workStyleRequiredBy
onet	Orderlies	1.C.5.c	requiresWorkStyle	workStyleRequiredBy
onet	Orderlies	1.C.6	requiresWorkStyle	workStyleRequiredBy
onet	Orderlies	1.C.7.a	requiresWorkStyle	workStyleRequiredBy
onet	Orderlies	1.C.7.b	requiresWorkStyle	workStyleRequiredBy
onet	Orthodontists	1.C.1.a	requiresWorkStyle	workStyleRequiredBy
onet	Orthodontists	1.C.1.b	requiresWorkStyle	workStyleRequiredBy
onet	Orthodontists	1.C.1.c	requiresWorkStyle	workStyleRequiredBy
onet	Orthodontists	1.C.2.b	requiresWorkStyle	workStyleRequiredBy
onet	Orthodontists	1.C.3.a	requiresWorkStyle	workStyleRequiredBy
onet	Orthodontists	1.C.3.b	requiresWorkStyle	workStyleRequiredBy
onet	Orthodontists	1.C.3.c	requiresWorkStyle	workStyleRequiredBy
onet	Orthodontists	1.C.4.a	requiresWorkStyle	workStyleRequiredBy
onet	Orthodontists	1.C.4.b	requiresWorkStyle	workStyleRequiredBy
onet	Orthodontists	1.C.4.c	requiresWorkStyle	workStyleRequiredBy
onet	Orthodontists	1.C.5.a	requiresWorkStyle	workStyleRequiredBy
onet	Orthodontists	1.C.5.b	requiresWorkStyle	workStyleRequiredBy
onet	Orthodontists	1.C.5.c	requiresWorkStyle	workStyleRequiredBy
onet	Orthodontists	1.C.6	requiresWorkStyle	workStyleRequiredBy
onet	Orthodontists	1.C.7.a	requiresWorkStyle	workStyleRequiredBy
onet	Orthodontists	1.C.7.b	requiresWorkStyle	workStyleRequiredBy
onet	Orthoptists	1.C.1.a	requiresWorkStyle	workStyleRequiredBy
onet	Orthoptists	1.C.1.b	requiresWorkStyle	workStyleRequiredBy
onet	Orthoptists	1.C.1.c	requiresWorkStyle	workStyleRequiredBy
onet	Orthoptists	1.C.2.b	requiresWorkStyle	workStyleRequiredBy
onet	Orthoptists	1.C.3.a	requiresWorkStyle	workStyleRequiredBy
onet	Orthoptists	1.C.3.b	requiresWorkStyle	workStyleRequiredBy
onet	Orthoptists	1.C.3.c	requiresWorkStyle	workStyleRequiredBy
onet	Orthoptists	1.C.4.a	requiresWorkStyle	workStyleRequiredBy
onet	Orthoptists	1.C.4.b	requiresWorkStyle	workStyleRequiredBy
onet	Orthoptists	1.C.4.c	requiresWorkStyle	workStyleRequiredBy
onet	Orthoptists	1.C.5.a	requiresWorkStyle	workStyleRequiredBy
onet	Orthoptists	1.C.5.b	requiresWorkStyle	workStyleRequiredBy
onet	Orthoptists	1.C.5.c	requiresWorkStyle	workStyleRequiredBy
onet	Orthoptists	1.C.6	requiresWorkStyle	workStyleRequiredBy
onet	Orthoptists	1.C.7.a	requiresWorkStyle	workStyleRequiredBy
onet	Orthoptists	1.C.7.b	requiresWorkStyle	workStyleRequiredBy
onet	OtherAgriculturalManagers	1.C.1.a	requiresWorkStyle	workStyleRequiredBy
onet	OtherAgriculturalManagers	1.C.1.b	requiresWorkStyle	workStyleRequiredBy
onet	OtherAgriculturalManagers	1.C.1.c	requiresWorkStyle	workStyleRequiredBy
onet	OtherAgriculturalManagers	1.C.2.b	requiresWorkStyle	workStyleRequiredBy
onet	OtherAgriculturalManagers	1.C.3.a	requiresWorkStyle	workStyleRequiredBy
onet	OtherAgriculturalManagers	1.C.3.b	requiresWorkStyle	workStyleRequiredBy
onet	OtherAgriculturalManagers	1.C.3.c	requiresWorkStyle	workStyleRequiredBy
onet	OtherAgriculturalManagers	1.C.4.a	requiresWorkStyle	workStyleRequiredBy
onet	OtherAgriculturalManagers	1.C.4.b	requiresWorkStyle	workStyleRequiredBy
onet	OtherAgriculturalManagers	1.C.4.c	requiresWorkStyle	workStyleRequiredBy
onet	OtherAgriculturalManagers	1.C.5.a	requiresWorkStyle	workStyleRequiredBy
onet	OtherAgriculturalManagers	1.C.5.b	requiresWorkStyle	workStyleRequiredBy
onet	OtherAgriculturalManagers	1.C.5.c	requiresWorkStyle	workStyleRequiredBy
onet	OtherAgriculturalManagers	1.C.6	requiresWorkStyle	workStyleRequiredBy
onet	OtherAgriculturalManagers	1.C.7.a	requiresWorkStyle	workStyleRequiredBy
onet	OtherAgriculturalManagers	1.C.7.b	requiresWorkStyle	workStyleRequiredBy
onet	OtherConstructionEquipmentOperators	1.C.1.a	requiresWorkStyle	workStyleRequiredBy
onet	OtherConstructionEquipmentOperators	1.C.1.b	requiresWorkStyle	workStyleRequiredBy
onet	OtherConstructionEquipmentOperators	1.C.1.c	requiresWorkStyle	workStyleRequiredBy
onet	OtherConstructionEquipmentOperators	1.C.2.b	requiresWorkStyle	workStyleRequiredBy
onet	OtherConstructionEquipmentOperators	1.C.3.a	requiresWorkStyle	workStyleRequiredBy
onet	OtherConstructionEquipmentOperators	1.C.3.b	requiresWorkStyle	workStyleRequiredBy
onet	OtherConstructionEquipmentOperators	1.C.3.c	requiresWorkStyle	workStyleRequiredBy
onet	OtherConstructionEquipmentOperators	1.C.4.a	requiresWorkStyle	workStyleRequiredBy
onet	OtherConstructionEquipmentOperators	1.C.4.b	requiresWorkStyle	workStyleRequiredBy
onet	OtherConstructionEquipmentOperators	1.C.4.c	requiresWorkStyle	workStyleRequiredBy
onet	OtherConstructionEquipmentOperators	1.C.5.a	requiresWorkStyle	workStyleRequiredBy
onet	OtherConstructionEquipmentOperators	1.C.5.b	requiresWorkStyle	workStyleRequiredBy
onet	OtherConstructionEquipmentOperators	1.C.5.c	requiresWorkStyle	workStyleRequiredBy
onet	OtherConstructionEquipmentOperators	1.C.6	requiresWorkStyle	workStyleRequiredBy
onet	OtherConstructionEquipmentOperators	1.C.7.a	requiresWorkStyle	workStyleRequiredBy
onet	OtherConstructionEquipmentOperators	1.C.7.b	requiresWorkStyle	workStyleRequiredBy
onet	OtherMachineAssemblers	1.C.1.a	requiresWorkStyle	workStyleRequiredBy
onet	OtherMachineAssemblers	1.C.1.b	requiresWorkStyle	workStyleRequiredBy
onet	OtherMachineAssemblers	1.C.1.c	requiresWorkStyle	workStyleRequiredBy
onet	OtherMachineAssemblers	1.C.2.b	requiresWorkStyle	workStyleRequiredBy
onet	OtherMachineAssemblers	1.C.3.a	requiresWorkStyle	workStyleRequiredBy
onet	OtherMachineAssemblers	1.C.3.b	requiresWorkStyle	workStyleRequiredBy
onet	OtherMachineAssemblers	1.C.3.c	requiresWorkStyle	workStyleRequiredBy
onet	OtherMachineAssemblers	1.C.4.a	requiresWorkStyle	workStyleRequiredBy
onet	OtherMachineAssemblers	1.C.4.b	requiresWorkStyle	workStyleRequiredBy
onet	OtherMachineAssemblers	1.C.4.c	requiresWorkStyle	workStyleRequiredBy
onet	OtherMachineAssemblers	1.C.5.a	requiresWorkStyle	workStyleRequiredBy
onet	OtherMachineAssemblers	1.C.5.b	requiresWorkStyle	workStyleRequiredBy
onet	OtherMachineAssemblers	1.C.5.c	requiresWorkStyle	workStyleRequiredBy
onet	OtherMachineAssemblers	1.C.6	requiresWorkStyle	workStyleRequiredBy
onet	OtherMachineAssemblers	1.C.7.a	requiresWorkStyle	workStyleRequiredBy
onet	OtherMachineAssemblers	1.C.7.b	requiresWorkStyle	workStyleRequiredBy
onet	OtherRecreationalProtectiveServiceWorkers	1.C.1.a	requiresWorkStyle	workStyleRequiredBy
onet	OtherRecreationalProtectiveServiceWorkers	1.C.1.b	requiresWorkStyle	workStyleRequiredBy
onet	OtherRecreationalProtectiveServiceWorkers	1.C.1.c	requiresWorkStyle	workStyleRequiredBy
onet	OtherRecreationalProtectiveServiceWorkers	1.C.2.b	requiresWorkStyle	workStyleRequiredBy
onet	OtherRecreationalProtectiveServiceWorkers	1.C.3.a	requiresWorkStyle	workStyleRequiredBy
onet	OtherRecreationalProtectiveServiceWorkers	1.C.3.b	requiresWorkStyle	workStyleRequiredBy
onet	OtherRecreationalProtectiveServiceWorkers	1.C.3.c	requiresWorkStyle	workStyleRequiredBy
onet	OtherRecreationalProtectiveServiceWorkers	1.C.4.a	requiresWorkStyle	workStyleRequiredBy
onet	OtherRecreationalProtectiveServiceWorkers	1.C.4.b	requiresWorkStyle	workStyleRequiredBy
onet	OtherRecreationalProtectiveServiceWorkers	1.C.4.c	requiresWorkStyle	workStyleRequiredBy
onet	OtherRecreationalProtectiveServiceWorkers	1.C.5.a	requiresWorkStyle	workStyleRequiredBy
onet	OtherRecreationalProtectiveServiceWorkers	1.C.5.b	requiresWorkStyle	workStyleRequiredBy
onet	OtherRecreationalProtectiveServiceWorkers	1.C.5.c	requiresWorkStyle	workStyleRequiredBy
onet	OtherRecreationalProtectiveServiceWorkers	1.C.6	requiresWorkStyle	workStyleRequiredBy
onet	OtherRecreationalProtectiveServiceWorkers	1.C.7.a	requiresWorkStyle	workStyleRequiredBy
onet	OtherRecreationalProtectiveServiceWorkers	1.C.7.b	requiresWorkStyle	workStyleRequiredBy
onet	OtherSmallEngineMechanics	1.C.1.a	requiresWorkStyle	workStyleRequiredBy
onet	OtherSmallEngineMechanics	1.C.1.b	requiresWorkStyle	workStyleRequiredBy
onet	OtherSmallEngineMechanics	1.C.1.c	requiresWorkStyle	workStyleRequiredBy
onet	OtherSmallEngineMechanics	1.C.2.b	requiresWorkStyle	workStyleRequiredBy
onet	OtherSmallEngineMechanics	1.C.3.a	requiresWorkStyle	workStyleRequiredBy
onet	OtherSmallEngineMechanics	1.C.3.b	requiresWorkStyle	workStyleRequiredBy
onet	OtherSmallEngineMechanics	1.C.3.c	requiresWorkStyle	workStyleRequiredBy
onet	OtherSmallEngineMechanics	1.C.4.a	requiresWorkStyle	workStyleRequiredBy
onet	OtherSmallEngineMechanics	1.C.4.b	requiresWorkStyle	workStyleRequiredBy
onet	OtherSmallEngineMechanics	1.C.4.c	requiresWorkStyle	workStyleRequiredBy
onet	OtherSmallEngineMechanics	1.C.5.a	requiresWorkStyle	workStyleRequiredBy
onet	OtherSmallEngineMechanics	1.C.5.b	requiresWorkStyle	workStyleRequiredBy
onet	OtherSmallEngineMechanics	1.C.5.c	requiresWorkStyle	workStyleRequiredBy
onet	OtherSmallEngineMechanics	1.C.6	requiresWorkStyle	workStyleRequiredBy
onet	OtherSmallEngineMechanics	1.C.7.a	requiresWorkStyle	workStyleRequiredBy
onet	OtherSmallEngineMechanics	1.C.7.b	requiresWorkStyle	workStyleRequiredBy
onet	OtherSportsOfficials	1.C.1.a	requiresWorkStyle	workStyleRequiredBy
onet	OtherSportsOfficials	1.C.1.b	requiresWorkStyle	workStyleRequiredBy
onet	OtherSportsOfficials	1.C.1.c	requiresWorkStyle	workStyleRequiredBy
onet	OtherSportsOfficials	1.C.2.b	requiresWorkStyle	workStyleRequiredBy
onet	OtherSportsOfficials	1.C.3.a	requiresWorkStyle	workStyleRequiredBy
onet	OtherSportsOfficials	1.C.3.b	requiresWorkStyle	workStyleRequiredBy
onet	OtherSportsOfficials	1.C.3.c	requiresWorkStyle	workStyleRequiredBy
onet	OtherSportsOfficials	1.C.4.a	requiresWorkStyle	workStyleRequiredBy
onet	OtherSportsOfficials	1.C.4.b	requiresWorkStyle	workStyleRequiredBy
onet	OtherSportsOfficials	1.C.4.c	requiresWorkStyle	workStyleRequiredBy
onet	OtherSportsOfficials	1.C.5.a	requiresWorkStyle	workStyleRequiredBy
onet	OtherSportsOfficials	1.C.5.b	requiresWorkStyle	workStyleRequiredBy
onet	OtherSportsOfficials	1.C.5.c	requiresWorkStyle	workStyleRequiredBy
onet	OtherSportsOfficials	1.C.6	requiresWorkStyle	workStyleRequiredBy
onet	OtherSportsOfficials	1.C.7.a	requiresWorkStyle	workStyleRequiredBy
onet	OtherSportsOfficials	1.C.7.b	requiresWorkStyle	workStyleRequiredBy
onet	PackagersHand	1.C.1.a	requiresWorkStyle	workStyleRequiredBy
onet	PackagersHand	1.C.1.b	requiresWorkStyle	workStyleRequiredBy
onet	PackagersHand	1.C.1.c	requiresWorkStyle	workStyleRequiredBy
onet	PackagersHand	1.C.2.b	requiresWorkStyle	workStyleRequiredBy
onet	PackagersHand	1.C.3.a	requiresWorkStyle	workStyleRequiredBy
onet	PackagersHand	1.C.3.b	requiresWorkStyle	workStyleRequiredBy
onet	PackagersHand	1.C.3.c	requiresWorkStyle	workStyleRequiredBy
onet	PackagersHand	1.C.4.a	requiresWorkStyle	workStyleRequiredBy
onet	PackagersHand	1.C.4.b	requiresWorkStyle	workStyleRequiredBy
onet	PackagersHand	1.C.4.c	requiresWorkStyle	workStyleRequiredBy
onet	PackagersHand	1.C.5.a	requiresWorkStyle	workStyleRequiredBy
onet	PackagersHand	1.C.5.b	requiresWorkStyle	workStyleRequiredBy
onet	PackagersHand	1.C.5.c	requiresWorkStyle	workStyleRequiredBy
onet	PackagersHand	1.C.6	requiresWorkStyle	workStyleRequiredBy
onet	PackagersHand	1.C.7.a	requiresWorkStyle	workStyleRequiredBy
onet	PackagersHand	1.C.7.b	requiresWorkStyle	workStyleRequiredBy
onet	Paperhangers	1.C.1.a	requiresWorkStyle	workStyleRequiredBy
onet	Paperhangers	1.C.1.b	requiresWorkStyle	workStyleRequiredBy
onet	Paperhangers	1.C.1.c	requiresWorkStyle	workStyleRequiredBy
onet	Paperhangers	1.C.2.b	requiresWorkStyle	workStyleRequiredBy
onet	Paperhangers	1.C.3.a	requiresWorkStyle	workStyleRequiredBy
onet	Paperhangers	1.C.3.b	requiresWorkStyle	workStyleRequiredBy
onet	Paperhangers	1.C.3.c	requiresWorkStyle	workStyleRequiredBy
onet	Paperhangers	1.C.4.a	requiresWorkStyle	workStyleRequiredBy
onet	Paperhangers	1.C.4.b	requiresWorkStyle	workStyleRequiredBy
onet	Paperhangers	1.C.4.c	requiresWorkStyle	workStyleRequiredBy
onet	Paperhangers	1.C.5.a	requiresWorkStyle	workStyleRequiredBy
onet	Paperhangers	1.C.5.b	requiresWorkStyle	workStyleRequiredBy
onet	Paperhangers	1.C.5.c	requiresWorkStyle	workStyleRequiredBy
onet	Paperhangers	1.C.6	requiresWorkStyle	workStyleRequiredBy
onet	Paperhangers	1.C.7.a	requiresWorkStyle	workStyleRequiredBy
onet	Paperhangers	1.C.7.b	requiresWorkStyle	workStyleRequiredBy
onet	ParkNaturalists	1.C.1.a	requiresWorkStyle	workStyleRequiredBy
onet	ParkNaturalists	1.C.1.b	requiresWorkStyle	workStyleRequiredBy
onet	ParkNaturalists	1.C.1.c	requiresWorkStyle	workStyleRequiredBy
onet	ParkNaturalists	1.C.2.b	requiresWorkStyle	workStyleRequiredBy
onet	ParkNaturalists	1.C.3.a	requiresWorkStyle	workStyleRequiredBy
onet	ParkNaturalists	1.C.3.b	requiresWorkStyle	workStyleRequiredBy
onet	ParkNaturalists	1.C.3.c	requiresWorkStyle	workStyleRequiredBy
onet	ParkNaturalists	1.C.4.a	requiresWorkStyle	workStyleRequiredBy
onet	ParkNaturalists	1.C.4.b	requiresWorkStyle	workStyleRequiredBy
onet	ParkNaturalists	1.C.4.c	requiresWorkStyle	workStyleRequiredBy
onet	ParkNaturalists	1.C.5.a	requiresWorkStyle	workStyleRequiredBy
onet	ParkNaturalists	1.C.5.b	requiresWorkStyle	workStyleRequiredBy
onet	ParkNaturalists	1.C.5.c	requiresWorkStyle	workStyleRequiredBy
onet	ParkNaturalists	1.C.6	requiresWorkStyle	workStyleRequiredBy
onet	ParkNaturalists	1.C.7.a	requiresWorkStyle	workStyleRequiredBy
onet	ParkNaturalists	1.C.7.b	requiresWorkStyle	workStyleRequiredBy
onet	ParkingAttendants	1.C.1.a	requiresWorkStyle	workStyleRequiredBy
onet	ParkingAttendants	1.C.1.b	requiresWorkStyle	workStyleRequiredBy
onet	ParkingAttendants	1.C.1.c	requiresWorkStyle	workStyleRequiredBy
onet	ParkingAttendants	1.C.2.b	requiresWorkStyle	workStyleRequiredBy
onet	ParkingAttendants	1.C.3.a	requiresWorkStyle	workStyleRequiredBy
onet	ParkingAttendants	1.C.3.b	requiresWorkStyle	workStyleRequiredBy
onet	ParkingAttendants	1.C.3.c	requiresWorkStyle	workStyleRequiredBy
onet	ParkingAttendants	1.C.4.a	requiresWorkStyle	workStyleRequiredBy
onet	ParkingAttendants	1.C.4.b	requiresWorkStyle	workStyleRequiredBy
onet	ParkingAttendants	1.C.4.c	requiresWorkStyle	workStyleRequiredBy
onet	ParkingAttendants	1.C.5.a	requiresWorkStyle	workStyleRequiredBy
onet	ParkingAttendants	1.C.5.b	requiresWorkStyle	workStyleRequiredBy
onet	ParkingAttendants	1.C.5.c	requiresWorkStyle	workStyleRequiredBy
onet	ParkingAttendants	1.C.6	requiresWorkStyle	workStyleRequiredBy
onet	ParkingAttendants	1.C.7.a	requiresWorkStyle	workStyleRequiredBy
onet	ParkingAttendants	1.C.7.b	requiresWorkStyle	workStyleRequiredBy
onet	ParkingEnforcementWorkers	1.C.1.a	requiresWorkStyle	workStyleRequiredBy
onet	ParkingEnforcementWorkers	1.C.1.b	requiresWorkStyle	workStyleRequiredBy
onet	ParkingEnforcementWorkers	1.C.1.c	requiresWorkStyle	workStyleRequiredBy
onet	ParkingEnforcementWorkers	1.C.2.b	requiresWorkStyle	workStyleRequiredBy
onet	ParkingEnforcementWorkers	1.C.3.a	requiresWorkStyle	workStyleRequiredBy
onet	ParkingEnforcementWorkers	1.C.3.b	requiresWorkStyle	workStyleRequiredBy
onet	ParkingEnforcementWorkers	1.C.3.c	requiresWorkStyle	workStyleRequiredBy
onet	ParkingEnforcementWorkers	1.C.4.a	requiresWorkStyle	workStyleRequiredBy
onet	ParkingEnforcementWorkers	1.C.4.b	requiresWorkStyle	workStyleRequiredBy
onet	ParkingEnforcementWorkers	1.C.4.c	requiresWorkStyle	workStyleRequiredBy
onet	ParkingEnforcementWorkers	1.C.5.a	requiresWorkStyle	workStyleRequiredBy
onet	ParkingEnforcementWorkers	1.C.5.b	requiresWorkStyle	workStyleRequiredBy
onet	ParkingEnforcementWorkers	1.C.5.c	requiresWorkStyle	workStyleRequiredBy
onet	ParkingEnforcementWorkers	1.C.6	requiresWorkStyle	workStyleRequiredBy
onet	ParkingEnforcementWorkers	1.C.7.a	requiresWorkStyle	workStyleRequiredBy
onet	ParkingEnforcementWorkers	1.C.7.b	requiresWorkStyle	workStyleRequiredBy
onet	PartsSalespersons	1.C.1.a	requiresWorkStyle	workStyleRequiredBy
onet	PartsSalespersons	1.C.1.b	requiresWorkStyle	workStyleRequiredBy
onet	PartsSalespersons	1.C.1.c	requiresWorkStyle	workStyleRequiredBy
onet	PartsSalespersons	1.C.2.b	requiresWorkStyle	workStyleRequiredBy
onet	PartsSalespersons	1.C.3.a	requiresWorkStyle	workStyleRequiredBy
onet	PartsSalespersons	1.C.3.b	requiresWorkStyle	workStyleRequiredBy
onet	PartsSalespersons	1.C.3.c	requiresWorkStyle	workStyleRequiredBy
onet	PartsSalespersons	1.C.4.a	requiresWorkStyle	workStyleRequiredBy
onet	PartsSalespersons	1.C.4.b	requiresWorkStyle	workStyleRequiredBy
onet	PartsSalespersons	1.C.4.c	requiresWorkStyle	workStyleRequiredBy
onet	PartsSalespersons	1.C.5.a	requiresWorkStyle	workStyleRequiredBy
onet	PartsSalespersons	1.C.5.b	requiresWorkStyle	workStyleRequiredBy
onet	PartsSalespersons	1.C.5.c	requiresWorkStyle	workStyleRequiredBy
onet	PartsSalespersons	1.C.6	requiresWorkStyle	workStyleRequiredBy
onet	PartsSalespersons	1.C.7.a	requiresWorkStyle	workStyleRequiredBy
onet	PartsSalespersons	1.C.7.b	requiresWorkStyle	workStyleRequiredBy
onet	PassengerAttendants	1.C.1.a	requiresWorkStyle	workStyleRequiredBy
onet	PassengerAttendants	1.C.1.b	requiresWorkStyle	workStyleRequiredBy
onet	PassengerAttendants	1.C.1.c	requiresWorkStyle	workStyleRequiredBy
onet	PassengerAttendants	1.C.2.b	requiresWorkStyle	workStyleRequiredBy
onet	PassengerAttendants	1.C.3.a	requiresWorkStyle	workStyleRequiredBy
onet	PassengerAttendants	1.C.3.b	requiresWorkStyle	workStyleRequiredBy
onet	PassengerAttendants	1.C.3.c	requiresWorkStyle	workStyleRequiredBy
onet	PassengerAttendants	1.C.4.a	requiresWorkStyle	workStyleRequiredBy
onet	PassengerAttendants	1.C.4.b	requiresWorkStyle	workStyleRequiredBy
onet	PassengerAttendants	1.C.4.c	requiresWorkStyle	workStyleRequiredBy
onet	PassengerAttendants	1.C.5.a	requiresWorkStyle	workStyleRequiredBy
onet	PassengerAttendants	1.C.5.b	requiresWorkStyle	workStyleRequiredBy
onet	PassengerAttendants	1.C.5.c	requiresWorkStyle	workStyleRequiredBy
onet	PassengerAttendants	1.C.6	requiresWorkStyle	workStyleRequiredBy
onet	PassengerAttendants	1.C.7.a	requiresWorkStyle	workStyleRequiredBy
onet	PassengerAttendants	1.C.7.b	requiresWorkStyle	workStyleRequiredBy
onet	PatientRepresentatives	1.C.1.a	requiresWorkStyle	workStyleRequiredBy
onet	PatientRepresentatives	1.C.1.b	requiresWorkStyle	workStyleRequiredBy
onet	PatientRepresentatives	1.C.1.c	requiresWorkStyle	workStyleRequiredBy
onet	PatientRepresentatives	1.C.2.b	requiresWorkStyle	workStyleRequiredBy
onet	PatientRepresentatives	1.C.3.a	requiresWorkStyle	workStyleRequiredBy
onet	PatientRepresentatives	1.C.3.b	requiresWorkStyle	workStyleRequiredBy
onet	PatientRepresentatives	1.C.3.c	requiresWorkStyle	workStyleRequiredBy
onet	PatientRepresentatives	1.C.4.a	requiresWorkStyle	workStyleRequiredBy
onet	PatientRepresentatives	1.C.4.b	requiresWorkStyle	workStyleRequiredBy
onet	PatientRepresentatives	1.C.4.c	requiresWorkStyle	workStyleRequiredBy
onet	PatientRepresentatives	1.C.5.a	requiresWorkStyle	workStyleRequiredBy
onet	PatientRepresentatives	1.C.5.b	requiresWorkStyle	workStyleRequiredBy
onet	PatientRepresentatives	1.C.5.c	requiresWorkStyle	workStyleRequiredBy
onet	PatientRepresentatives	1.C.6	requiresWorkStyle	workStyleRequiredBy
onet	PatientRepresentatives	1.C.7.a	requiresWorkStyle	workStyleRequiredBy
onet	PatientRepresentatives	1.C.7.b	requiresWorkStyle	workStyleRequiredBy
onet	PatternmakersWood	1.C.1.a	requiresWorkStyle	workStyleRequiredBy
onet	PatternmakersWood	1.C.1.b	requiresWorkStyle	workStyleRequiredBy
onet	PatternmakersWood	1.C.1.c	requiresWorkStyle	workStyleRequiredBy
onet	PatternmakersWood	1.C.2.b	requiresWorkStyle	workStyleRequiredBy
onet	PatternmakersWood	1.C.3.a	requiresWorkStyle	workStyleRequiredBy
onet	PatternmakersWood	1.C.3.b	requiresWorkStyle	workStyleRequiredBy
onet	PatternmakersWood	1.C.3.c	requiresWorkStyle	workStyleRequiredBy
onet	PatternmakersWood	1.C.4.a	requiresWorkStyle	workStyleRequiredBy
onet	PatternmakersWood	1.C.4.b	requiresWorkStyle	workStyleRequiredBy
onet	PatternmakersWood	1.C.4.c	requiresWorkStyle	workStyleRequiredBy
onet	PatternmakersWood	1.C.5.a	requiresWorkStyle	workStyleRequiredBy
onet	PatternmakersWood	1.C.5.b	requiresWorkStyle	workStyleRequiredBy
onet	PatternmakersWood	1.C.5.c	requiresWorkStyle	workStyleRequiredBy
onet	PatternmakersWood	1.C.6	requiresWorkStyle	workStyleRequiredBy
onet	PatternmakersWood	1.C.7.a	requiresWorkStyle	workStyleRequiredBy
onet	PatternmakersWood	1.C.7.b	requiresWorkStyle	workStyleRequiredBy
onet	Pediatric	1.C.1.a	requiresWorkStyle	workStyleRequiredBy
onet	Pediatric	1.C.1.b	requiresWorkStyle	workStyleRequiredBy
onet	Pediatric	1.C.1.c	requiresWorkStyle	workStyleRequiredBy
onet	Pediatric	1.C.2.b	requiresWorkStyle	workStyleRequiredBy
onet	Pediatric	1.C.3.a	requiresWorkStyle	workStyleRequiredBy
onet	Pediatric	1.C.3.b	requiresWorkStyle	workStyleRequiredBy
onet	Pediatric	1.C.3.c	requiresWorkStyle	workStyleRequiredBy
onet	Pediatric	1.C.4.a	requiresWorkStyle	workStyleRequiredBy
onet	Pediatric	1.C.4.b	requiresWorkStyle	workStyleRequiredBy
onet	Pediatric	1.C.4.c	requiresWorkStyle	workStyleRequiredBy
onet	Pediatric	1.C.5.a	requiresWorkStyle	workStyleRequiredBy
onet	Pediatric	1.C.5.b	requiresWorkStyle	workStyleRequiredBy
onet	Pediatric	1.C.5.c	requiresWorkStyle	workStyleRequiredBy
onet	Pediatric	1.C.6	requiresWorkStyle	workStyleRequiredBy
onet	Pediatric	1.C.7.a	requiresWorkStyle	workStyleRequiredBy
onet	Pediatric	1.C.7.b	requiresWorkStyle	workStyleRequiredBy
onet	PediatriciansGeneral	1.C.1.a	requiresWorkStyle	workStyleRequiredBy
onet	PediatriciansGeneral	1.C.1.b	requiresWorkStyle	workStyleRequiredBy
onet	PediatriciansGeneral	1.C.1.c	requiresWorkStyle	workStyleRequiredBy
onet	PediatriciansGeneral	1.C.2.b	requiresWorkStyle	workStyleRequiredBy
onet	PediatriciansGeneral	1.C.3.a	requiresWorkStyle	workStyleRequiredBy
onet	PediatriciansGeneral	1.C.3.b	requiresWorkStyle	workStyleRequiredBy
onet	PediatriciansGeneral	1.C.3.c	requiresWorkStyle	workStyleRequiredBy
onet	PediatriciansGeneral	1.C.4.a	requiresWorkStyle	workStyleRequiredBy
onet	PediatriciansGeneral	1.C.4.b	requiresWorkStyle	workStyleRequiredBy
onet	PediatriciansGeneral	1.C.4.c	requiresWorkStyle	workStyleRequiredBy
onet	PediatriciansGeneral	1.C.5.a	requiresWorkStyle	workStyleRequiredBy
onet	PediatriciansGeneral	1.C.5.b	requiresWorkStyle	workStyleRequiredBy
onet	PediatriciansGeneral	1.C.5.c	requiresWorkStyle	workStyleRequiredBy
onet	PediatriciansGeneral	1.C.6	requiresWorkStyle	workStyleRequiredBy
onet	PediatriciansGeneral	1.C.7.a	requiresWorkStyle	workStyleRequiredBy
onet	PediatriciansGeneral	1.C.7.b	requiresWorkStyle	workStyleRequiredBy
onet	Pedicurists	1.C.1.a	requiresWorkStyle	workStyleRequiredBy
onet	Pedicurists	1.C.1.b	requiresWorkStyle	workStyleRequiredBy
onet	Pedicurists	1.C.1.c	requiresWorkStyle	workStyleRequiredBy
onet	Pedicurists	1.C.2.b	requiresWorkStyle	workStyleRequiredBy
onet	Pedicurists	1.C.3.a	requiresWorkStyle	workStyleRequiredBy
onet	Pedicurists	1.C.3.b	requiresWorkStyle	workStyleRequiredBy
onet	Pedicurists	1.C.3.c	requiresWorkStyle	workStyleRequiredBy
onet	Pedicurists	1.C.4.a	requiresWorkStyle	workStyleRequiredBy
onet	Pedicurists	1.C.4.b	requiresWorkStyle	workStyleRequiredBy
onet	Pedicurists	1.C.4.c	requiresWorkStyle	workStyleRequiredBy
onet	Pedicurists	1.C.5.a	requiresWorkStyle	workStyleRequiredBy
onet	Pedicurists	1.C.5.b	requiresWorkStyle	workStyleRequiredBy
onet	Pedicurists	1.C.5.c	requiresWorkStyle	workStyleRequiredBy
onet	Pedicurists	1.C.6	requiresWorkStyle	workStyleRequiredBy
onet	Pedicurists	1.C.7.a	requiresWorkStyle	workStyleRequiredBy
onet	Pedicurists	1.C.7.b	requiresWorkStyle	workStyleRequiredBy
onet	Performance	1.C.1.a	requiresWorkStyle	workStyleRequiredBy
onet	Performance	1.C.1.b	requiresWorkStyle	workStyleRequiredBy
onet	Performance	1.C.1.c	requiresWorkStyle	workStyleRequiredBy
onet	Performance	1.C.2.b	requiresWorkStyle	workStyleRequiredBy
onet	Performance	1.C.3.a	requiresWorkStyle	workStyleRequiredBy
onet	Performance	1.C.3.b	requiresWorkStyle	workStyleRequiredBy
onet	Performance	1.C.3.c	requiresWorkStyle	workStyleRequiredBy
onet	Performance	1.C.4.a	requiresWorkStyle	workStyleRequiredBy
onet	Performance	1.C.4.b	requiresWorkStyle	workStyleRequiredBy
onet	Performance	1.C.4.c	requiresWorkStyle	workStyleRequiredBy
onet	Performance	1.C.5.a	requiresWorkStyle	workStyleRequiredBy
onet	Performance	1.C.5.b	requiresWorkStyle	workStyleRequiredBy
onet	Performance	1.C.5.c	requiresWorkStyle	workStyleRequiredBy
onet	Performance	1.C.6	requiresWorkStyle	workStyleRequiredBy
onet	Performance	1.C.7.a	requiresWorkStyle	workStyleRequiredBy
onet	Performance	1.C.7.b	requiresWorkStyle	workStyleRequiredBy
onet	PersonalCareAides	1.C.1.a	requiresWorkStyle	workStyleRequiredBy
onet	PersonalCareAides	1.C.1.b	requiresWorkStyle	workStyleRequiredBy
onet	PersonalCareAides	1.C.1.c	requiresWorkStyle	workStyleRequiredBy
onet	PersonalCareAides	1.C.2.b	requiresWorkStyle	workStyleRequiredBy
onet	PersonalCareAides	1.C.3.a	requiresWorkStyle	workStyleRequiredBy
onet	PersonalCareAides	1.C.3.b	requiresWorkStyle	workStyleRequiredBy
onet	PersonalCareAides	1.C.3.c	requiresWorkStyle	workStyleRequiredBy
onet	PersonalCareAides	1.C.4.a	requiresWorkStyle	workStyleRequiredBy
onet	PersonalCareAides	1.C.4.b	requiresWorkStyle	workStyleRequiredBy
onet	PersonalCareAides	1.C.4.c	requiresWorkStyle	workStyleRequiredBy
onet	PersonalCareAides	1.C.5.a	requiresWorkStyle	workStyleRequiredBy
onet	PersonalCareAides	1.C.5.b	requiresWorkStyle	workStyleRequiredBy
onet	PersonalCareAides	1.C.5.c	requiresWorkStyle	workStyleRequiredBy
onet	PersonalCareAides	1.C.6	requiresWorkStyle	workStyleRequiredBy
onet	PersonalCareAides	1.C.7.a	requiresWorkStyle	workStyleRequiredBy
onet	PersonalCareAides	1.C.7.b	requiresWorkStyle	workStyleRequiredBy
onet	PersonalFinancialAdvisors	1.C.1.a	requiresWorkStyle	workStyleRequiredBy
onet	PersonalFinancialAdvisors	1.C.1.b	requiresWorkStyle	workStyleRequiredBy
onet	PersonalFinancialAdvisors	1.C.1.c	requiresWorkStyle	workStyleRequiredBy
onet	PersonalFinancialAdvisors	1.C.2.b	requiresWorkStyle	workStyleRequiredBy
onet	PersonalFinancialAdvisors	1.C.3.a	requiresWorkStyle	workStyleRequiredBy
onet	PersonalFinancialAdvisors	1.C.3.b	requiresWorkStyle	workStyleRequiredBy
onet	PersonalFinancialAdvisors	1.C.3.c	requiresWorkStyle	workStyleRequiredBy
onet	PersonalFinancialAdvisors	1.C.4.a	requiresWorkStyle	workStyleRequiredBy
onet	PersonalFinancialAdvisors	1.C.4.b	requiresWorkStyle	workStyleRequiredBy
onet	PersonalFinancialAdvisors	1.C.4.c	requiresWorkStyle	workStyleRequiredBy
onet	PersonalFinancialAdvisors	1.C.5.a	requiresWorkStyle	workStyleRequiredBy
onet	PersonalFinancialAdvisors	1.C.5.b	requiresWorkStyle	workStyleRequiredBy
onet	PersonalFinancialAdvisors	1.C.5.c	requiresWorkStyle	workStyleRequiredBy
onet	PersonalFinancialAdvisors	1.C.6	requiresWorkStyle	workStyleRequiredBy
onet	PersonalFinancialAdvisors	1.C.7.a	requiresWorkStyle	workStyleRequiredBy
onet	PersonalFinancialAdvisors	1.C.7.b	requiresWorkStyle	workStyleRequiredBy
onet	PestControlWorkers	1.C.1.a	requiresWorkStyle	workStyleRequiredBy
onet	PestControlWorkers	1.C.1.b	requiresWorkStyle	workStyleRequiredBy
onet	PestControlWorkers	1.C.1.c	requiresWorkStyle	workStyleRequiredBy
onet	PestControlWorkers	1.C.2.b	requiresWorkStyle	workStyleRequiredBy
onet	PestControlWorkers	1.C.3.a	requiresWorkStyle	workStyleRequiredBy
onet	PestControlWorkers	1.C.3.b	requiresWorkStyle	workStyleRequiredBy
onet	PestControlWorkers	1.C.3.c	requiresWorkStyle	workStyleRequiredBy
onet	PestControlWorkers	1.C.4.a	requiresWorkStyle	workStyleRequiredBy
onet	PestControlWorkers	1.C.4.b	requiresWorkStyle	workStyleRequiredBy
onet	PestControlWorkers	1.C.4.c	requiresWorkStyle	workStyleRequiredBy
onet	PestControlWorkers	1.C.5.a	requiresWorkStyle	workStyleRequiredBy
onet	PestControlWorkers	1.C.5.b	requiresWorkStyle	workStyleRequiredBy
onet	PestControlWorkers	1.C.5.c	requiresWorkStyle	workStyleRequiredBy
onet	PestControlWorkers	1.C.6	requiresWorkStyle	workStyleRequiredBy
onet	PestControlWorkers	1.C.7.a	requiresWorkStyle	workStyleRequiredBy
onet	PestControlWorkers	1.C.7.b	requiresWorkStyle	workStyleRequiredBy
onet	PetroleumEngineers	1.C.1.a	requiresWorkStyle	workStyleRequiredBy
onet	PetroleumEngineers	1.C.1.b	requiresWorkStyle	workStyleRequiredBy
onet	PetroleumEngineers	1.C.1.c	requiresWorkStyle	workStyleRequiredBy
onet	PetroleumEngineers	1.C.2.b	requiresWorkStyle	workStyleRequiredBy
onet	PetroleumEngineers	1.C.3.a	requiresWorkStyle	workStyleRequiredBy
onet	PetroleumEngineers	1.C.3.b	requiresWorkStyle	workStyleRequiredBy
onet	PetroleumEngineers	1.C.3.c	requiresWorkStyle	workStyleRequiredBy
onet	PetroleumEngineers	1.C.4.a	requiresWorkStyle	workStyleRequiredBy
onet	PetroleumEngineers	1.C.4.b	requiresWorkStyle	workStyleRequiredBy
onet	PetroleumEngineers	1.C.4.c	requiresWorkStyle	workStyleRequiredBy
onet	PetroleumEngineers	1.C.5.a	requiresWorkStyle	workStyleRequiredBy
onet	PetroleumEngineers	1.C.5.b	requiresWorkStyle	workStyleRequiredBy
onet	PetroleumEngineers	1.C.5.c	requiresWorkStyle	workStyleRequiredBy
onet	PetroleumEngineers	1.C.6	requiresWorkStyle	workStyleRequiredBy
onet	PetroleumEngineers	1.C.7.a	requiresWorkStyle	workStyleRequiredBy
onet	PetroleumEngineers	1.C.7.b	requiresWorkStyle	workStyleRequiredBy
onet	Pharmacists	1.C.1.a	requiresWorkStyle	workStyleRequiredBy
onet	Pharmacists	1.C.1.b	requiresWorkStyle	workStyleRequiredBy
onet	Pharmacists	1.C.1.c	requiresWorkStyle	workStyleRequiredBy
onet	Pharmacists	1.C.2.b	requiresWorkStyle	workStyleRequiredBy
onet	Pharmacists	1.C.3.a	requiresWorkStyle	workStyleRequiredBy
onet	Pharmacists	1.C.3.b	requiresWorkStyle	workStyleRequiredBy
onet	Pharmacists	1.C.3.c	requiresWorkStyle	workStyleRequiredBy
onet	Pharmacists	1.C.4.a	requiresWorkStyle	workStyleRequiredBy
onet	Pharmacists	1.C.4.b	requiresWorkStyle	workStyleRequiredBy
onet	Pharmacists	1.C.4.c	requiresWorkStyle	workStyleRequiredBy
onet	Pharmacists	1.C.5.a	requiresWorkStyle	workStyleRequiredBy
onet	Pharmacists	1.C.5.b	requiresWorkStyle	workStyleRequiredBy
onet	Pharmacists	1.C.5.c	requiresWorkStyle	workStyleRequiredBy
onet	Pharmacists	1.C.6	requiresWorkStyle	workStyleRequiredBy
onet	Pharmacists	1.C.7.a	requiresWorkStyle	workStyleRequiredBy
onet	Pharmacists	1.C.7.b	requiresWorkStyle	workStyleRequiredBy
onet	PharmacyAides	1.C.1.a	requiresWorkStyle	workStyleRequiredBy
onet	PharmacyAides	1.C.1.b	requiresWorkStyle	workStyleRequiredBy
onet	PharmacyAides	1.C.1.c	requiresWorkStyle	workStyleRequiredBy
onet	PharmacyAides	1.C.2.b	requiresWorkStyle	workStyleRequiredBy
onet	PharmacyAides	1.C.3.a	requiresWorkStyle	workStyleRequiredBy
onet	PharmacyAides	1.C.3.b	requiresWorkStyle	workStyleRequiredBy
onet	PharmacyAides	1.C.3.c	requiresWorkStyle	workStyleRequiredBy
onet	PharmacyAides	1.C.4.a	requiresWorkStyle	workStyleRequiredBy
onet	PharmacyAides	1.C.4.b	requiresWorkStyle	workStyleRequiredBy
onet	PharmacyAides	1.C.4.c	requiresWorkStyle	workStyleRequiredBy
onet	PharmacyAides	1.C.5.a	requiresWorkStyle	workStyleRequiredBy
onet	PharmacyAides	1.C.5.b	requiresWorkStyle	workStyleRequiredBy
onet	PharmacyAides	1.C.5.c	requiresWorkStyle	workStyleRequiredBy
onet	PharmacyAides	1.C.6	requiresWorkStyle	workStyleRequiredBy
onet	PharmacyAides	1.C.7.a	requiresWorkStyle	workStyleRequiredBy
onet	PharmacyAides	1.C.7.b	requiresWorkStyle	workStyleRequiredBy
onet	PharmacyTechnicians	1.C.1.a	requiresWorkStyle	workStyleRequiredBy
onet	PharmacyTechnicians	1.C.1.b	requiresWorkStyle	workStyleRequiredBy
onet	PharmacyTechnicians	1.C.1.c	requiresWorkStyle	workStyleRequiredBy
onet	PharmacyTechnicians	1.C.2.b	requiresWorkStyle	workStyleRequiredBy
onet	PharmacyTechnicians	1.C.3.a	requiresWorkStyle	workStyleRequiredBy
onet	PharmacyTechnicians	1.C.3.b	requiresWorkStyle	workStyleRequiredBy
onet	PharmacyTechnicians	1.C.3.c	requiresWorkStyle	workStyleRequiredBy
onet	PharmacyTechnicians	1.C.4.a	requiresWorkStyle	workStyleRequiredBy
onet	PharmacyTechnicians	1.C.4.b	requiresWorkStyle	workStyleRequiredBy
onet	PharmacyTechnicians	1.C.4.c	requiresWorkStyle	workStyleRequiredBy
onet	PharmacyTechnicians	1.C.5.a	requiresWorkStyle	workStyleRequiredBy
onet	PharmacyTechnicians	1.C.5.b	requiresWorkStyle	workStyleRequiredBy
onet	PharmacyTechnicians	1.C.5.c	requiresWorkStyle	workStyleRequiredBy
onet	PharmacyTechnicians	1.C.6	requiresWorkStyle	workStyleRequiredBy
onet	PharmacyTechnicians	1.C.7.a	requiresWorkStyle	workStyleRequiredBy
onet	PharmacyTechnicians	1.C.7.b	requiresWorkStyle	workStyleRequiredBy
onet	Phlebotomists	1.C.1.a	requiresWorkStyle	workStyleRequiredBy
onet	Phlebotomists	1.C.1.b	requiresWorkStyle	workStyleRequiredBy
onet	Phlebotomists	1.C.1.c	requiresWorkStyle	workStyleRequiredBy
onet	Phlebotomists	1.C.2.b	requiresWorkStyle	workStyleRequiredBy
onet	Phlebotomists	1.C.3.a	requiresWorkStyle	workStyleRequiredBy
onet	Phlebotomists	1.C.3.b	requiresWorkStyle	workStyleRequiredBy
onet	Phlebotomists	1.C.3.c	requiresWorkStyle	workStyleRequiredBy
onet	Phlebotomists	1.C.4.a	requiresWorkStyle	workStyleRequiredBy
onet	Phlebotomists	1.C.4.b	requiresWorkStyle	workStyleRequiredBy
onet	Phlebotomists	1.C.4.c	requiresWorkStyle	workStyleRequiredBy
onet	Phlebotomists	1.C.5.a	requiresWorkStyle	workStyleRequiredBy
onet	Phlebotomists	1.C.5.b	requiresWorkStyle	workStyleRequiredBy
onet	Phlebotomists	1.C.5.c	requiresWorkStyle	workStyleRequiredBy
onet	Phlebotomists	1.C.6	requiresWorkStyle	workStyleRequiredBy
onet	Phlebotomists	1.C.7.a	requiresWorkStyle	workStyleRequiredBy
onet	Phlebotomists	1.C.7.b	requiresWorkStyle	workStyleRequiredBy
onet	Photogrammetrists	1.C.1.a	requiresWorkStyle	workStyleRequiredBy
onet	Photogrammetrists	1.C.1.b	requiresWorkStyle	workStyleRequiredBy
onet	Photogrammetrists	1.C.1.c	requiresWorkStyle	workStyleRequiredBy
onet	Photogrammetrists	1.C.2.b	requiresWorkStyle	workStyleRequiredBy
onet	Photogrammetrists	1.C.3.a	requiresWorkStyle	workStyleRequiredBy
onet	Photogrammetrists	1.C.3.b	requiresWorkStyle	workStyleRequiredBy
onet	Photogrammetrists	1.C.3.c	requiresWorkStyle	workStyleRequiredBy
onet	Photogrammetrists	1.C.4.a	requiresWorkStyle	workStyleRequiredBy
onet	Photogrammetrists	1.C.4.b	requiresWorkStyle	workStyleRequiredBy
onet	Photogrammetrists	1.C.4.c	requiresWorkStyle	workStyleRequiredBy
onet	Photogrammetrists	1.C.5.a	requiresWorkStyle	workStyleRequiredBy
onet	Photogrammetrists	1.C.5.b	requiresWorkStyle	workStyleRequiredBy
onet	Photogrammetrists	1.C.5.c	requiresWorkStyle	workStyleRequiredBy
onet	Photogrammetrists	1.C.6	requiresWorkStyle	workStyleRequiredBy
onet	Photogrammetrists	1.C.7.a	requiresWorkStyle	workStyleRequiredBy
onet	Photogrammetrists	1.C.7.b	requiresWorkStyle	workStyleRequiredBy
onet	Photographers	1.C.1.a	requiresWorkStyle	workStyleRequiredBy
onet	Photographers	1.C.1.b	requiresWorkStyle	workStyleRequiredBy
onet	Photographers	1.C.1.c	requiresWorkStyle	workStyleRequiredBy
onet	Photographers	1.C.2.b	requiresWorkStyle	workStyleRequiredBy
onet	Photographers	1.C.3.a	requiresWorkStyle	workStyleRequiredBy
onet	Photographers	1.C.3.b	requiresWorkStyle	workStyleRequiredBy
onet	Photographers	1.C.3.c	requiresWorkStyle	workStyleRequiredBy
onet	Photographers	1.C.4.a	requiresWorkStyle	workStyleRequiredBy
onet	Photographers	1.C.4.b	requiresWorkStyle	workStyleRequiredBy
onet	Photographers	1.C.4.c	requiresWorkStyle	workStyleRequiredBy
onet	Photographers	1.C.5.a	requiresWorkStyle	workStyleRequiredBy
onet	Photographers	1.C.5.b	requiresWorkStyle	workStyleRequiredBy
onet	Photographers	1.C.5.c	requiresWorkStyle	workStyleRequiredBy
onet	Photographers	1.C.6	requiresWorkStyle	workStyleRequiredBy
onet	Photographers	1.C.7.a	requiresWorkStyle	workStyleRequiredBy
onet	Photographers	1.C.7.b	requiresWorkStyle	workStyleRequiredBy
onet	PhotographicEquipmentRepairers	1.C.1.a	requiresWorkStyle	workStyleRequiredBy
onet	PhotographicEquipmentRepairers	1.C.1.b	requiresWorkStyle	workStyleRequiredBy
onet	PhotographicEquipmentRepairers	1.C.1.c	requiresWorkStyle	workStyleRequiredBy
onet	PhotographicEquipmentRepairers	1.C.2.b	requiresWorkStyle	workStyleRequiredBy
onet	PhotographicEquipmentRepairers	1.C.3.a	requiresWorkStyle	workStyleRequiredBy
onet	PhotographicEquipmentRepairers	1.C.3.b	requiresWorkStyle	workStyleRequiredBy
onet	PhotographicEquipmentRepairers	1.C.3.c	requiresWorkStyle	workStyleRequiredBy
onet	PhotographicEquipmentRepairers	1.C.4.a	requiresWorkStyle	workStyleRequiredBy
onet	PhotographicEquipmentRepairers	1.C.4.b	requiresWorkStyle	workStyleRequiredBy
onet	PhotographicEquipmentRepairers	1.C.4.c	requiresWorkStyle	workStyleRequiredBy
onet	PhotographicEquipmentRepairers	1.C.5.a	requiresWorkStyle	workStyleRequiredBy
onet	PhotographicEquipmentRepairers	1.C.5.b	requiresWorkStyle	workStyleRequiredBy
onet	PhotographicEquipmentRepairers	1.C.5.c	requiresWorkStyle	workStyleRequiredBy
onet	PhotographicEquipmentRepairers	1.C.6	requiresWorkStyle	workStyleRequiredBy
onet	PhotographicEquipmentRepairers	1.C.7.a	requiresWorkStyle	workStyleRequiredBy
onet	PhotographicEquipmentRepairers	1.C.7.b	requiresWorkStyle	workStyleRequiredBy
onet	PhotonicsEngineers	1.C.1.a	requiresWorkStyle	workStyleRequiredBy
onet	PhotonicsEngineers	1.C.1.b	requiresWorkStyle	workStyleRequiredBy
onet	PhotonicsEngineers	1.C.1.c	requiresWorkStyle	workStyleRequiredBy
onet	PhotonicsEngineers	1.C.2.b	requiresWorkStyle	workStyleRequiredBy
onet	PhotonicsEngineers	1.C.3.a	requiresWorkStyle	workStyleRequiredBy
onet	PhotonicsEngineers	1.C.3.b	requiresWorkStyle	workStyleRequiredBy
onet	PhotonicsEngineers	1.C.3.c	requiresWorkStyle	workStyleRequiredBy
onet	PhotonicsEngineers	1.C.4.a	requiresWorkStyle	workStyleRequiredBy
onet	PhotonicsEngineers	1.C.4.b	requiresWorkStyle	workStyleRequiredBy
onet	PhotonicsEngineers	1.C.4.c	requiresWorkStyle	workStyleRequiredBy
onet	PhotonicsEngineers	1.C.5.a	requiresWorkStyle	workStyleRequiredBy
onet	PhotonicsEngineers	1.C.5.b	requiresWorkStyle	workStyleRequiredBy
onet	PhotonicsEngineers	1.C.5.c	requiresWorkStyle	workStyleRequiredBy
onet	PhotonicsEngineers	1.C.6	requiresWorkStyle	workStyleRequiredBy
onet	PhotonicsEngineers	1.C.7.a	requiresWorkStyle	workStyleRequiredBy
onet	PhotonicsEngineers	1.C.7.b	requiresWorkStyle	workStyleRequiredBy
onet	PhotonicsTechnicians	1.C.1.a	requiresWorkStyle	workStyleRequiredBy
onet	PhotonicsTechnicians	1.C.1.b	requiresWorkStyle	workStyleRequiredBy
onet	PhotonicsTechnicians	1.C.1.c	requiresWorkStyle	workStyleRequiredBy
onet	PhotonicsTechnicians	1.C.2.b	requiresWorkStyle	workStyleRequiredBy
onet	PhotonicsTechnicians	1.C.3.a	requiresWorkStyle	workStyleRequiredBy
onet	PhotonicsTechnicians	1.C.3.b	requiresWorkStyle	workStyleRequiredBy
onet	PhotonicsTechnicians	1.C.3.c	requiresWorkStyle	workStyleRequiredBy
onet	PhotonicsTechnicians	1.C.4.a	requiresWorkStyle	workStyleRequiredBy
onet	PhotonicsTechnicians	1.C.4.b	requiresWorkStyle	workStyleRequiredBy
onet	PhotonicsTechnicians	1.C.4.c	requiresWorkStyle	workStyleRequiredBy
onet	PhotonicsTechnicians	1.C.5.a	requiresWorkStyle	workStyleRequiredBy
onet	PhotonicsTechnicians	1.C.5.b	requiresWorkStyle	workStyleRequiredBy
onet	PhotonicsTechnicians	1.C.5.c	requiresWorkStyle	workStyleRequiredBy
onet	PhotonicsTechnicians	1.C.6	requiresWorkStyle	workStyleRequiredBy
onet	PhotonicsTechnicians	1.C.7.a	requiresWorkStyle	workStyleRequiredBy
onet	PhotonicsTechnicians	1.C.7.b	requiresWorkStyle	workStyleRequiredBy
onet	PhysicalTherapistAides	1.C.1.a	requiresWorkStyle	workStyleRequiredBy
onet	PhysicalTherapistAides	1.C.1.b	requiresWorkStyle	workStyleRequiredBy
onet	PhysicalTherapistAides	1.C.1.c	requiresWorkStyle	workStyleRequiredBy
onet	PhysicalTherapistAides	1.C.2.b	requiresWorkStyle	workStyleRequiredBy
onet	PhysicalTherapistAides	1.C.3.a	requiresWorkStyle	workStyleRequiredBy
onet	PhysicalTherapistAides	1.C.3.b	requiresWorkStyle	workStyleRequiredBy
onet	PhysicalTherapistAides	1.C.3.c	requiresWorkStyle	workStyleRequiredBy
onet	PhysicalTherapistAides	1.C.4.a	requiresWorkStyle	workStyleRequiredBy
onet	PhysicalTherapistAides	1.C.4.b	requiresWorkStyle	workStyleRequiredBy
onet	PhysicalTherapistAides	1.C.4.c	requiresWorkStyle	workStyleRequiredBy
onet	PhysicalTherapistAides	1.C.5.a	requiresWorkStyle	workStyleRequiredBy
onet	PhysicalTherapistAides	1.C.5.b	requiresWorkStyle	workStyleRequiredBy
onet	PhysicalTherapistAides	1.C.5.c	requiresWorkStyle	workStyleRequiredBy
onet	PhysicalTherapistAides	1.C.6	requiresWorkStyle	workStyleRequiredBy
onet	PhysicalTherapistAides	1.C.7.a	requiresWorkStyle	workStyleRequiredBy
onet	PhysicalTherapistAides	1.C.7.b	requiresWorkStyle	workStyleRequiredBy
onet	PhysicalTherapistAssistants	1.C.1.a	requiresWorkStyle	workStyleRequiredBy
onet	PhysicalTherapistAssistants	1.C.1.b	requiresWorkStyle	workStyleRequiredBy
onet	PhysicalTherapistAssistants	1.C.1.c	requiresWorkStyle	workStyleRequiredBy
onet	PhysicalTherapistAssistants	1.C.2.b	requiresWorkStyle	workStyleRequiredBy
onet	PhysicalTherapistAssistants	1.C.3.a	requiresWorkStyle	workStyleRequiredBy
onet	PhysicalTherapistAssistants	1.C.3.b	requiresWorkStyle	workStyleRequiredBy
onet	PhysicalTherapistAssistants	1.C.3.c	requiresWorkStyle	workStyleRequiredBy
onet	PhysicalTherapistAssistants	1.C.4.a	requiresWorkStyle	workStyleRequiredBy
onet	PhysicalTherapistAssistants	1.C.4.b	requiresWorkStyle	workStyleRequiredBy
onet	PhysicalTherapistAssistants	1.C.4.c	requiresWorkStyle	workStyleRequiredBy
onet	PhysicalTherapistAssistants	1.C.5.a	requiresWorkStyle	workStyleRequiredBy
onet	PhysicalTherapistAssistants	1.C.5.b	requiresWorkStyle	workStyleRequiredBy
onet	PhysicalTherapistAssistants	1.C.5.c	requiresWorkStyle	workStyleRequiredBy
onet	PhysicalTherapistAssistants	1.C.6	requiresWorkStyle	workStyleRequiredBy
onet	PhysicalTherapistAssistants	1.C.7.a	requiresWorkStyle	workStyleRequiredBy
onet	PhysicalTherapistAssistants	1.C.7.b	requiresWorkStyle	workStyleRequiredBy
onet	PhysicalTherapists	1.C.1.a	requiresWorkStyle	workStyleRequiredBy
onet	PhysicalTherapists	1.C.1.b	requiresWorkStyle	workStyleRequiredBy
onet	PhysicalTherapists	1.C.1.c	requiresWorkStyle	workStyleRequiredBy
onet	PhysicalTherapists	1.C.2.b	requiresWorkStyle	workStyleRequiredBy
onet	PhysicalTherapists	1.C.3.a	requiresWorkStyle	workStyleRequiredBy
onet	PhysicalTherapists	1.C.3.b	requiresWorkStyle	workStyleRequiredBy
onet	PhysicalTherapists	1.C.3.c	requiresWorkStyle	workStyleRequiredBy
onet	PhysicalTherapists	1.C.4.a	requiresWorkStyle	workStyleRequiredBy
onet	PhysicalTherapists	1.C.4.b	requiresWorkStyle	workStyleRequiredBy
onet	PhysicalTherapists	1.C.4.c	requiresWorkStyle	workStyleRequiredBy
onet	PhysicalTherapists	1.C.5.a	requiresWorkStyle	workStyleRequiredBy
onet	PhysicalTherapists	1.C.5.b	requiresWorkStyle	workStyleRequiredBy
onet	PhysicalTherapists	1.C.5.c	requiresWorkStyle	workStyleRequiredBy
onet	PhysicalTherapists	1.C.6	requiresWorkStyle	workStyleRequiredBy
onet	PhysicalTherapists	1.C.7.a	requiresWorkStyle	workStyleRequiredBy
onet	PhysicalTherapists	1.C.7.b	requiresWorkStyle	workStyleRequiredBy
onet	PhysicianAssistants	1.C.1.a	requiresWorkStyle	workStyleRequiredBy
onet	PhysicianAssistants	1.C.1.b	requiresWorkStyle	workStyleRequiredBy
onet	PhysicianAssistants	1.C.1.c	requiresWorkStyle	workStyleRequiredBy
onet	PhysicianAssistants	1.C.2.b	requiresWorkStyle	workStyleRequiredBy
onet	PhysicianAssistants	1.C.3.a	requiresWorkStyle	workStyleRequiredBy
onet	PhysicianAssistants	1.C.3.b	requiresWorkStyle	workStyleRequiredBy
onet	PhysicianAssistants	1.C.3.c	requiresWorkStyle	workStyleRequiredBy
onet	PhysicianAssistants	1.C.4.a	requiresWorkStyle	workStyleRequiredBy
onet	PhysicianAssistants	1.C.4.b	requiresWorkStyle	workStyleRequiredBy
onet	PhysicianAssistants	1.C.4.c	requiresWorkStyle	workStyleRequiredBy
onet	PhysicianAssistants	1.C.5.a	requiresWorkStyle	workStyleRequiredBy
onet	PhysicianAssistants	1.C.5.b	requiresWorkStyle	workStyleRequiredBy
onet	PhysicianAssistants	1.C.5.c	requiresWorkStyle	workStyleRequiredBy
onet	PhysicianAssistants	1.C.6	requiresWorkStyle	workStyleRequiredBy
onet	PhysicianAssistants	1.C.7.a	requiresWorkStyle	workStyleRequiredBy
onet	PhysicianAssistants	1.C.7.b	requiresWorkStyle	workStyleRequiredBy
onet	PhysiciansPathologists	1.C.1.a	requiresWorkStyle	workStyleRequiredBy
onet	PhysiciansPathologists	1.C.1.b	requiresWorkStyle	workStyleRequiredBy
onet	PhysiciansPathologists	1.C.1.c	requiresWorkStyle	workStyleRequiredBy
onet	PhysiciansPathologists	1.C.2.b	requiresWorkStyle	workStyleRequiredBy
onet	PhysiciansPathologists	1.C.3.a	requiresWorkStyle	workStyleRequiredBy
onet	PhysiciansPathologists	1.C.3.b	requiresWorkStyle	workStyleRequiredBy
onet	PhysiciansPathologists	1.C.3.c	requiresWorkStyle	workStyleRequiredBy
onet	PhysiciansPathologists	1.C.4.a	requiresWorkStyle	workStyleRequiredBy
onet	PhysiciansPathologists	1.C.4.b	requiresWorkStyle	workStyleRequiredBy
onet	PhysiciansPathologists	1.C.4.c	requiresWorkStyle	workStyleRequiredBy
onet	PhysiciansPathologists	1.C.5.a	requiresWorkStyle	workStyleRequiredBy
onet	PhysiciansPathologists	1.C.5.b	requiresWorkStyle	workStyleRequiredBy
onet	PhysiciansPathologists	1.C.5.c	requiresWorkStyle	workStyleRequiredBy
onet	PhysiciansPathologists	1.C.6	requiresWorkStyle	workStyleRequiredBy
onet	PhysiciansPathologists	1.C.7.a	requiresWorkStyle	workStyleRequiredBy
onet	PhysiciansPathologists	1.C.7.b	requiresWorkStyle	workStyleRequiredBy
onet	Physicists	1.C.1.a	requiresWorkStyle	workStyleRequiredBy
onet	Physicists	1.C.1.b	requiresWorkStyle	workStyleRequiredBy
onet	Physicists	1.C.1.c	requiresWorkStyle	workStyleRequiredBy
onet	Physicists	1.C.2.b	requiresWorkStyle	workStyleRequiredBy
onet	Physicists	1.C.3.a	requiresWorkStyle	workStyleRequiredBy
onet	Physicists	1.C.3.b	requiresWorkStyle	workStyleRequiredBy
onet	Physicists	1.C.3.c	requiresWorkStyle	workStyleRequiredBy
onet	Physicists	1.C.4.a	requiresWorkStyle	workStyleRequiredBy
onet	Physicists	1.C.4.b	requiresWorkStyle	workStyleRequiredBy
onet	Physicists	1.C.4.c	requiresWorkStyle	workStyleRequiredBy
onet	Physicists	1.C.5.a	requiresWorkStyle	workStyleRequiredBy
onet	Physicists	1.C.5.b	requiresWorkStyle	workStyleRequiredBy
onet	Physicists	1.C.5.c	requiresWorkStyle	workStyleRequiredBy
onet	Physicists	1.C.6	requiresWorkStyle	workStyleRequiredBy
onet	Physicists	1.C.7.a	requiresWorkStyle	workStyleRequiredBy
onet	Physicists	1.C.7.b	requiresWorkStyle	workStyleRequiredBy
onet	PhysicsTeachersPostsecondary	1.C.1.a	requiresWorkStyle	workStyleRequiredBy
onet	PhysicsTeachersPostsecondary	1.C.1.b	requiresWorkStyle	workStyleRequiredBy
onet	PhysicsTeachersPostsecondary	1.C.1.c	requiresWorkStyle	workStyleRequiredBy
onet	PhysicsTeachersPostsecondary	1.C.2.b	requiresWorkStyle	workStyleRequiredBy
onet	PhysicsTeachersPostsecondary	1.C.3.a	requiresWorkStyle	workStyleRequiredBy
onet	PhysicsTeachersPostsecondary	1.C.3.b	requiresWorkStyle	workStyleRequiredBy
onet	PhysicsTeachersPostsecondary	1.C.3.c	requiresWorkStyle	workStyleRequiredBy
onet	PhysicsTeachersPostsecondary	1.C.4.a	requiresWorkStyle	workStyleRequiredBy
onet	PhysicsTeachersPostsecondary	1.C.4.b	requiresWorkStyle	workStyleRequiredBy
onet	PhysicsTeachersPostsecondary	1.C.4.c	requiresWorkStyle	workStyleRequiredBy
onet	PhysicsTeachersPostsecondary	1.C.5.a	requiresWorkStyle	workStyleRequiredBy
onet	PhysicsTeachersPostsecondary	1.C.5.b	requiresWorkStyle	workStyleRequiredBy
onet	PhysicsTeachersPostsecondary	1.C.5.c	requiresWorkStyle	workStyleRequiredBy
onet	PhysicsTeachersPostsecondary	1.C.6	requiresWorkStyle	workStyleRequiredBy
onet	PhysicsTeachersPostsecondary	1.C.7.a	requiresWorkStyle	workStyleRequiredBy
onet	PhysicsTeachersPostsecondary	1.C.7.b	requiresWorkStyle	workStyleRequiredBy
onet	PileDriverOperators	1.C.1.a	requiresWorkStyle	workStyleRequiredBy
onet	PileDriverOperators	1.C.1.b	requiresWorkStyle	workStyleRequiredBy
onet	PileDriverOperators	1.C.1.c	requiresWorkStyle	workStyleRequiredBy
onet	PileDriverOperators	1.C.2.b	requiresWorkStyle	workStyleRequiredBy
onet	PileDriverOperators	1.C.3.a	requiresWorkStyle	workStyleRequiredBy
onet	PileDriverOperators	1.C.3.b	requiresWorkStyle	workStyleRequiredBy
onet	PileDriverOperators	1.C.3.c	requiresWorkStyle	workStyleRequiredBy
onet	PileDriverOperators	1.C.4.a	requiresWorkStyle	workStyleRequiredBy
onet	PileDriverOperators	1.C.4.b	requiresWorkStyle	workStyleRequiredBy
onet	PileDriverOperators	1.C.4.c	requiresWorkStyle	workStyleRequiredBy
onet	PileDriverOperators	1.C.5.a	requiresWorkStyle	workStyleRequiredBy
onet	PileDriverOperators	1.C.5.b	requiresWorkStyle	workStyleRequiredBy
onet	PileDriverOperators	1.C.5.c	requiresWorkStyle	workStyleRequiredBy
onet	PileDriverOperators	1.C.6	requiresWorkStyle	workStyleRequiredBy
onet	PileDriverOperators	1.C.7.a	requiresWorkStyle	workStyleRequiredBy
onet	PileDriverOperators	1.C.7.b	requiresWorkStyle	workStyleRequiredBy
onet	PilotsOfWaterVessels	1.C.1.a	requiresWorkStyle	workStyleRequiredBy
onet	PilotsOfWaterVessels	1.C.1.b	requiresWorkStyle	workStyleRequiredBy
onet	PilotsOfWaterVessels	1.C.1.c	requiresWorkStyle	workStyleRequiredBy
onet	PilotsOfWaterVessels	1.C.2.b	requiresWorkStyle	workStyleRequiredBy
onet	PilotsOfWaterVessels	1.C.3.a	requiresWorkStyle	workStyleRequiredBy
onet	PilotsOfWaterVessels	1.C.3.b	requiresWorkStyle	workStyleRequiredBy
onet	PilotsOfWaterVessels	1.C.3.c	requiresWorkStyle	workStyleRequiredBy
onet	PilotsOfWaterVessels	1.C.4.a	requiresWorkStyle	workStyleRequiredBy
onet	PilotsOfWaterVessels	1.C.4.b	requiresWorkStyle	workStyleRequiredBy
onet	PilotsOfWaterVessels	1.C.4.c	requiresWorkStyle	workStyleRequiredBy
onet	PilotsOfWaterVessels	1.C.5.a	requiresWorkStyle	workStyleRequiredBy
onet	PilotsOfWaterVessels	1.C.5.b	requiresWorkStyle	workStyleRequiredBy
onet	PilotsOfWaterVessels	1.C.5.c	requiresWorkStyle	workStyleRequiredBy
onet	PilotsOfWaterVessels	1.C.6	requiresWorkStyle	workStyleRequiredBy
onet	PilotsOfWaterVessels	1.C.7.a	requiresWorkStyle	workStyleRequiredBy
onet	PilotsOfWaterVessels	1.C.7.b	requiresWorkStyle	workStyleRequiredBy
onet	Pipelayers	1.C.1.a	requiresWorkStyle	workStyleRequiredBy
onet	Pipelayers	1.C.1.b	requiresWorkStyle	workStyleRequiredBy
onet	Pipelayers	1.C.1.c	requiresWorkStyle	workStyleRequiredBy
onet	Pipelayers	1.C.2.b	requiresWorkStyle	workStyleRequiredBy
onet	Pipelayers	1.C.3.a	requiresWorkStyle	workStyleRequiredBy
onet	Pipelayers	1.C.3.b	requiresWorkStyle	workStyleRequiredBy
onet	Pipelayers	1.C.3.c	requiresWorkStyle	workStyleRequiredBy
onet	Pipelayers	1.C.4.a	requiresWorkStyle	workStyleRequiredBy
onet	Pipelayers	1.C.4.b	requiresWorkStyle	workStyleRequiredBy
onet	Pipelayers	1.C.4.c	requiresWorkStyle	workStyleRequiredBy
onet	Pipelayers	1.C.5.a	requiresWorkStyle	workStyleRequiredBy
onet	Pipelayers	1.C.5.b	requiresWorkStyle	workStyleRequiredBy
onet	Pipelayers	1.C.5.c	requiresWorkStyle	workStyleRequiredBy
onet	Pipelayers	1.C.6	requiresWorkStyle	workStyleRequiredBy
onet	Pipelayers	1.C.7.a	requiresWorkStyle	workStyleRequiredBy
onet	Pipelayers	1.C.7.b	requiresWorkStyle	workStyleRequiredBy
onet	PlantScientists	1.C.1.a	requiresWorkStyle	workStyleRequiredBy
onet	PlantScientists	1.C.1.b	requiresWorkStyle	workStyleRequiredBy
onet	PlantScientists	1.C.1.c	requiresWorkStyle	workStyleRequiredBy
onet	PlantScientists	1.C.2.b	requiresWorkStyle	workStyleRequiredBy
onet	PlantScientists	1.C.3.a	requiresWorkStyle	workStyleRequiredBy
onet	PlantScientists	1.C.3.b	requiresWorkStyle	workStyleRequiredBy
onet	PlantScientists	1.C.3.c	requiresWorkStyle	workStyleRequiredBy
onet	PlantScientists	1.C.4.a	requiresWorkStyle	workStyleRequiredBy
onet	PlantScientists	1.C.4.b	requiresWorkStyle	workStyleRequiredBy
onet	PlantScientists	1.C.4.c	requiresWorkStyle	workStyleRequiredBy
onet	PlantScientists	1.C.5.a	requiresWorkStyle	workStyleRequiredBy
onet	PlantScientists	1.C.5.b	requiresWorkStyle	workStyleRequiredBy
onet	PlantScientists	1.C.5.c	requiresWorkStyle	workStyleRequiredBy
onet	PlantScientists	1.C.6	requiresWorkStyle	workStyleRequiredBy
onet	PlantScientists	1.C.7.a	requiresWorkStyle	workStyleRequiredBy
onet	PlantScientists	1.C.7.b	requiresWorkStyle	workStyleRequiredBy
onet	Plastic	1.C.1.a	requiresWorkStyle	workStyleRequiredBy
onet	Plastic	1.C.1.b	requiresWorkStyle	workStyleRequiredBy
onet	Plastic	1.C.1.c	requiresWorkStyle	workStyleRequiredBy
onet	Plastic	1.C.2.b	requiresWorkStyle	workStyleRequiredBy
onet	Plastic	1.C.3.a	requiresWorkStyle	workStyleRequiredBy
onet	Plastic	1.C.3.b	requiresWorkStyle	workStyleRequiredBy
onet	Plastic	1.C.3.c	requiresWorkStyle	workStyleRequiredBy
onet	Plastic	1.C.4.a	requiresWorkStyle	workStyleRequiredBy
onet	Plastic	1.C.4.b	requiresWorkStyle	workStyleRequiredBy
onet	Plastic	1.C.4.c	requiresWorkStyle	workStyleRequiredBy
onet	Plastic	1.C.5.a	requiresWorkStyle	workStyleRequiredBy
onet	Plastic	1.C.5.b	requiresWorkStyle	workStyleRequiredBy
onet	Plastic	1.C.5.c	requiresWorkStyle	workStyleRequiredBy
onet	Plastic	1.C.6	requiresWorkStyle	workStyleRequiredBy
onet	Plastic	1.C.7.a	requiresWorkStyle	workStyleRequiredBy
onet	Plastic	1.C.7.b	requiresWorkStyle	workStyleRequiredBy
onet	Podiatrists	1.C.1.a	requiresWorkStyle	workStyleRequiredBy
onet	Podiatrists	1.C.1.b	requiresWorkStyle	workStyleRequiredBy
onet	Podiatrists	1.C.1.c	requiresWorkStyle	workStyleRequiredBy
onet	Podiatrists	1.C.2.b	requiresWorkStyle	workStyleRequiredBy
onet	Podiatrists	1.C.3.a	requiresWorkStyle	workStyleRequiredBy
onet	Podiatrists	1.C.3.b	requiresWorkStyle	workStyleRequiredBy
onet	Podiatrists	1.C.3.c	requiresWorkStyle	workStyleRequiredBy
onet	Podiatrists	1.C.4.a	requiresWorkStyle	workStyleRequiredBy
onet	Podiatrists	1.C.4.b	requiresWorkStyle	workStyleRequiredBy
onet	Podiatrists	1.C.4.c	requiresWorkStyle	workStyleRequiredBy
onet	Podiatrists	1.C.5.a	requiresWorkStyle	workStyleRequiredBy
onet	Podiatrists	1.C.5.b	requiresWorkStyle	workStyleRequiredBy
onet	Podiatrists	1.C.5.c	requiresWorkStyle	workStyleRequiredBy
onet	Podiatrists	1.C.6	requiresWorkStyle	workStyleRequiredBy
onet	Podiatrists	1.C.7.a	requiresWorkStyle	workStyleRequiredBy
onet	Podiatrists	1.C.7.b	requiresWorkStyle	workStyleRequiredBy
onet	PolicyProcessingClerks	1.C.1.a	requiresWorkStyle	workStyleRequiredBy
onet	PolicyProcessingClerks	1.C.1.b	requiresWorkStyle	workStyleRequiredBy
onet	PolicyProcessingClerks	1.C.1.c	requiresWorkStyle	workStyleRequiredBy
onet	PolicyProcessingClerks	1.C.2.b	requiresWorkStyle	workStyleRequiredBy
onet	PolicyProcessingClerks	1.C.3.a	requiresWorkStyle	workStyleRequiredBy
onet	PolicyProcessingClerks	1.C.3.b	requiresWorkStyle	workStyleRequiredBy
onet	PolicyProcessingClerks	1.C.3.c	requiresWorkStyle	workStyleRequiredBy
onet	PolicyProcessingClerks	1.C.4.a	requiresWorkStyle	workStyleRequiredBy
onet	PolicyProcessingClerks	1.C.4.b	requiresWorkStyle	workStyleRequiredBy
onet	PolicyProcessingClerks	1.C.4.c	requiresWorkStyle	workStyleRequiredBy
onet	PolicyProcessingClerks	1.C.5.a	requiresWorkStyle	workStyleRequiredBy
onet	PolicyProcessingClerks	1.C.5.b	requiresWorkStyle	workStyleRequiredBy
onet	PolicyProcessingClerks	1.C.5.c	requiresWorkStyle	workStyleRequiredBy
onet	PolicyProcessingClerks	1.C.6	requiresWorkStyle	workStyleRequiredBy
onet	PolicyProcessingClerks	1.C.7.a	requiresWorkStyle	workStyleRequiredBy
onet	PolicyProcessingClerks	1.C.7.b	requiresWorkStyle	workStyleRequiredBy
onet	PolishingWorkersHand	1.C.1.a	requiresWorkStyle	workStyleRequiredBy
onet	PolishingWorkersHand	1.C.1.b	requiresWorkStyle	workStyleRequiredBy
onet	PolishingWorkersHand	1.C.1.c	requiresWorkStyle	workStyleRequiredBy
onet	PolishingWorkersHand	1.C.2.b	requiresWorkStyle	workStyleRequiredBy
onet	PolishingWorkersHand	1.C.3.a	requiresWorkStyle	workStyleRequiredBy
onet	PolishingWorkersHand	1.C.3.b	requiresWorkStyle	workStyleRequiredBy
onet	PolishingWorkersHand	1.C.3.c	requiresWorkStyle	workStyleRequiredBy
onet	PolishingWorkersHand	1.C.4.a	requiresWorkStyle	workStyleRequiredBy
onet	PolishingWorkersHand	1.C.4.b	requiresWorkStyle	workStyleRequiredBy
onet	PolishingWorkersHand	1.C.4.c	requiresWorkStyle	workStyleRequiredBy
onet	PolishingWorkersHand	1.C.5.a	requiresWorkStyle	workStyleRequiredBy
onet	PolishingWorkersHand	1.C.5.b	requiresWorkStyle	workStyleRequiredBy
onet	PolishingWorkersHand	1.C.5.c	requiresWorkStyle	workStyleRequiredBy
onet	PolishingWorkersHand	1.C.6	requiresWorkStyle	workStyleRequiredBy
onet	PolishingWorkersHand	1.C.7.a	requiresWorkStyle	workStyleRequiredBy
onet	PolishingWorkersHand	1.C.7.b	requiresWorkStyle	workStyleRequiredBy
onet	PoliticalScienceTeachersPostsecondary	1.C.1.a	requiresWorkStyle	workStyleRequiredBy
onet	PoliticalScienceTeachersPostsecondary	1.C.1.b	requiresWorkStyle	workStyleRequiredBy
onet	PoliticalScienceTeachersPostsecondary	1.C.1.c	requiresWorkStyle	workStyleRequiredBy
onet	PoliticalScienceTeachersPostsecondary	1.C.2.b	requiresWorkStyle	workStyleRequiredBy
onet	PoliticalScienceTeachersPostsecondary	1.C.3.a	requiresWorkStyle	workStyleRequiredBy
onet	PoliticalScienceTeachersPostsecondary	1.C.3.b	requiresWorkStyle	workStyleRequiredBy
onet	PoliticalScienceTeachersPostsecondary	1.C.3.c	requiresWorkStyle	workStyleRequiredBy
onet	PoliticalScienceTeachersPostsecondary	1.C.4.a	requiresWorkStyle	workStyleRequiredBy
onet	PoliticalScienceTeachersPostsecondary	1.C.4.b	requiresWorkStyle	workStyleRequiredBy
onet	PoliticalScienceTeachersPostsecondary	1.C.4.c	requiresWorkStyle	workStyleRequiredBy
onet	PoliticalScienceTeachersPostsecondary	1.C.5.a	requiresWorkStyle	workStyleRequiredBy
onet	PoliticalScienceTeachersPostsecondary	1.C.5.b	requiresWorkStyle	workStyleRequiredBy
onet	PoliticalScienceTeachersPostsecondary	1.C.5.c	requiresWorkStyle	workStyleRequiredBy
onet	PoliticalScienceTeachersPostsecondary	1.C.6	requiresWorkStyle	workStyleRequiredBy
onet	PoliticalScienceTeachersPostsecondary	1.C.7.a	requiresWorkStyle	workStyleRequiredBy
onet	PoliticalScienceTeachersPostsecondary	1.C.7.b	requiresWorkStyle	workStyleRequiredBy
onet	PoliticalScientists	1.C.1.a	requiresWorkStyle	workStyleRequiredBy
onet	PoliticalScientists	1.C.1.b	requiresWorkStyle	workStyleRequiredBy
onet	PoliticalScientists	1.C.1.c	requiresWorkStyle	workStyleRequiredBy
onet	PoliticalScientists	1.C.2.b	requiresWorkStyle	workStyleRequiredBy
onet	PoliticalScientists	1.C.3.a	requiresWorkStyle	workStyleRequiredBy
onet	PoliticalScientists	1.C.3.b	requiresWorkStyle	workStyleRequiredBy
onet	PoliticalScientists	1.C.3.c	requiresWorkStyle	workStyleRequiredBy
onet	PoliticalScientists	1.C.4.a	requiresWorkStyle	workStyleRequiredBy
onet	PoliticalScientists	1.C.4.b	requiresWorkStyle	workStyleRequiredBy
onet	PoliticalScientists	1.C.4.c	requiresWorkStyle	workStyleRequiredBy
onet	PoliticalScientists	1.C.5.a	requiresWorkStyle	workStyleRequiredBy
onet	PoliticalScientists	1.C.5.b	requiresWorkStyle	workStyleRequiredBy
onet	PoliticalScientists	1.C.5.c	requiresWorkStyle	workStyleRequiredBy
onet	PoliticalScientists	1.C.6	requiresWorkStyle	workStyleRequiredBy
onet	PoliticalScientists	1.C.7.a	requiresWorkStyle	workStyleRequiredBy
onet	PoliticalScientists	1.C.7.b	requiresWorkStyle	workStyleRequiredBy
onet	PostalService	1.C.1.a	requiresWorkStyle	workStyleRequiredBy
onet	PostalService	1.C.1.b	requiresWorkStyle	workStyleRequiredBy
onet	PostalService	1.C.1.c	requiresWorkStyle	workStyleRequiredBy
onet	PostalService	1.C.2.b	requiresWorkStyle	workStyleRequiredBy
onet	PostalService	1.C.3.a	requiresWorkStyle	workStyleRequiredBy
onet	PostalService	1.C.3.b	requiresWorkStyle	workStyleRequiredBy
onet	PostalService	1.C.3.c	requiresWorkStyle	workStyleRequiredBy
onet	PostalService	1.C.4.a	requiresWorkStyle	workStyleRequiredBy
onet	PostalService	1.C.4.b	requiresWorkStyle	workStyleRequiredBy
onet	PostalService	1.C.4.c	requiresWorkStyle	workStyleRequiredBy
onet	PostalService	1.C.5.a	requiresWorkStyle	workStyleRequiredBy
onet	PostalService	1.C.5.b	requiresWorkStyle	workStyleRequiredBy
onet	PostalService	1.C.5.c	requiresWorkStyle	workStyleRequiredBy
onet	PostalService	1.C.6	requiresWorkStyle	workStyleRequiredBy
onet	PostalService	1.C.7.a	requiresWorkStyle	workStyleRequiredBy
onet	PostalService	1.C.7.b	requiresWorkStyle	workStyleRequiredBy
onet	PostalServiceClerks	1.C.1.a	requiresWorkStyle	workStyleRequiredBy
onet	PostalServiceClerks	1.C.1.b	requiresWorkStyle	workStyleRequiredBy
onet	PostalServiceClerks	1.C.1.c	requiresWorkStyle	workStyleRequiredBy
onet	PostalServiceClerks	1.C.2.b	requiresWorkStyle	workStyleRequiredBy
onet	PostalServiceClerks	1.C.3.a	requiresWorkStyle	workStyleRequiredBy
onet	PostalServiceClerks	1.C.3.b	requiresWorkStyle	workStyleRequiredBy
onet	PostalServiceClerks	1.C.3.c	requiresWorkStyle	workStyleRequiredBy
onet	PostalServiceClerks	1.C.4.a	requiresWorkStyle	workStyleRequiredBy
onet	PostalServiceClerks	1.C.4.b	requiresWorkStyle	workStyleRequiredBy
onet	PostalServiceClerks	1.C.4.c	requiresWorkStyle	workStyleRequiredBy
onet	PostalServiceClerks	1.C.5.a	requiresWorkStyle	workStyleRequiredBy
onet	PostalServiceClerks	1.C.5.b	requiresWorkStyle	workStyleRequiredBy
onet	PostalServiceClerks	1.C.5.c	requiresWorkStyle	workStyleRequiredBy
onet	PostalServiceClerks	1.C.6	requiresWorkStyle	workStyleRequiredBy
onet	PostalServiceClerks	1.C.7.a	requiresWorkStyle	workStyleRequiredBy
onet	PostalServiceClerks	1.C.7.b	requiresWorkStyle	workStyleRequiredBy
onet	PostalServiceMailCarriers	1.C.1.a	requiresWorkStyle	workStyleRequiredBy
onet	PostalServiceMailCarriers	1.C.1.b	requiresWorkStyle	workStyleRequiredBy
onet	PostalServiceMailCarriers	1.C.1.c	requiresWorkStyle	workStyleRequiredBy
onet	PostalServiceMailCarriers	1.C.2.b	requiresWorkStyle	workStyleRequiredBy
onet	PostalServiceMailCarriers	1.C.3.a	requiresWorkStyle	workStyleRequiredBy
onet	PostalServiceMailCarriers	1.C.3.b	requiresWorkStyle	workStyleRequiredBy
onet	PostalServiceMailCarriers	1.C.3.c	requiresWorkStyle	workStyleRequiredBy
onet	PostalServiceMailCarriers	1.C.4.a	requiresWorkStyle	workStyleRequiredBy
onet	PostalServiceMailCarriers	1.C.4.b	requiresWorkStyle	workStyleRequiredBy
onet	PostalServiceMailCarriers	1.C.4.c	requiresWorkStyle	workStyleRequiredBy
onet	PostalServiceMailCarriers	1.C.5.a	requiresWorkStyle	workStyleRequiredBy
onet	PostalServiceMailCarriers	1.C.5.b	requiresWorkStyle	workStyleRequiredBy
onet	PostalServiceMailCarriers	1.C.5.c	requiresWorkStyle	workStyleRequiredBy
onet	PostalServiceMailCarriers	1.C.6	requiresWorkStyle	workStyleRequiredBy
onet	PostalServiceMailCarriers	1.C.7.a	requiresWorkStyle	workStyleRequiredBy
onet	PostalServiceMailCarriers	1.C.7.b	requiresWorkStyle	workStyleRequiredBy
onet	PostingClerks	1.C.1.a	requiresWorkStyle	workStyleRequiredBy
onet	PostingClerks	1.C.1.b	requiresWorkStyle	workStyleRequiredBy
onet	PostingClerks	1.C.1.c	requiresWorkStyle	workStyleRequiredBy
onet	PostingClerks	1.C.2.b	requiresWorkStyle	workStyleRequiredBy
onet	PostingClerks	1.C.3.a	requiresWorkStyle	workStyleRequiredBy
onet	PostingClerks	1.C.3.b	requiresWorkStyle	workStyleRequiredBy
onet	PostingClerks	1.C.3.c	requiresWorkStyle	workStyleRequiredBy
onet	PostingClerks	1.C.4.a	requiresWorkStyle	workStyleRequiredBy
onet	PostingClerks	1.C.4.b	requiresWorkStyle	workStyleRequiredBy
onet	PostingClerks	1.C.4.c	requiresWorkStyle	workStyleRequiredBy
onet	PostingClerks	1.C.5.a	requiresWorkStyle	workStyleRequiredBy
onet	PostingClerks	1.C.5.b	requiresWorkStyle	workStyleRequiredBy
onet	PostingClerks	1.C.5.c	requiresWorkStyle	workStyleRequiredBy
onet	PostingClerks	1.C.6	requiresWorkStyle	workStyleRequiredBy
onet	PostingClerks	1.C.7.a	requiresWorkStyle	workStyleRequiredBy
onet	PostingClerks	1.C.7.b	requiresWorkStyle	workStyleRequiredBy
onet	PottersManufacturing	1.C.1.a	requiresWorkStyle	workStyleRequiredBy
onet	PottersManufacturing	1.C.1.b	requiresWorkStyle	workStyleRequiredBy
onet	PottersManufacturing	1.C.1.c	requiresWorkStyle	workStyleRequiredBy
onet	PottersManufacturing	1.C.2.b	requiresWorkStyle	workStyleRequiredBy
onet	PottersManufacturing	1.C.3.a	requiresWorkStyle	workStyleRequiredBy
onet	PottersManufacturing	1.C.3.b	requiresWorkStyle	workStyleRequiredBy
onet	PottersManufacturing	1.C.3.c	requiresWorkStyle	workStyleRequiredBy
onet	PottersManufacturing	1.C.4.a	requiresWorkStyle	workStyleRequiredBy
onet	PottersManufacturing	1.C.4.b	requiresWorkStyle	workStyleRequiredBy
onet	PottersManufacturing	1.C.4.c	requiresWorkStyle	workStyleRequiredBy
onet	PottersManufacturing	1.C.5.a	requiresWorkStyle	workStyleRequiredBy
onet	PottersManufacturing	1.C.5.b	requiresWorkStyle	workStyleRequiredBy
onet	PottersManufacturing	1.C.5.c	requiresWorkStyle	workStyleRequiredBy
onet	PottersManufacturing	1.C.6	requiresWorkStyle	workStyleRequiredBy
onet	PottersManufacturing	1.C.7.a	requiresWorkStyle	workStyleRequiredBy
onet	PottersManufacturing	1.C.7.b	requiresWorkStyle	workStyleRequiredBy
onet	PowerPlantOperators	1.C.1.a	requiresWorkStyle	workStyleRequiredBy
onet	PowerPlantOperators	1.C.1.b	requiresWorkStyle	workStyleRequiredBy
onet	PowerPlantOperators	1.C.1.c	requiresWorkStyle	workStyleRequiredBy
onet	PowerPlantOperators	1.C.2.b	requiresWorkStyle	workStyleRequiredBy
onet	PowerPlantOperators	1.C.3.a	requiresWorkStyle	workStyleRequiredBy
onet	PowerPlantOperators	1.C.3.b	requiresWorkStyle	workStyleRequiredBy
onet	PowerPlantOperators	1.C.3.c	requiresWorkStyle	workStyleRequiredBy
onet	PowerPlantOperators	1.C.4.a	requiresWorkStyle	workStyleRequiredBy
onet	PowerPlantOperators	1.C.4.b	requiresWorkStyle	workStyleRequiredBy
onet	PowerPlantOperators	1.C.4.c	requiresWorkStyle	workStyleRequiredBy
onet	PowerPlantOperators	1.C.5.a	requiresWorkStyle	workStyleRequiredBy
onet	PowerPlantOperators	1.C.5.b	requiresWorkStyle	workStyleRequiredBy
onet	PowerPlantOperators	1.C.5.c	requiresWorkStyle	workStyleRequiredBy
onet	PowerPlantOperators	1.C.6	requiresWorkStyle	workStyleRequiredBy
onet	PowerPlantOperators	1.C.7.a	requiresWorkStyle	workStyleRequiredBy
onet	PowerPlantOperators	1.C.7.b	requiresWorkStyle	workStyleRequiredBy
onet	PrecisionAgricultureTechnicians	1.C.1.a	requiresWorkStyle	workStyleRequiredBy
onet	PrecisionAgricultureTechnicians	1.C.1.b	requiresWorkStyle	workStyleRequiredBy
onet	PrecisionAgricultureTechnicians	1.C.1.c	requiresWorkStyle	workStyleRequiredBy
onet	PrecisionAgricultureTechnicians	1.C.2.b	requiresWorkStyle	workStyleRequiredBy
onet	PrecisionAgricultureTechnicians	1.C.3.a	requiresWorkStyle	workStyleRequiredBy
onet	PrecisionAgricultureTechnicians	1.C.3.b	requiresWorkStyle	workStyleRequiredBy
onet	PrecisionAgricultureTechnicians	1.C.3.c	requiresWorkStyle	workStyleRequiredBy
onet	PrecisionAgricultureTechnicians	1.C.4.a	requiresWorkStyle	workStyleRequiredBy
onet	PrecisionAgricultureTechnicians	1.C.4.b	requiresWorkStyle	workStyleRequiredBy
onet	PrecisionAgricultureTechnicians	1.C.4.c	requiresWorkStyle	workStyleRequiredBy
onet	PrecisionAgricultureTechnicians	1.C.5.a	requiresWorkStyle	workStyleRequiredBy
onet	PrecisionAgricultureTechnicians	1.C.5.b	requiresWorkStyle	workStyleRequiredBy
onet	PrecisionAgricultureTechnicians	1.C.5.c	requiresWorkStyle	workStyleRequiredBy
onet	PrecisionAgricultureTechnicians	1.C.6	requiresWorkStyle	workStyleRequiredBy
onet	PrecisionAgricultureTechnicians	1.C.7.a	requiresWorkStyle	workStyleRequiredBy
onet	PrecisionAgricultureTechnicians	1.C.7.b	requiresWorkStyle	workStyleRequiredBy
onet	PreventionSpecialists	1.C.1.a	requiresWorkStyle	workStyleRequiredBy
onet	PreventionSpecialists	1.C.1.b	requiresWorkStyle	workStyleRequiredBy
onet	PreventionSpecialists	1.C.1.c	requiresWorkStyle	workStyleRequiredBy
onet	PreventionSpecialists	1.C.2.b	requiresWorkStyle	workStyleRequiredBy
onet	PreventionSpecialists	1.C.3.a	requiresWorkStyle	workStyleRequiredBy
onet	PreventionSpecialists	1.C.3.b	requiresWorkStyle	workStyleRequiredBy
onet	PreventionSpecialists	1.C.3.c	requiresWorkStyle	workStyleRequiredBy
onet	PreventionSpecialists	1.C.4.a	requiresWorkStyle	workStyleRequiredBy
onet	PreventionSpecialists	1.C.4.b	requiresWorkStyle	workStyleRequiredBy
onet	PreventionSpecialists	1.C.4.c	requiresWorkStyle	workStyleRequiredBy
onet	PreventionSpecialists	1.C.5.a	requiresWorkStyle	workStyleRequiredBy
onet	PreventionSpecialists	1.C.5.b	requiresWorkStyle	workStyleRequiredBy
onet	PreventionSpecialists	1.C.5.c	requiresWorkStyle	workStyleRequiredBy
onet	PreventionSpecialists	1.C.6	requiresWorkStyle	workStyleRequiredBy
onet	PreventionSpecialists	1.C.7.a	requiresWorkStyle	workStyleRequiredBy
onet	PreventionSpecialists	1.C.7.b	requiresWorkStyle	workStyleRequiredBy
onet	PreventionWorkers	1.C.1.a	requiresWorkStyle	workStyleRequiredBy
onet	PreventionWorkers	1.C.1.b	requiresWorkStyle	workStyleRequiredBy
onet	PreventionWorkers	1.C.1.c	requiresWorkStyle	workStyleRequiredBy
onet	PreventionWorkers	1.C.2.b	requiresWorkStyle	workStyleRequiredBy
onet	PreventionWorkers	1.C.3.a	requiresWorkStyle	workStyleRequiredBy
onet	PreventionWorkers	1.C.3.b	requiresWorkStyle	workStyleRequiredBy
onet	PreventionWorkers	1.C.3.c	requiresWorkStyle	workStyleRequiredBy
onet	PreventionWorkers	1.C.4.a	requiresWorkStyle	workStyleRequiredBy
onet	PreventionWorkers	1.C.4.b	requiresWorkStyle	workStyleRequiredBy
onet	PreventionWorkers	1.C.4.c	requiresWorkStyle	workStyleRequiredBy
onet	PreventionWorkers	1.C.5.a	requiresWorkStyle	workStyleRequiredBy
onet	PreventionWorkers	1.C.5.b	requiresWorkStyle	workStyleRequiredBy
onet	PreventionWorkers	1.C.5.c	requiresWorkStyle	workStyleRequiredBy
onet	PreventionWorkers	1.C.6	requiresWorkStyle	workStyleRequiredBy
onet	PreventionWorkers	1.C.7.a	requiresWorkStyle	workStyleRequiredBy
onet	PreventionWorkers	1.C.7.b	requiresWorkStyle	workStyleRequiredBy
onet	PreventiveMedicinePhysicians	1.C.1.a	requiresWorkStyle	workStyleRequiredBy
onet	PreventiveMedicinePhysicians	1.C.1.b	requiresWorkStyle	workStyleRequiredBy
onet	PreventiveMedicinePhysicians	1.C.1.c	requiresWorkStyle	workStyleRequiredBy
onet	PreventiveMedicinePhysicians	1.C.2.b	requiresWorkStyle	workStyleRequiredBy
onet	PreventiveMedicinePhysicians	1.C.3.a	requiresWorkStyle	workStyleRequiredBy
onet	PreventiveMedicinePhysicians	1.C.3.b	requiresWorkStyle	workStyleRequiredBy
onet	PreventiveMedicinePhysicians	1.C.3.c	requiresWorkStyle	workStyleRequiredBy
onet	PreventiveMedicinePhysicians	1.C.4.a	requiresWorkStyle	workStyleRequiredBy
onet	PreventiveMedicinePhysicians	1.C.4.b	requiresWorkStyle	workStyleRequiredBy
onet	PreventiveMedicinePhysicians	1.C.4.c	requiresWorkStyle	workStyleRequiredBy
onet	PreventiveMedicinePhysicians	1.C.5.a	requiresWorkStyle	workStyleRequiredBy
onet	PreventiveMedicinePhysicians	1.C.5.b	requiresWorkStyle	workStyleRequiredBy
onet	PreventiveMedicinePhysicians	1.C.5.c	requiresWorkStyle	workStyleRequiredBy
onet	PreventiveMedicinePhysicians	1.C.6	requiresWorkStyle	workStyleRequiredBy
onet	PreventiveMedicinePhysicians	1.C.7.a	requiresWorkStyle	workStyleRequiredBy
onet	PreventiveMedicinePhysicians	1.C.7.b	requiresWorkStyle	workStyleRequiredBy
onet	PrintingPressOperators	1.C.1.a	requiresWorkStyle	workStyleRequiredBy
onet	PrintingPressOperators	1.C.1.b	requiresWorkStyle	workStyleRequiredBy
onet	PrintingPressOperators	1.C.1.c	requiresWorkStyle	workStyleRequiredBy
onet	PrintingPressOperators	1.C.2.b	requiresWorkStyle	workStyleRequiredBy
onet	PrintingPressOperators	1.C.3.a	requiresWorkStyle	workStyleRequiredBy
onet	PrintingPressOperators	1.C.3.b	requiresWorkStyle	workStyleRequiredBy
onet	PrintingPressOperators	1.C.3.c	requiresWorkStyle	workStyleRequiredBy
onet	PrintingPressOperators	1.C.4.a	requiresWorkStyle	workStyleRequiredBy
onet	PrintingPressOperators	1.C.4.b	requiresWorkStyle	workStyleRequiredBy
onet	PrintingPressOperators	1.C.4.c	requiresWorkStyle	workStyleRequiredBy
onet	PrintingPressOperators	1.C.5.a	requiresWorkStyle	workStyleRequiredBy
onet	PrintingPressOperators	1.C.5.b	requiresWorkStyle	workStyleRequiredBy
onet	PrintingPressOperators	1.C.5.c	requiresWorkStyle	workStyleRequiredBy
onet	PrintingPressOperators	1.C.6	requiresWorkStyle	workStyleRequiredBy
onet	PrintingPressOperators	1.C.7.a	requiresWorkStyle	workStyleRequiredBy
onet	PrintingPressOperators	1.C.7.b	requiresWorkStyle	workStyleRequiredBy
onet	ProcessingMachineOperators	1.C.1.a	requiresWorkStyle	workStyleRequiredBy
onet	ProcessingMachineOperators	1.C.1.b	requiresWorkStyle	workStyleRequiredBy
onet	ProcessingMachineOperators	1.C.1.c	requiresWorkStyle	workStyleRequiredBy
onet	ProcessingMachineOperators	1.C.2.b	requiresWorkStyle	workStyleRequiredBy
onet	ProcessingMachineOperators	1.C.3.a	requiresWorkStyle	workStyleRequiredBy
onet	ProcessingMachineOperators	1.C.3.b	requiresWorkStyle	workStyleRequiredBy
onet	ProcessingMachineOperators	1.C.3.c	requiresWorkStyle	workStyleRequiredBy
onet	ProcessingMachineOperators	1.C.4.a	requiresWorkStyle	workStyleRequiredBy
onet	ProcessingMachineOperators	1.C.4.b	requiresWorkStyle	workStyleRequiredBy
onet	ProcessingMachineOperators	1.C.4.c	requiresWorkStyle	workStyleRequiredBy
onet	ProcessingMachineOperators	1.C.5.a	requiresWorkStyle	workStyleRequiredBy
onet	ProcessingMachineOperators	1.C.5.b	requiresWorkStyle	workStyleRequiredBy
onet	ProcessingMachineOperators	1.C.5.c	requiresWorkStyle	workStyleRequiredBy
onet	ProcessingMachineOperators	1.C.6	requiresWorkStyle	workStyleRequiredBy
onet	ProcessingMachineOperators	1.C.7.a	requiresWorkStyle	workStyleRequiredBy
onet	ProcessingMachineOperators	1.C.7.b	requiresWorkStyle	workStyleRequiredBy
onet	ProcurementClerks	1.C.1.a	requiresWorkStyle	workStyleRequiredBy
onet	ProcurementClerks	1.C.1.b	requiresWorkStyle	workStyleRequiredBy
onet	ProcurementClerks	1.C.1.c	requiresWorkStyle	workStyleRequiredBy
onet	ProcurementClerks	1.C.2.b	requiresWorkStyle	workStyleRequiredBy
onet	ProcurementClerks	1.C.3.a	requiresWorkStyle	workStyleRequiredBy
onet	ProcurementClerks	1.C.3.b	requiresWorkStyle	workStyleRequiredBy
onet	ProcurementClerks	1.C.3.c	requiresWorkStyle	workStyleRequiredBy
onet	ProcurementClerks	1.C.4.a	requiresWorkStyle	workStyleRequiredBy
onet	ProcurementClerks	1.C.4.b	requiresWorkStyle	workStyleRequiredBy
onet	ProcurementClerks	1.C.4.c	requiresWorkStyle	workStyleRequiredBy
onet	ProcurementClerks	1.C.5.a	requiresWorkStyle	workStyleRequiredBy
onet	ProcurementClerks	1.C.5.b	requiresWorkStyle	workStyleRequiredBy
onet	ProcurementClerks	1.C.5.c	requiresWorkStyle	workStyleRequiredBy
onet	ProcurementClerks	1.C.6	requiresWorkStyle	workStyleRequiredBy
onet	ProcurementClerks	1.C.7.a	requiresWorkStyle	workStyleRequiredBy
onet	ProcurementClerks	1.C.7.b	requiresWorkStyle	workStyleRequiredBy
onet	ProductDevelopmentManagers	1.C.1.a	requiresWorkStyle	workStyleRequiredBy
onet	ProductDevelopmentManagers	1.C.1.b	requiresWorkStyle	workStyleRequiredBy
onet	ProductDevelopmentManagers	1.C.1.c	requiresWorkStyle	workStyleRequiredBy
onet	ProductDevelopmentManagers	1.C.2.b	requiresWorkStyle	workStyleRequiredBy
onet	ProductDevelopmentManagers	1.C.3.a	requiresWorkStyle	workStyleRequiredBy
onet	ProductDevelopmentManagers	1.C.3.b	requiresWorkStyle	workStyleRequiredBy
onet	ProductDevelopmentManagers	1.C.3.c	requiresWorkStyle	workStyleRequiredBy
onet	ProductDevelopmentManagers	1.C.4.a	requiresWorkStyle	workStyleRequiredBy
onet	ProductDevelopmentManagers	1.C.4.b	requiresWorkStyle	workStyleRequiredBy
onet	ProductDevelopmentManagers	1.C.4.c	requiresWorkStyle	workStyleRequiredBy
onet	ProductDevelopmentManagers	1.C.5.a	requiresWorkStyle	workStyleRequiredBy
onet	ProductDevelopmentManagers	1.C.5.b	requiresWorkStyle	workStyleRequiredBy
onet	ProductDevelopmentManagers	1.C.5.c	requiresWorkStyle	workStyleRequiredBy
onet	ProductDevelopmentManagers	1.C.6	requiresWorkStyle	workStyleRequiredBy
onet	ProductDevelopmentManagers	1.C.7.a	requiresWorkStyle	workStyleRequiredBy
onet	ProductDevelopmentManagers	1.C.7.b	requiresWorkStyle	workStyleRequiredBy
onet	ProductPromoters	1.C.1.a	requiresWorkStyle	workStyleRequiredBy
onet	ProductPromoters	1.C.1.b	requiresWorkStyle	workStyleRequiredBy
onet	ProductPromoters	1.C.1.c	requiresWorkStyle	workStyleRequiredBy
onet	ProductPromoters	1.C.2.b	requiresWorkStyle	workStyleRequiredBy
onet	ProductPromoters	1.C.3.a	requiresWorkStyle	workStyleRequiredBy
onet	ProductPromoters	1.C.3.b	requiresWorkStyle	workStyleRequiredBy
onet	ProductPromoters	1.C.3.c	requiresWorkStyle	workStyleRequiredBy
onet	ProductPromoters	1.C.4.a	requiresWorkStyle	workStyleRequiredBy
onet	ProductPromoters	1.C.4.b	requiresWorkStyle	workStyleRequiredBy
onet	ProductPromoters	1.C.4.c	requiresWorkStyle	workStyleRequiredBy
onet	ProductPromoters	1.C.5.a	requiresWorkStyle	workStyleRequiredBy
onet	ProductPromoters	1.C.5.b	requiresWorkStyle	workStyleRequiredBy
onet	ProductPromoters	1.C.5.c	requiresWorkStyle	workStyleRequiredBy
onet	ProductPromoters	1.C.6	requiresWorkStyle	workStyleRequiredBy
onet	ProductPromoters	1.C.7.a	requiresWorkStyle	workStyleRequiredBy
onet	ProductPromoters	1.C.7.b	requiresWorkStyle	workStyleRequiredBy
onet	PromotionsManagers	1.C.1.a	requiresWorkStyle	workStyleRequiredBy
onet	PromotionsManagers	1.C.1.b	requiresWorkStyle	workStyleRequiredBy
onet	PromotionsManagers	1.C.1.c	requiresWorkStyle	workStyleRequiredBy
onet	PromotionsManagers	1.C.2.b	requiresWorkStyle	workStyleRequiredBy
onet	PromotionsManagers	1.C.3.a	requiresWorkStyle	workStyleRequiredBy
onet	PromotionsManagers	1.C.3.b	requiresWorkStyle	workStyleRequiredBy
onet	PromotionsManagers	1.C.3.c	requiresWorkStyle	workStyleRequiredBy
onet	PromotionsManagers	1.C.4.a	requiresWorkStyle	workStyleRequiredBy
onet	PromotionsManagers	1.C.4.b	requiresWorkStyle	workStyleRequiredBy
onet	PromotionsManagers	1.C.4.c	requiresWorkStyle	workStyleRequiredBy
onet	PromotionsManagers	1.C.5.a	requiresWorkStyle	workStyleRequiredBy
onet	PromotionsManagers	1.C.5.b	requiresWorkStyle	workStyleRequiredBy
onet	PromotionsManagers	1.C.5.c	requiresWorkStyle	workStyleRequiredBy
onet	PromotionsManagers	1.C.6	requiresWorkStyle	workStyleRequiredBy
onet	PromotionsManagers	1.C.7.a	requiresWorkStyle	workStyleRequiredBy
onet	PromotionsManagers	1.C.7.b	requiresWorkStyle	workStyleRequiredBy
onet	Prosthetists	1.C.1.a	requiresWorkStyle	workStyleRequiredBy
onet	Prosthetists	1.C.1.b	requiresWorkStyle	workStyleRequiredBy
onet	Prosthetists	1.C.1.c	requiresWorkStyle	workStyleRequiredBy
onet	Prosthetists	1.C.2.b	requiresWorkStyle	workStyleRequiredBy
onet	Prosthetists	1.C.3.a	requiresWorkStyle	workStyleRequiredBy
onet	Prosthetists	1.C.3.b	requiresWorkStyle	workStyleRequiredBy
onet	Prosthetists	1.C.3.c	requiresWorkStyle	workStyleRequiredBy
onet	Prosthetists	1.C.4.a	requiresWorkStyle	workStyleRequiredBy
onet	Prosthetists	1.C.4.b	requiresWorkStyle	workStyleRequiredBy
onet	Prosthetists	1.C.4.c	requiresWorkStyle	workStyleRequiredBy
onet	Prosthetists	1.C.5.a	requiresWorkStyle	workStyleRequiredBy
onet	Prosthetists	1.C.5.b	requiresWorkStyle	workStyleRequiredBy
onet	Prosthetists	1.C.5.c	requiresWorkStyle	workStyleRequiredBy
onet	Prosthetists	1.C.6	requiresWorkStyle	workStyleRequiredBy
onet	Prosthetists	1.C.7.a	requiresWorkStyle	workStyleRequiredBy
onet	Prosthetists	1.C.7.b	requiresWorkStyle	workStyleRequiredBy
onet	Prosthodontists	1.C.1.a	requiresWorkStyle	workStyleRequiredBy
onet	Prosthodontists	1.C.1.b	requiresWorkStyle	workStyleRequiredBy
onet	Prosthodontists	1.C.1.c	requiresWorkStyle	workStyleRequiredBy
onet	Prosthodontists	1.C.2.b	requiresWorkStyle	workStyleRequiredBy
onet	Prosthodontists	1.C.3.a	requiresWorkStyle	workStyleRequiredBy
onet	Prosthodontists	1.C.3.b	requiresWorkStyle	workStyleRequiredBy
onet	Prosthodontists	1.C.3.c	requiresWorkStyle	workStyleRequiredBy
onet	Prosthodontists	1.C.4.a	requiresWorkStyle	workStyleRequiredBy
onet	Prosthodontists	1.C.4.b	requiresWorkStyle	workStyleRequiredBy
onet	Prosthodontists	1.C.4.c	requiresWorkStyle	workStyleRequiredBy
onet	Prosthodontists	1.C.5.a	requiresWorkStyle	workStyleRequiredBy
onet	Prosthodontists	1.C.5.b	requiresWorkStyle	workStyleRequiredBy
onet	Prosthodontists	1.C.5.c	requiresWorkStyle	workStyleRequiredBy
onet	Prosthodontists	1.C.6	requiresWorkStyle	workStyleRequiredBy
onet	Prosthodontists	1.C.7.a	requiresWorkStyle	workStyleRequiredBy
onet	Prosthodontists	1.C.7.b	requiresWorkStyle	workStyleRequiredBy
onet	ProtectionEngineers	1.C.1.a	requiresWorkStyle	workStyleRequiredBy
onet	ProtectionEngineers	1.C.1.b	requiresWorkStyle	workStyleRequiredBy
onet	ProtectionEngineers	1.C.1.c	requiresWorkStyle	workStyleRequiredBy
onet	ProtectionEngineers	1.C.2.b	requiresWorkStyle	workStyleRequiredBy
onet	ProtectionEngineers	1.C.3.a	requiresWorkStyle	workStyleRequiredBy
onet	ProtectionEngineers	1.C.3.b	requiresWorkStyle	workStyleRequiredBy
onet	ProtectionEngineers	1.C.3.c	requiresWorkStyle	workStyleRequiredBy
onet	ProtectionEngineers	1.C.4.a	requiresWorkStyle	workStyleRequiredBy
onet	ProtectionEngineers	1.C.4.b	requiresWorkStyle	workStyleRequiredBy
onet	ProtectionEngineers	1.C.4.c	requiresWorkStyle	workStyleRequiredBy
onet	ProtectionEngineers	1.C.5.a	requiresWorkStyle	workStyleRequiredBy
onet	ProtectionEngineers	1.C.5.b	requiresWorkStyle	workStyleRequiredBy
onet	ProtectionEngineers	1.C.5.c	requiresWorkStyle	workStyleRequiredBy
onet	ProtectionEngineers	1.C.6	requiresWorkStyle	workStyleRequiredBy
onet	ProtectionEngineers	1.C.7.a	requiresWorkStyle	workStyleRequiredBy
onet	ProtectionEngineers	1.C.7.b	requiresWorkStyle	workStyleRequiredBy
onet	Pruners	1.C.1.a	requiresWorkStyle	workStyleRequiredBy
onet	Pruners	1.C.1.b	requiresWorkStyle	workStyleRequiredBy
onet	Pruners	1.C.1.c	requiresWorkStyle	workStyleRequiredBy
onet	Pruners	1.C.2.b	requiresWorkStyle	workStyleRequiredBy
onet	Pruners	1.C.3.a	requiresWorkStyle	workStyleRequiredBy
onet	Pruners	1.C.3.b	requiresWorkStyle	workStyleRequiredBy
onet	Pruners	1.C.3.c	requiresWorkStyle	workStyleRequiredBy
onet	Pruners	1.C.4.a	requiresWorkStyle	workStyleRequiredBy
onet	Pruners	1.C.4.b	requiresWorkStyle	workStyleRequiredBy
onet	Pruners	1.C.4.c	requiresWorkStyle	workStyleRequiredBy
onet	Pruners	1.C.5.a	requiresWorkStyle	workStyleRequiredBy
onet	Pruners	1.C.5.b	requiresWorkStyle	workStyleRequiredBy
onet	Pruners	1.C.5.c	requiresWorkStyle	workStyleRequiredBy
onet	Pruners	1.C.6	requiresWorkStyle	workStyleRequiredBy
onet	Pruners	1.C.7.a	requiresWorkStyle	workStyleRequiredBy
onet	Pruners	1.C.7.b	requiresWorkStyle	workStyleRequiredBy
onet	PsychiatricAides	1.C.1.a	requiresWorkStyle	workStyleRequiredBy
onet	PsychiatricAides	1.C.1.b	requiresWorkStyle	workStyleRequiredBy
onet	PsychiatricAides	1.C.1.c	requiresWorkStyle	workStyleRequiredBy
onet	PsychiatricAides	1.C.2.b	requiresWorkStyle	workStyleRequiredBy
onet	PsychiatricAides	1.C.3.a	requiresWorkStyle	workStyleRequiredBy
onet	PsychiatricAides	1.C.3.b	requiresWorkStyle	workStyleRequiredBy
onet	PsychiatricAides	1.C.3.c	requiresWorkStyle	workStyleRequiredBy
onet	PsychiatricAides	1.C.4.a	requiresWorkStyle	workStyleRequiredBy
onet	PsychiatricAides	1.C.4.b	requiresWorkStyle	workStyleRequiredBy
onet	PsychiatricAides	1.C.4.c	requiresWorkStyle	workStyleRequiredBy
onet	PsychiatricAides	1.C.5.a	requiresWorkStyle	workStyleRequiredBy
onet	PsychiatricAides	1.C.5.b	requiresWorkStyle	workStyleRequiredBy
onet	PsychiatricAides	1.C.5.c	requiresWorkStyle	workStyleRequiredBy
onet	PsychiatricAides	1.C.6	requiresWorkStyle	workStyleRequiredBy
onet	PsychiatricAides	1.C.7.a	requiresWorkStyle	workStyleRequiredBy
onet	PsychiatricAides	1.C.7.b	requiresWorkStyle	workStyleRequiredBy
onet	PsychiatricTechnicians	1.C.1.a	requiresWorkStyle	workStyleRequiredBy
onet	PsychiatricTechnicians	1.C.1.b	requiresWorkStyle	workStyleRequiredBy
onet	PsychiatricTechnicians	1.C.1.c	requiresWorkStyle	workStyleRequiredBy
onet	PsychiatricTechnicians	1.C.2.b	requiresWorkStyle	workStyleRequiredBy
onet	PsychiatricTechnicians	1.C.3.a	requiresWorkStyle	workStyleRequiredBy
onet	PsychiatricTechnicians	1.C.3.b	requiresWorkStyle	workStyleRequiredBy
onet	PsychiatricTechnicians	1.C.3.c	requiresWorkStyle	workStyleRequiredBy
onet	PsychiatricTechnicians	1.C.4.a	requiresWorkStyle	workStyleRequiredBy
onet	PsychiatricTechnicians	1.C.4.b	requiresWorkStyle	workStyleRequiredBy
onet	PsychiatricTechnicians	1.C.4.c	requiresWorkStyle	workStyleRequiredBy
onet	PsychiatricTechnicians	1.C.5.a	requiresWorkStyle	workStyleRequiredBy
onet	PsychiatricTechnicians	1.C.5.b	requiresWorkStyle	workStyleRequiredBy
onet	PsychiatricTechnicians	1.C.5.c	requiresWorkStyle	workStyleRequiredBy
onet	PsychiatricTechnicians	1.C.6	requiresWorkStyle	workStyleRequiredBy
onet	PsychiatricTechnicians	1.C.7.a	requiresWorkStyle	workStyleRequiredBy
onet	PsychiatricTechnicians	1.C.7.b	requiresWorkStyle	workStyleRequiredBy
onet	Psychiatrists	1.C.1.a	requiresWorkStyle	workStyleRequiredBy
onet	Psychiatrists	1.C.1.b	requiresWorkStyle	workStyleRequiredBy
onet	Psychiatrists	1.C.1.c	requiresWorkStyle	workStyleRequiredBy
onet	Psychiatrists	1.C.2.b	requiresWorkStyle	workStyleRequiredBy
onet	Psychiatrists	1.C.3.a	requiresWorkStyle	workStyleRequiredBy
onet	Psychiatrists	1.C.3.b	requiresWorkStyle	workStyleRequiredBy
onet	Psychiatrists	1.C.3.c	requiresWorkStyle	workStyleRequiredBy
onet	Psychiatrists	1.C.4.a	requiresWorkStyle	workStyleRequiredBy
onet	Psychiatrists	1.C.4.b	requiresWorkStyle	workStyleRequiredBy
onet	Psychiatrists	1.C.4.c	requiresWorkStyle	workStyleRequiredBy
onet	Psychiatrists	1.C.5.a	requiresWorkStyle	workStyleRequiredBy
onet	Psychiatrists	1.C.5.b	requiresWorkStyle	workStyleRequiredBy
onet	Psychiatrists	1.C.5.c	requiresWorkStyle	workStyleRequiredBy
onet	Psychiatrists	1.C.6	requiresWorkStyle	workStyleRequiredBy
onet	Psychiatrists	1.C.7.a	requiresWorkStyle	workStyleRequiredBy
onet	Psychiatrists	1.C.7.b	requiresWorkStyle	workStyleRequiredBy
onet	PsychologyTeachersPostsecondary	1.C.1.a	requiresWorkStyle	workStyleRequiredBy
onet	PsychologyTeachersPostsecondary	1.C.1.b	requiresWorkStyle	workStyleRequiredBy
onet	PsychologyTeachersPostsecondary	1.C.1.c	requiresWorkStyle	workStyleRequiredBy
onet	PsychologyTeachersPostsecondary	1.C.2.b	requiresWorkStyle	workStyleRequiredBy
onet	PsychologyTeachersPostsecondary	1.C.3.a	requiresWorkStyle	workStyleRequiredBy
onet	PsychologyTeachersPostsecondary	1.C.3.b	requiresWorkStyle	workStyleRequiredBy
onet	PsychologyTeachersPostsecondary	1.C.3.c	requiresWorkStyle	workStyleRequiredBy
onet	PsychologyTeachersPostsecondary	1.C.4.a	requiresWorkStyle	workStyleRequiredBy
onet	PsychologyTeachersPostsecondary	1.C.4.b	requiresWorkStyle	workStyleRequiredBy
onet	PsychologyTeachersPostsecondary	1.C.4.c	requiresWorkStyle	workStyleRequiredBy
onet	PsychologyTeachersPostsecondary	1.C.5.a	requiresWorkStyle	workStyleRequiredBy
onet	PsychologyTeachersPostsecondary	1.C.5.b	requiresWorkStyle	workStyleRequiredBy
onet	PsychologyTeachersPostsecondary	1.C.5.c	requiresWorkStyle	workStyleRequiredBy
onet	PsychologyTeachersPostsecondary	1.C.6	requiresWorkStyle	workStyleRequiredBy
onet	PsychologyTeachersPostsecondary	1.C.7.a	requiresWorkStyle	workStyleRequiredBy
onet	PsychologyTeachersPostsecondary	1.C.7.b	requiresWorkStyle	workStyleRequiredBy
onet	PublicRelationsSpecialists	1.C.1.a	requiresWorkStyle	workStyleRequiredBy
onet	PublicRelationsSpecialists	1.C.1.b	requiresWorkStyle	workStyleRequiredBy
onet	PublicRelationsSpecialists	1.C.1.c	requiresWorkStyle	workStyleRequiredBy
onet	PublicRelationsSpecialists	1.C.2.b	requiresWorkStyle	workStyleRequiredBy
onet	PublicRelationsSpecialists	1.C.3.a	requiresWorkStyle	workStyleRequiredBy
onet	PublicRelationsSpecialists	1.C.3.b	requiresWorkStyle	workStyleRequiredBy
onet	PublicRelationsSpecialists	1.C.3.c	requiresWorkStyle	workStyleRequiredBy
onet	PublicRelationsSpecialists	1.C.4.a	requiresWorkStyle	workStyleRequiredBy
onet	PublicRelationsSpecialists	1.C.4.b	requiresWorkStyle	workStyleRequiredBy
onet	PublicRelationsSpecialists	1.C.4.c	requiresWorkStyle	workStyleRequiredBy
onet	PublicRelationsSpecialists	1.C.5.a	requiresWorkStyle	workStyleRequiredBy
onet	PublicRelationsSpecialists	1.C.5.b	requiresWorkStyle	workStyleRequiredBy
onet	PublicRelationsSpecialists	1.C.5.c	requiresWorkStyle	workStyleRequiredBy
onet	PublicRelationsSpecialists	1.C.6	requiresWorkStyle	workStyleRequiredBy
onet	PublicRelationsSpecialists	1.C.7.a	requiresWorkStyle	workStyleRequiredBy
onet	PublicRelationsSpecialists	1.C.7.b	requiresWorkStyle	workStyleRequiredBy
onet	PublicSafetyTelecommunicators	1.C.1.a	requiresWorkStyle	workStyleRequiredBy
onet	PublicSafetyTelecommunicators	1.C.1.b	requiresWorkStyle	workStyleRequiredBy
onet	PublicSafetyTelecommunicators	1.C.1.c	requiresWorkStyle	workStyleRequiredBy
onet	PublicSafetyTelecommunicators	1.C.2.b	requiresWorkStyle	workStyleRequiredBy
onet	PublicSafetyTelecommunicators	1.C.3.a	requiresWorkStyle	workStyleRequiredBy
onet	PublicSafetyTelecommunicators	1.C.3.b	requiresWorkStyle	workStyleRequiredBy
onet	PublicSafetyTelecommunicators	1.C.3.c	requiresWorkStyle	workStyleRequiredBy
onet	PublicSafetyTelecommunicators	1.C.4.a	requiresWorkStyle	workStyleRequiredBy
onet	PublicSafetyTelecommunicators	1.C.4.b	requiresWorkStyle	workStyleRequiredBy
onet	PublicSafetyTelecommunicators	1.C.4.c	requiresWorkStyle	workStyleRequiredBy
onet	PublicSafetyTelecommunicators	1.C.5.a	requiresWorkStyle	workStyleRequiredBy
onet	PublicSafetyTelecommunicators	1.C.5.b	requiresWorkStyle	workStyleRequiredBy
onet	PublicSafetyTelecommunicators	1.C.5.c	requiresWorkStyle	workStyleRequiredBy
onet	PublicSafetyTelecommunicators	1.C.6	requiresWorkStyle	workStyleRequiredBy
onet	PublicSafetyTelecommunicators	1.C.7.a	requiresWorkStyle	workStyleRequiredBy
onet	PublicSafetyTelecommunicators	1.C.7.b	requiresWorkStyle	workStyleRequiredBy
onet	PurchasingAgentsFarmProducts	1.C.1.a	requiresWorkStyle	workStyleRequiredBy
onet	PurchasingAgentsFarmProducts	1.C.1.b	requiresWorkStyle	workStyleRequiredBy
onet	PurchasingAgentsFarmProducts	1.C.1.c	requiresWorkStyle	workStyleRequiredBy
onet	PurchasingAgentsFarmProducts	1.C.2.b	requiresWorkStyle	workStyleRequiredBy
onet	PurchasingAgentsFarmProducts	1.C.3.a	requiresWorkStyle	workStyleRequiredBy
onet	PurchasingAgentsFarmProducts	1.C.3.b	requiresWorkStyle	workStyleRequiredBy
onet	PurchasingAgentsFarmProducts	1.C.3.c	requiresWorkStyle	workStyleRequiredBy
onet	PurchasingAgentsFarmProducts	1.C.4.a	requiresWorkStyle	workStyleRequiredBy
onet	PurchasingAgentsFarmProducts	1.C.4.b	requiresWorkStyle	workStyleRequiredBy
onet	PurchasingAgentsFarmProducts	1.C.4.c	requiresWorkStyle	workStyleRequiredBy
onet	PurchasingAgentsFarmProducts	1.C.5.a	requiresWorkStyle	workStyleRequiredBy
onet	PurchasingAgentsFarmProducts	1.C.5.b	requiresWorkStyle	workStyleRequiredBy
onet	PurchasingAgentsFarmProducts	1.C.5.c	requiresWorkStyle	workStyleRequiredBy
onet	PurchasingAgentsFarmProducts	1.C.6	requiresWorkStyle	workStyleRequiredBy
onet	PurchasingAgentsFarmProducts	1.C.7.a	requiresWorkStyle	workStyleRequiredBy
onet	PurchasingAgentsFarmProducts	1.C.7.b	requiresWorkStyle	workStyleRequiredBy
onet	PurchasingManagers	1.C.1.a	requiresWorkStyle	workStyleRequiredBy
onet	PurchasingManagers	1.C.1.b	requiresWorkStyle	workStyleRequiredBy
onet	PurchasingManagers	1.C.1.c	requiresWorkStyle	workStyleRequiredBy
onet	PurchasingManagers	1.C.2.b	requiresWorkStyle	workStyleRequiredBy
onet	PurchasingManagers	1.C.3.a	requiresWorkStyle	workStyleRequiredBy
onet	PurchasingManagers	1.C.3.b	requiresWorkStyle	workStyleRequiredBy
onet	PurchasingManagers	1.C.3.c	requiresWorkStyle	workStyleRequiredBy
onet	PurchasingManagers	1.C.4.a	requiresWorkStyle	workStyleRequiredBy
onet	PurchasingManagers	1.C.4.b	requiresWorkStyle	workStyleRequiredBy
onet	PurchasingManagers	1.C.4.c	requiresWorkStyle	workStyleRequiredBy
onet	PurchasingManagers	1.C.5.a	requiresWorkStyle	workStyleRequiredBy
onet	PurchasingManagers	1.C.5.b	requiresWorkStyle	workStyleRequiredBy
onet	PurchasingManagers	1.C.5.c	requiresWorkStyle	workStyleRequiredBy
onet	PurchasingManagers	1.C.6	requiresWorkStyle	workStyleRequiredBy
onet	PurchasingManagers	1.C.7.a	requiresWorkStyle	workStyleRequiredBy
onet	PurchasingManagers	1.C.7.b	requiresWorkStyle	workStyleRequiredBy
onet	QualityControlAnalysts	1.C.1.a	requiresWorkStyle	workStyleRequiredBy
onet	QualityControlAnalysts	1.C.1.b	requiresWorkStyle	workStyleRequiredBy
onet	QualityControlAnalysts	1.C.1.c	requiresWorkStyle	workStyleRequiredBy
onet	QualityControlAnalysts	1.C.2.b	requiresWorkStyle	workStyleRequiredBy
onet	QualityControlAnalysts	1.C.3.a	requiresWorkStyle	workStyleRequiredBy
onet	QualityControlAnalysts	1.C.3.b	requiresWorkStyle	workStyleRequiredBy
onet	QualityControlAnalysts	1.C.3.c	requiresWorkStyle	workStyleRequiredBy
onet	QualityControlAnalysts	1.C.4.a	requiresWorkStyle	workStyleRequiredBy
onet	QualityControlAnalysts	1.C.4.b	requiresWorkStyle	workStyleRequiredBy
onet	QualityControlAnalysts	1.C.4.c	requiresWorkStyle	workStyleRequiredBy
onet	QualityControlAnalysts	1.C.5.a	requiresWorkStyle	workStyleRequiredBy
onet	QualityControlAnalysts	1.C.5.b	requiresWorkStyle	workStyleRequiredBy
onet	QualityControlAnalysts	1.C.5.c	requiresWorkStyle	workStyleRequiredBy
onet	QualityControlAnalysts	1.C.6	requiresWorkStyle	workStyleRequiredBy
onet	QualityControlAnalysts	1.C.7.a	requiresWorkStyle	workStyleRequiredBy
onet	QualityControlAnalysts	1.C.7.b	requiresWorkStyle	workStyleRequiredBy
onet	QualityControlSystemsManagers	1.C.1.a	requiresWorkStyle	workStyleRequiredBy
onet	QualityControlSystemsManagers	1.C.1.b	requiresWorkStyle	workStyleRequiredBy
onet	QualityControlSystemsManagers	1.C.1.c	requiresWorkStyle	workStyleRequiredBy
onet	QualityControlSystemsManagers	1.C.2.b	requiresWorkStyle	workStyleRequiredBy
onet	QualityControlSystemsManagers	1.C.3.a	requiresWorkStyle	workStyleRequiredBy
onet	QualityControlSystemsManagers	1.C.3.b	requiresWorkStyle	workStyleRequiredBy
onet	QualityControlSystemsManagers	1.C.3.c	requiresWorkStyle	workStyleRequiredBy
onet	QualityControlSystemsManagers	1.C.4.a	requiresWorkStyle	workStyleRequiredBy
onet	QualityControlSystemsManagers	1.C.4.b	requiresWorkStyle	workStyleRequiredBy
onet	QualityControlSystemsManagers	1.C.4.c	requiresWorkStyle	workStyleRequiredBy
onet	QualityControlSystemsManagers	1.C.5.a	requiresWorkStyle	workStyleRequiredBy
onet	QualityControlSystemsManagers	1.C.5.b	requiresWorkStyle	workStyleRequiredBy
onet	QualityControlSystemsManagers	1.C.5.c	requiresWorkStyle	workStyleRequiredBy
onet	QualityControlSystemsManagers	1.C.6	requiresWorkStyle	workStyleRequiredBy
onet	QualityControlSystemsManagers	1.C.7.a	requiresWorkStyle	workStyleRequiredBy
onet	QualityControlSystemsManagers	1.C.7.b	requiresWorkStyle	workStyleRequiredBy
onet	RadiationTherapists	1.C.1.a	requiresWorkStyle	workStyleRequiredBy
onet	RadiationTherapists	1.C.1.b	requiresWorkStyle	workStyleRequiredBy
onet	RadiationTherapists	1.C.1.c	requiresWorkStyle	workStyleRequiredBy
onet	RadiationTherapists	1.C.2.b	requiresWorkStyle	workStyleRequiredBy
onet	RadiationTherapists	1.C.3.a	requiresWorkStyle	workStyleRequiredBy
onet	RadiationTherapists	1.C.3.b	requiresWorkStyle	workStyleRequiredBy
onet	RadiationTherapists	1.C.3.c	requiresWorkStyle	workStyleRequiredBy
onet	RadiationTherapists	1.C.4.a	requiresWorkStyle	workStyleRequiredBy
onet	RadiationTherapists	1.C.4.b	requiresWorkStyle	workStyleRequiredBy
onet	RadiationTherapists	1.C.4.c	requiresWorkStyle	workStyleRequiredBy
onet	RadiationTherapists	1.C.5.a	requiresWorkStyle	workStyleRequiredBy
onet	RadiationTherapists	1.C.5.b	requiresWorkStyle	workStyleRequiredBy
onet	RadiationTherapists	1.C.5.c	requiresWorkStyle	workStyleRequiredBy
onet	RadiationTherapists	1.C.6	requiresWorkStyle	workStyleRequiredBy
onet	RadiationTherapists	1.C.7.a	requiresWorkStyle	workStyleRequiredBy
onet	RadiationTherapists	1.C.7.b	requiresWorkStyle	workStyleRequiredBy
onet	RadioDiscJockeys	1.C.1.a	requiresWorkStyle	workStyleRequiredBy
onet	RadioDiscJockeys	1.C.1.b	requiresWorkStyle	workStyleRequiredBy
onet	RadioDiscJockeys	1.C.1.c	requiresWorkStyle	workStyleRequiredBy
onet	RadioDiscJockeys	1.C.2.b	requiresWorkStyle	workStyleRequiredBy
onet	RadioDiscJockeys	1.C.3.a	requiresWorkStyle	workStyleRequiredBy
onet	RadioDiscJockeys	1.C.3.b	requiresWorkStyle	workStyleRequiredBy
onet	RadioDiscJockeys	1.C.3.c	requiresWorkStyle	workStyleRequiredBy
onet	RadioDiscJockeys	1.C.4.a	requiresWorkStyle	workStyleRequiredBy
onet	RadioDiscJockeys	1.C.4.b	requiresWorkStyle	workStyleRequiredBy
onet	RadioDiscJockeys	1.C.4.c	requiresWorkStyle	workStyleRequiredBy
onet	RadioDiscJockeys	1.C.5.a	requiresWorkStyle	workStyleRequiredBy
onet	RadioDiscJockeys	1.C.5.b	requiresWorkStyle	workStyleRequiredBy
onet	RadioDiscJockeys	1.C.5.c	requiresWorkStyle	workStyleRequiredBy
onet	RadioDiscJockeys	1.C.6	requiresWorkStyle	workStyleRequiredBy
onet	RadioDiscJockeys	1.C.7.a	requiresWorkStyle	workStyleRequiredBy
onet	RadioDiscJockeys	1.C.7.b	requiresWorkStyle	workStyleRequiredBy
onet	RadioFrequencyIdentificationDeviceSpecialists	1.C.1.a	requiresWorkStyle	workStyleRequiredBy
onet	RadioFrequencyIdentificationDeviceSpecialists	1.C.1.b	requiresWorkStyle	workStyleRequiredBy
onet	RadioFrequencyIdentificationDeviceSpecialists	1.C.1.c	requiresWorkStyle	workStyleRequiredBy
onet	RadioFrequencyIdentificationDeviceSpecialists	1.C.2.b	requiresWorkStyle	workStyleRequiredBy
onet	RadioFrequencyIdentificationDeviceSpecialists	1.C.3.a	requiresWorkStyle	workStyleRequiredBy
onet	RadioFrequencyIdentificationDeviceSpecialists	1.C.3.b	requiresWorkStyle	workStyleRequiredBy
onet	RadioFrequencyIdentificationDeviceSpecialists	1.C.3.c	requiresWorkStyle	workStyleRequiredBy
onet	RadioFrequencyIdentificationDeviceSpecialists	1.C.4.a	requiresWorkStyle	workStyleRequiredBy
onet	RadioFrequencyIdentificationDeviceSpecialists	1.C.4.b	requiresWorkStyle	workStyleRequiredBy
onet	RadioFrequencyIdentificationDeviceSpecialists	1.C.4.c	requiresWorkStyle	workStyleRequiredBy
onet	RadioFrequencyIdentificationDeviceSpecialists	1.C.5.a	requiresWorkStyle	workStyleRequiredBy
onet	RadioFrequencyIdentificationDeviceSpecialists	1.C.5.b	requiresWorkStyle	workStyleRequiredBy
onet	RadioFrequencyIdentificationDeviceSpecialists	1.C.5.c	requiresWorkStyle	workStyleRequiredBy
onet	RadioFrequencyIdentificationDeviceSpecialists	1.C.6	requiresWorkStyle	workStyleRequiredBy
onet	RadioFrequencyIdentificationDeviceSpecialists	1.C.7.a	requiresWorkStyle	workStyleRequiredBy
onet	RadioFrequencyIdentificationDeviceSpecialists	1.C.7.b	requiresWorkStyle	workStyleRequiredBy
onet	Radiologists	1.C.1.a	requiresWorkStyle	workStyleRequiredBy
onet	Radiologists	1.C.1.b	requiresWorkStyle	workStyleRequiredBy
onet	Radiologists	1.C.1.c	requiresWorkStyle	workStyleRequiredBy
onet	Radiologists	1.C.2.b	requiresWorkStyle	workStyleRequiredBy
onet	Radiologists	1.C.3.a	requiresWorkStyle	workStyleRequiredBy
onet	Radiologists	1.C.3.b	requiresWorkStyle	workStyleRequiredBy
onet	Radiologists	1.C.3.c	requiresWorkStyle	workStyleRequiredBy
onet	Radiologists	1.C.4.a	requiresWorkStyle	workStyleRequiredBy
onet	Radiologists	1.C.4.b	requiresWorkStyle	workStyleRequiredBy
onet	Radiologists	1.C.4.c	requiresWorkStyle	workStyleRequiredBy
onet	Radiologists	1.C.5.a	requiresWorkStyle	workStyleRequiredBy
onet	Radiologists	1.C.5.b	requiresWorkStyle	workStyleRequiredBy
onet	Radiologists	1.C.5.c	requiresWorkStyle	workStyleRequiredBy
onet	Radiologists	1.C.6	requiresWorkStyle	workStyleRequiredBy
onet	Radiologists	1.C.7.a	requiresWorkStyle	workStyleRequiredBy
onet	Radiologists	1.C.7.b	requiresWorkStyle	workStyleRequiredBy
onet	RailCarRepairers	1.C.1.a	requiresWorkStyle	workStyleRequiredBy
onet	RailCarRepairers	1.C.1.b	requiresWorkStyle	workStyleRequiredBy
onet	RailCarRepairers	1.C.1.c	requiresWorkStyle	workStyleRequiredBy
onet	RailCarRepairers	1.C.2.b	requiresWorkStyle	workStyleRequiredBy
onet	RailCarRepairers	1.C.3.a	requiresWorkStyle	workStyleRequiredBy
onet	RailCarRepairers	1.C.3.b	requiresWorkStyle	workStyleRequiredBy
onet	RailCarRepairers	1.C.3.c	requiresWorkStyle	workStyleRequiredBy
onet	RailCarRepairers	1.C.4.a	requiresWorkStyle	workStyleRequiredBy
onet	RailCarRepairers	1.C.4.b	requiresWorkStyle	workStyleRequiredBy
onet	RailCarRepairers	1.C.4.c	requiresWorkStyle	workStyleRequiredBy
onet	RailCarRepairers	1.C.5.a	requiresWorkStyle	workStyleRequiredBy
onet	RailCarRepairers	1.C.5.b	requiresWorkStyle	workStyleRequiredBy
onet	RailCarRepairers	1.C.5.c	requiresWorkStyle	workStyleRequiredBy
onet	RailCarRepairers	1.C.6	requiresWorkStyle	workStyleRequiredBy
onet	RailCarRepairers	1.C.7.a	requiresWorkStyle	workStyleRequiredBy
onet	RailCarRepairers	1.C.7.b	requiresWorkStyle	workStyleRequiredBy
onet	RailroadPolice	1.C.1.a	requiresWorkStyle	workStyleRequiredBy
onet	RailroadPolice	1.C.1.b	requiresWorkStyle	workStyleRequiredBy
onet	RailroadPolice	1.C.1.c	requiresWorkStyle	workStyleRequiredBy
onet	RailroadPolice	1.C.2.b	requiresWorkStyle	workStyleRequiredBy
onet	RailroadPolice	1.C.3.a	requiresWorkStyle	workStyleRequiredBy
onet	RailroadPolice	1.C.3.b	requiresWorkStyle	workStyleRequiredBy
onet	RailroadPolice	1.C.3.c	requiresWorkStyle	workStyleRequiredBy
onet	RailroadPolice	1.C.4.a	requiresWorkStyle	workStyleRequiredBy
onet	RailroadPolice	1.C.4.b	requiresWorkStyle	workStyleRequiredBy
onet	RailroadPolice	1.C.4.c	requiresWorkStyle	workStyleRequiredBy
onet	RailroadPolice	1.C.5.a	requiresWorkStyle	workStyleRequiredBy
onet	RailroadPolice	1.C.5.b	requiresWorkStyle	workStyleRequiredBy
onet	RailroadPolice	1.C.5.c	requiresWorkStyle	workStyleRequiredBy
onet	RailroadPolice	1.C.6	requiresWorkStyle	workStyleRequiredBy
onet	RailroadPolice	1.C.7.a	requiresWorkStyle	workStyleRequiredBy
onet	RailroadPolice	1.C.7.b	requiresWorkStyle	workStyleRequiredBy
onet	RangeManagers	1.C.1.a	requiresWorkStyle	workStyleRequiredBy
onet	RangeManagers	1.C.1.b	requiresWorkStyle	workStyleRequiredBy
onet	RangeManagers	1.C.1.c	requiresWorkStyle	workStyleRequiredBy
onet	RangeManagers	1.C.2.b	requiresWorkStyle	workStyleRequiredBy
onet	RangeManagers	1.C.3.a	requiresWorkStyle	workStyleRequiredBy
onet	RangeManagers	1.C.3.b	requiresWorkStyle	workStyleRequiredBy
onet	RangeManagers	1.C.3.c	requiresWorkStyle	workStyleRequiredBy
onet	RangeManagers	1.C.4.a	requiresWorkStyle	workStyleRequiredBy
onet	RangeManagers	1.C.4.b	requiresWorkStyle	workStyleRequiredBy
onet	RangeManagers	1.C.4.c	requiresWorkStyle	workStyleRequiredBy
onet	RangeManagers	1.C.5.a	requiresWorkStyle	workStyleRequiredBy
onet	RangeManagers	1.C.5.b	requiresWorkStyle	workStyleRequiredBy
onet	RangeManagers	1.C.5.c	requiresWorkStyle	workStyleRequiredBy
onet	RangeManagers	1.C.6	requiresWorkStyle	workStyleRequiredBy
onet	RangeManagers	1.C.7.a	requiresWorkStyle	workStyleRequiredBy
onet	RangeManagers	1.C.7.b	requiresWorkStyle	workStyleRequiredBy
onet	RealEstateBrokers	1.C.1.a	requiresWorkStyle	workStyleRequiredBy
onet	RealEstateBrokers	1.C.1.b	requiresWorkStyle	workStyleRequiredBy
onet	RealEstateBrokers	1.C.1.c	requiresWorkStyle	workStyleRequiredBy
onet	RealEstateBrokers	1.C.2.b	requiresWorkStyle	workStyleRequiredBy
onet	RealEstateBrokers	1.C.3.a	requiresWorkStyle	workStyleRequiredBy
onet	RealEstateBrokers	1.C.3.b	requiresWorkStyle	workStyleRequiredBy
onet	RealEstateBrokers	1.C.3.c	requiresWorkStyle	workStyleRequiredBy
onet	RealEstateBrokers	1.C.4.a	requiresWorkStyle	workStyleRequiredBy
onet	RealEstateBrokers	1.C.4.b	requiresWorkStyle	workStyleRequiredBy
onet	RealEstateBrokers	1.C.4.c	requiresWorkStyle	workStyleRequiredBy
onet	RealEstateBrokers	1.C.5.a	requiresWorkStyle	workStyleRequiredBy
onet	RealEstateBrokers	1.C.5.b	requiresWorkStyle	workStyleRequiredBy
onet	RealEstateBrokers	1.C.5.c	requiresWorkStyle	workStyleRequiredBy
onet	RealEstateBrokers	1.C.6	requiresWorkStyle	workStyleRequiredBy
onet	RealEstateBrokers	1.C.7.a	requiresWorkStyle	workStyleRequiredBy
onet	RealEstateBrokers	1.C.7.b	requiresWorkStyle	workStyleRequiredBy
onet	RealEstateSalesAgents	1.C.1.a	requiresWorkStyle	workStyleRequiredBy
onet	RealEstateSalesAgents	1.C.1.b	requiresWorkStyle	workStyleRequiredBy
onet	RealEstateSalesAgents	1.C.1.c	requiresWorkStyle	workStyleRequiredBy
onet	RealEstateSalesAgents	1.C.2.b	requiresWorkStyle	workStyleRequiredBy
onet	RealEstateSalesAgents	1.C.3.a	requiresWorkStyle	workStyleRequiredBy
onet	RealEstateSalesAgents	1.C.3.b	requiresWorkStyle	workStyleRequiredBy
onet	RealEstateSalesAgents	1.C.3.c	requiresWorkStyle	workStyleRequiredBy
onet	RealEstateSalesAgents	1.C.4.a	requiresWorkStyle	workStyleRequiredBy
onet	RealEstateSalesAgents	1.C.4.b	requiresWorkStyle	workStyleRequiredBy
onet	RealEstateSalesAgents	1.C.4.c	requiresWorkStyle	workStyleRequiredBy
onet	RealEstateSalesAgents	1.C.5.a	requiresWorkStyle	workStyleRequiredBy
onet	RealEstateSalesAgents	1.C.5.b	requiresWorkStyle	workStyleRequiredBy
onet	RealEstateSalesAgents	1.C.5.c	requiresWorkStyle	workStyleRequiredBy
onet	RealEstateSalesAgents	1.C.6	requiresWorkStyle	workStyleRequiredBy
onet	RealEstateSalesAgents	1.C.7.a	requiresWorkStyle	workStyleRequiredBy
onet	RealEstateSalesAgents	1.C.7.b	requiresWorkStyle	workStyleRequiredBy
onet	RebarWorkers	1.C.1.a	requiresWorkStyle	workStyleRequiredBy
onet	RebarWorkers	1.C.1.b	requiresWorkStyle	workStyleRequiredBy
onet	RebarWorkers	1.C.1.c	requiresWorkStyle	workStyleRequiredBy
onet	RebarWorkers	1.C.2.b	requiresWorkStyle	workStyleRequiredBy
onet	RebarWorkers	1.C.3.a	requiresWorkStyle	workStyleRequiredBy
onet	RebarWorkers	1.C.3.b	requiresWorkStyle	workStyleRequiredBy
onet	RebarWorkers	1.C.3.c	requiresWorkStyle	workStyleRequiredBy
onet	RebarWorkers	1.C.4.a	requiresWorkStyle	workStyleRequiredBy
onet	RebarWorkers	1.C.4.b	requiresWorkStyle	workStyleRequiredBy
onet	RebarWorkers	1.C.4.c	requiresWorkStyle	workStyleRequiredBy
onet	RebarWorkers	1.C.5.a	requiresWorkStyle	workStyleRequiredBy
onet	RebarWorkers	1.C.5.b	requiresWorkStyle	workStyleRequiredBy
onet	RebarWorkers	1.C.5.c	requiresWorkStyle	workStyleRequiredBy
onet	RebarWorkers	1.C.6	requiresWorkStyle	workStyleRequiredBy
onet	RebarWorkers	1.C.7.a	requiresWorkStyle	workStyleRequiredBy
onet	RebarWorkers	1.C.7.b	requiresWorkStyle	workStyleRequiredBy
onet	ReclamationWorkers	1.C.1.a	requiresWorkStyle	workStyleRequiredBy
onet	ReclamationWorkers	1.C.1.b	requiresWorkStyle	workStyleRequiredBy
onet	ReclamationWorkers	1.C.1.c	requiresWorkStyle	workStyleRequiredBy
onet	ReclamationWorkers	1.C.2.b	requiresWorkStyle	workStyleRequiredBy
onet	ReclamationWorkers	1.C.3.a	requiresWorkStyle	workStyleRequiredBy
onet	ReclamationWorkers	1.C.3.b	requiresWorkStyle	workStyleRequiredBy
onet	ReclamationWorkers	1.C.3.c	requiresWorkStyle	workStyleRequiredBy
onet	ReclamationWorkers	1.C.4.a	requiresWorkStyle	workStyleRequiredBy
onet	ReclamationWorkers	1.C.4.b	requiresWorkStyle	workStyleRequiredBy
onet	ReclamationWorkers	1.C.4.c	requiresWorkStyle	workStyleRequiredBy
onet	ReclamationWorkers	1.C.5.a	requiresWorkStyle	workStyleRequiredBy
onet	ReclamationWorkers	1.C.5.b	requiresWorkStyle	workStyleRequiredBy
onet	ReclamationWorkers	1.C.5.c	requiresWorkStyle	workStyleRequiredBy
onet	ReclamationWorkers	1.C.6	requiresWorkStyle	workStyleRequiredBy
onet	ReclamationWorkers	1.C.7.a	requiresWorkStyle	workStyleRequiredBy
onet	ReclamationWorkers	1.C.7.b	requiresWorkStyle	workStyleRequiredBy
onet	RecordsOfficers	1.C.1.a	requiresWorkStyle	workStyleRequiredBy
onet	RecordsOfficers	1.C.1.b	requiresWorkStyle	workStyleRequiredBy
onet	RecordsOfficers	1.C.1.c	requiresWorkStyle	workStyleRequiredBy
onet	RecordsOfficers	1.C.2.b	requiresWorkStyle	workStyleRequiredBy
onet	RecordsOfficers	1.C.3.a	requiresWorkStyle	workStyleRequiredBy
onet	RecordsOfficers	1.C.3.b	requiresWorkStyle	workStyleRequiredBy
onet	RecordsOfficers	1.C.3.c	requiresWorkStyle	workStyleRequiredBy
onet	RecordsOfficers	1.C.4.a	requiresWorkStyle	workStyleRequiredBy
onet	RecordsOfficers	1.C.4.b	requiresWorkStyle	workStyleRequiredBy
onet	RecordsOfficers	1.C.4.c	requiresWorkStyle	workStyleRequiredBy
onet	RecordsOfficers	1.C.5.a	requiresWorkStyle	workStyleRequiredBy
onet	RecordsOfficers	1.C.5.b	requiresWorkStyle	workStyleRequiredBy
onet	RecordsOfficers	1.C.5.c	requiresWorkStyle	workStyleRequiredBy
onet	RecordsOfficers	1.C.6	requiresWorkStyle	workStyleRequiredBy
onet	RecordsOfficers	1.C.7.a	requiresWorkStyle	workStyleRequiredBy
onet	RecordsOfficers	1.C.7.b	requiresWorkStyle	workStyleRequiredBy
onet	RecreationAttendants	1.C.1.a	requiresWorkStyle	workStyleRequiredBy
onet	RecreationAttendants	1.C.1.b	requiresWorkStyle	workStyleRequiredBy
onet	RecreationAttendants	1.C.1.c	requiresWorkStyle	workStyleRequiredBy
onet	RecreationAttendants	1.C.2.b	requiresWorkStyle	workStyleRequiredBy
onet	RecreationAttendants	1.C.3.a	requiresWorkStyle	workStyleRequiredBy
onet	RecreationAttendants	1.C.3.b	requiresWorkStyle	workStyleRequiredBy
onet	RecreationAttendants	1.C.3.c	requiresWorkStyle	workStyleRequiredBy
onet	RecreationAttendants	1.C.4.a	requiresWorkStyle	workStyleRequiredBy
onet	RecreationAttendants	1.C.4.b	requiresWorkStyle	workStyleRequiredBy
onet	RecreationAttendants	1.C.4.c	requiresWorkStyle	workStyleRequiredBy
onet	RecreationAttendants	1.C.5.a	requiresWorkStyle	workStyleRequiredBy
onet	RecreationAttendants	1.C.5.b	requiresWorkStyle	workStyleRequiredBy
onet	RecreationAttendants	1.C.5.c	requiresWorkStyle	workStyleRequiredBy
onet	RecreationAttendants	1.C.6	requiresWorkStyle	workStyleRequiredBy
onet	RecreationAttendants	1.C.7.a	requiresWorkStyle	workStyleRequiredBy
onet	RecreationAttendants	1.C.7.b	requiresWorkStyle	workStyleRequiredBy
onet	RecreationWorkers	1.C.1.a	requiresWorkStyle	workStyleRequiredBy
onet	RecreationWorkers	1.C.1.b	requiresWorkStyle	workStyleRequiredBy
onet	RecreationWorkers	1.C.1.c	requiresWorkStyle	workStyleRequiredBy
onet	RecreationWorkers	1.C.2.b	requiresWorkStyle	workStyleRequiredBy
onet	RecreationWorkers	1.C.3.a	requiresWorkStyle	workStyleRequiredBy
onet	RecreationWorkers	1.C.3.b	requiresWorkStyle	workStyleRequiredBy
onet	RecreationWorkers	1.C.3.c	requiresWorkStyle	workStyleRequiredBy
onet	RecreationWorkers	1.C.4.a	requiresWorkStyle	workStyleRequiredBy
onet	RecreationWorkers	1.C.4.b	requiresWorkStyle	workStyleRequiredBy
onet	RecreationWorkers	1.C.4.c	requiresWorkStyle	workStyleRequiredBy
onet	RecreationWorkers	1.C.5.a	requiresWorkStyle	workStyleRequiredBy
onet	RecreationWorkers	1.C.5.b	requiresWorkStyle	workStyleRequiredBy
onet	RecreationWorkers	1.C.5.c	requiresWorkStyle	workStyleRequiredBy
onet	RecreationWorkers	1.C.6	requiresWorkStyle	workStyleRequiredBy
onet	RecreationWorkers	1.C.7.a	requiresWorkStyle	workStyleRequiredBy
onet	RecreationWorkers	1.C.7.b	requiresWorkStyle	workStyleRequiredBy
onet	RecreationalTherapists	1.C.1.a	requiresWorkStyle	workStyleRequiredBy
onet	RecreationalTherapists	1.C.1.b	requiresWorkStyle	workStyleRequiredBy
onet	RecreationalTherapists	1.C.1.c	requiresWorkStyle	workStyleRequiredBy
onet	RecreationalTherapists	1.C.2.b	requiresWorkStyle	workStyleRequiredBy
onet	RecreationalTherapists	1.C.3.a	requiresWorkStyle	workStyleRequiredBy
onet	RecreationalTherapists	1.C.3.b	requiresWorkStyle	workStyleRequiredBy
onet	RecreationalTherapists	1.C.3.c	requiresWorkStyle	workStyleRequiredBy
onet	RecreationalTherapists	1.C.4.a	requiresWorkStyle	workStyleRequiredBy
onet	RecreationalTherapists	1.C.4.b	requiresWorkStyle	workStyleRequiredBy
onet	RecreationalTherapists	1.C.4.c	requiresWorkStyle	workStyleRequiredBy
onet	RecreationalTherapists	1.C.5.a	requiresWorkStyle	workStyleRequiredBy
onet	RecreationalTherapists	1.C.5.b	requiresWorkStyle	workStyleRequiredBy
onet	RecreationalTherapists	1.C.5.c	requiresWorkStyle	workStyleRequiredBy
onet	RecreationalTherapists	1.C.6	requiresWorkStyle	workStyleRequiredBy
onet	RecreationalTherapists	1.C.7.a	requiresWorkStyle	workStyleRequiredBy
onet	RecreationalTherapists	1.C.7.b	requiresWorkStyle	workStyleRequiredBy
onet	RecreationalVehicleServiceTechnicians	1.C.1.a	requiresWorkStyle	workStyleRequiredBy
onet	RecreationalVehicleServiceTechnicians	1.C.1.b	requiresWorkStyle	workStyleRequiredBy
onet	RecreationalVehicleServiceTechnicians	1.C.1.c	requiresWorkStyle	workStyleRequiredBy
onet	RecreationalVehicleServiceTechnicians	1.C.2.b	requiresWorkStyle	workStyleRequiredBy
onet	RecreationalVehicleServiceTechnicians	1.C.3.a	requiresWorkStyle	workStyleRequiredBy
onet	RecreationalVehicleServiceTechnicians	1.C.3.b	requiresWorkStyle	workStyleRequiredBy
onet	RecreationalVehicleServiceTechnicians	1.C.3.c	requiresWorkStyle	workStyleRequiredBy
onet	RecreationalVehicleServiceTechnicians	1.C.4.a	requiresWorkStyle	workStyleRequiredBy
onet	RecreationalVehicleServiceTechnicians	1.C.4.b	requiresWorkStyle	workStyleRequiredBy
onet	RecreationalVehicleServiceTechnicians	1.C.4.c	requiresWorkStyle	workStyleRequiredBy
onet	RecreationalVehicleServiceTechnicians	1.C.5.a	requiresWorkStyle	workStyleRequiredBy
onet	RecreationalVehicleServiceTechnicians	1.C.5.b	requiresWorkStyle	workStyleRequiredBy
onet	RecreationalVehicleServiceTechnicians	1.C.5.c	requiresWorkStyle	workStyleRequiredBy
onet	RecreationalVehicleServiceTechnicians	1.C.6	requiresWorkStyle	workStyleRequiredBy
onet	RecreationalVehicleServiceTechnicians	1.C.7.a	requiresWorkStyle	workStyleRequiredBy
onet	RecreationalVehicleServiceTechnicians	1.C.7.b	requiresWorkStyle	workStyleRequiredBy
onet	RecyclableMaterialCollectors	1.C.1.a	requiresWorkStyle	workStyleRequiredBy
onet	RecyclableMaterialCollectors	1.C.1.b	requiresWorkStyle	workStyleRequiredBy
onet	RecyclableMaterialCollectors	1.C.1.c	requiresWorkStyle	workStyleRequiredBy
onet	RecyclableMaterialCollectors	1.C.2.b	requiresWorkStyle	workStyleRequiredBy
onet	RecyclableMaterialCollectors	1.C.3.a	requiresWorkStyle	workStyleRequiredBy
onet	RecyclableMaterialCollectors	1.C.3.b	requiresWorkStyle	workStyleRequiredBy
onet	RecyclableMaterialCollectors	1.C.3.c	requiresWorkStyle	workStyleRequiredBy
onet	RecyclableMaterialCollectors	1.C.4.a	requiresWorkStyle	workStyleRequiredBy
onet	RecyclableMaterialCollectors	1.C.4.b	requiresWorkStyle	workStyleRequiredBy
onet	RecyclableMaterialCollectors	1.C.4.c	requiresWorkStyle	workStyleRequiredBy
onet	RecyclableMaterialCollectors	1.C.5.a	requiresWorkStyle	workStyleRequiredBy
onet	RecyclableMaterialCollectors	1.C.5.b	requiresWorkStyle	workStyleRequiredBy
onet	RecyclableMaterialCollectors	1.C.5.c	requiresWorkStyle	workStyleRequiredBy
onet	RecyclableMaterialCollectors	1.C.6	requiresWorkStyle	workStyleRequiredBy
onet	RecyclableMaterialCollectors	1.C.7.a	requiresWorkStyle	workStyleRequiredBy
onet	RecyclableMaterialCollectors	1.C.7.b	requiresWorkStyle	workStyleRequiredBy
onet	RecyclingCoordinators	1.C.1.a	requiresWorkStyle	workStyleRequiredBy
onet	RecyclingCoordinators	1.C.1.b	requiresWorkStyle	workStyleRequiredBy
onet	RecyclingCoordinators	1.C.1.c	requiresWorkStyle	workStyleRequiredBy
onet	RecyclingCoordinators	1.C.2.b	requiresWorkStyle	workStyleRequiredBy
onet	RecyclingCoordinators	1.C.3.a	requiresWorkStyle	workStyleRequiredBy
onet	RecyclingCoordinators	1.C.3.b	requiresWorkStyle	workStyleRequiredBy
onet	RecyclingCoordinators	1.C.3.c	requiresWorkStyle	workStyleRequiredBy
onet	RecyclingCoordinators	1.C.4.a	requiresWorkStyle	workStyleRequiredBy
onet	RecyclingCoordinators	1.C.4.b	requiresWorkStyle	workStyleRequiredBy
onet	RecyclingCoordinators	1.C.4.c	requiresWorkStyle	workStyleRequiredBy
onet	RecyclingCoordinators	1.C.5.a	requiresWorkStyle	workStyleRequiredBy
onet	RecyclingCoordinators	1.C.5.b	requiresWorkStyle	workStyleRequiredBy
onet	RecyclingCoordinators	1.C.5.c	requiresWorkStyle	workStyleRequiredBy
onet	RecyclingCoordinators	1.C.6	requiresWorkStyle	workStyleRequiredBy
onet	RecyclingCoordinators	1.C.7.a	requiresWorkStyle	workStyleRequiredBy
onet	RecyclingCoordinators	1.C.7.b	requiresWorkStyle	workStyleRequiredBy
onet	RegionalPlanners	1.C.1.a	requiresWorkStyle	workStyleRequiredBy
onet	RegionalPlanners	1.C.1.b	requiresWorkStyle	workStyleRequiredBy
onet	RegionalPlanners	1.C.1.c	requiresWorkStyle	workStyleRequiredBy
onet	RegionalPlanners	1.C.2.b	requiresWorkStyle	workStyleRequiredBy
onet	RegionalPlanners	1.C.3.a	requiresWorkStyle	workStyleRequiredBy
onet	RegionalPlanners	1.C.3.b	requiresWorkStyle	workStyleRequiredBy
onet	RegionalPlanners	1.C.3.c	requiresWorkStyle	workStyleRequiredBy
onet	RegionalPlanners	1.C.4.a	requiresWorkStyle	workStyleRequiredBy
onet	RegionalPlanners	1.C.4.b	requiresWorkStyle	workStyleRequiredBy
onet	RegionalPlanners	1.C.4.c	requiresWorkStyle	workStyleRequiredBy
onet	RegionalPlanners	1.C.5.a	requiresWorkStyle	workStyleRequiredBy
onet	RegionalPlanners	1.C.5.b	requiresWorkStyle	workStyleRequiredBy
onet	RegionalPlanners	1.C.5.c	requiresWorkStyle	workStyleRequiredBy
onet	RegionalPlanners	1.C.6	requiresWorkStyle	workStyleRequiredBy
onet	RegionalPlanners	1.C.7.a	requiresWorkStyle	workStyleRequiredBy
onet	RegionalPlanners	1.C.7.b	requiresWorkStyle	workStyleRequiredBy
onet	RegisteredNurses	1.C.1.a	requiresWorkStyle	workStyleRequiredBy
onet	RegisteredNurses	1.C.1.b	requiresWorkStyle	workStyleRequiredBy
onet	RegisteredNurses	1.C.1.c	requiresWorkStyle	workStyleRequiredBy
onet	RegisteredNurses	1.C.2.b	requiresWorkStyle	workStyleRequiredBy
onet	RegisteredNurses	1.C.3.a	requiresWorkStyle	workStyleRequiredBy
onet	RegisteredNurses	1.C.3.b	requiresWorkStyle	workStyleRequiredBy
onet	RegisteredNurses	1.C.3.c	requiresWorkStyle	workStyleRequiredBy
onet	RegisteredNurses	1.C.4.a	requiresWorkStyle	workStyleRequiredBy
onet	RegisteredNurses	1.C.4.b	requiresWorkStyle	workStyleRequiredBy
onet	RegisteredNurses	1.C.4.c	requiresWorkStyle	workStyleRequiredBy
onet	RegisteredNurses	1.C.5.a	requiresWorkStyle	workStyleRequiredBy
onet	RegisteredNurses	1.C.5.b	requiresWorkStyle	workStyleRequiredBy
onet	RegisteredNurses	1.C.5.c	requiresWorkStyle	workStyleRequiredBy
onet	RegisteredNurses	1.C.6	requiresWorkStyle	workStyleRequiredBy
onet	RegisteredNurses	1.C.7.a	requiresWorkStyle	workStyleRequiredBy
onet	RegisteredNurses	1.C.7.b	requiresWorkStyle	workStyleRequiredBy
onet	RegulatoryAffairsManagers	1.C.1.a	requiresWorkStyle	workStyleRequiredBy
onet	RegulatoryAffairsManagers	1.C.1.b	requiresWorkStyle	workStyleRequiredBy
onet	RegulatoryAffairsManagers	1.C.1.c	requiresWorkStyle	workStyleRequiredBy
onet	RegulatoryAffairsManagers	1.C.2.b	requiresWorkStyle	workStyleRequiredBy
onet	RegulatoryAffairsManagers	1.C.3.a	requiresWorkStyle	workStyleRequiredBy
onet	RegulatoryAffairsManagers	1.C.3.b	requiresWorkStyle	workStyleRequiredBy
onet	RegulatoryAffairsManagers	1.C.3.c	requiresWorkStyle	workStyleRequiredBy
onet	RegulatoryAffairsManagers	1.C.4.a	requiresWorkStyle	workStyleRequiredBy
onet	RegulatoryAffairsManagers	1.C.4.b	requiresWorkStyle	workStyleRequiredBy
onet	RegulatoryAffairsManagers	1.C.4.c	requiresWorkStyle	workStyleRequiredBy
onet	RegulatoryAffairsManagers	1.C.5.a	requiresWorkStyle	workStyleRequiredBy
onet	RegulatoryAffairsManagers	1.C.5.b	requiresWorkStyle	workStyleRequiredBy
onet	RegulatoryAffairsManagers	1.C.5.c	requiresWorkStyle	workStyleRequiredBy
onet	RegulatoryAffairsManagers	1.C.6	requiresWorkStyle	workStyleRequiredBy
onet	RegulatoryAffairsManagers	1.C.7.a	requiresWorkStyle	workStyleRequiredBy
onet	RegulatoryAffairsManagers	1.C.7.b	requiresWorkStyle	workStyleRequiredBy
onet	RegulatoryAffairsSpecialists	1.C.1.a	requiresWorkStyle	workStyleRequiredBy
onet	RegulatoryAffairsSpecialists	1.C.1.b	requiresWorkStyle	workStyleRequiredBy
onet	RegulatoryAffairsSpecialists	1.C.1.c	requiresWorkStyle	workStyleRequiredBy
onet	RegulatoryAffairsSpecialists	1.C.2.b	requiresWorkStyle	workStyleRequiredBy
onet	RegulatoryAffairsSpecialists	1.C.3.a	requiresWorkStyle	workStyleRequiredBy
onet	RegulatoryAffairsSpecialists	1.C.3.b	requiresWorkStyle	workStyleRequiredBy
onet	RegulatoryAffairsSpecialists	1.C.3.c	requiresWorkStyle	workStyleRequiredBy
onet	RegulatoryAffairsSpecialists	1.C.4.a	requiresWorkStyle	workStyleRequiredBy
onet	RegulatoryAffairsSpecialists	1.C.4.b	requiresWorkStyle	workStyleRequiredBy
onet	RegulatoryAffairsSpecialists	1.C.4.c	requiresWorkStyle	workStyleRequiredBy
onet	RegulatoryAffairsSpecialists	1.C.5.a	requiresWorkStyle	workStyleRequiredBy
onet	RegulatoryAffairsSpecialists	1.C.5.b	requiresWorkStyle	workStyleRequiredBy
onet	RegulatoryAffairsSpecialists	1.C.5.c	requiresWorkStyle	workStyleRequiredBy
onet	RegulatoryAffairsSpecialists	1.C.6	requiresWorkStyle	workStyleRequiredBy
onet	RegulatoryAffairsSpecialists	1.C.7.a	requiresWorkStyle	workStyleRequiredBy
onet	RegulatoryAffairsSpecialists	1.C.7.b	requiresWorkStyle	workStyleRequiredBy
onet	RehabilitationCounselors	1.C.1.a	requiresWorkStyle	workStyleRequiredBy
onet	RehabilitationCounselors	1.C.1.b	requiresWorkStyle	workStyleRequiredBy
onet	RehabilitationCounselors	1.C.1.c	requiresWorkStyle	workStyleRequiredBy
onet	RehabilitationCounselors	1.C.2.b	requiresWorkStyle	workStyleRequiredBy
onet	RehabilitationCounselors	1.C.3.a	requiresWorkStyle	workStyleRequiredBy
onet	RehabilitationCounselors	1.C.3.b	requiresWorkStyle	workStyleRequiredBy
onet	RehabilitationCounselors	1.C.3.c	requiresWorkStyle	workStyleRequiredBy
onet	RehabilitationCounselors	1.C.4.a	requiresWorkStyle	workStyleRequiredBy
onet	RehabilitationCounselors	1.C.4.b	requiresWorkStyle	workStyleRequiredBy
onet	RehabilitationCounselors	1.C.4.c	requiresWorkStyle	workStyleRequiredBy
onet	RehabilitationCounselors	1.C.5.a	requiresWorkStyle	workStyleRequiredBy
onet	RehabilitationCounselors	1.C.5.b	requiresWorkStyle	workStyleRequiredBy
onet	RehabilitationCounselors	1.C.5.c	requiresWorkStyle	workStyleRequiredBy
onet	RehabilitationCounselors	1.C.6	requiresWorkStyle	workStyleRequiredBy
onet	RehabilitationCounselors	1.C.7.a	requiresWorkStyle	workStyleRequiredBy
onet	RehabilitationCounselors	1.C.7.b	requiresWorkStyle	workStyleRequiredBy
onet	RehabilitationPhysicians	1.C.1.a	requiresWorkStyle	workStyleRequiredBy
onet	RehabilitationPhysicians	1.C.1.b	requiresWorkStyle	workStyleRequiredBy
onet	RehabilitationPhysicians	1.C.1.c	requiresWorkStyle	workStyleRequiredBy
onet	RehabilitationPhysicians	1.C.2.b	requiresWorkStyle	workStyleRequiredBy
onet	RehabilitationPhysicians	1.C.3.a	requiresWorkStyle	workStyleRequiredBy
onet	RehabilitationPhysicians	1.C.3.b	requiresWorkStyle	workStyleRequiredBy
onet	RehabilitationPhysicians	1.C.3.c	requiresWorkStyle	workStyleRequiredBy
onet	RehabilitationPhysicians	1.C.4.a	requiresWorkStyle	workStyleRequiredBy
onet	RehabilitationPhysicians	1.C.4.b	requiresWorkStyle	workStyleRequiredBy
onet	RehabilitationPhysicians	1.C.4.c	requiresWorkStyle	workStyleRequiredBy
onet	RehabilitationPhysicians	1.C.5.a	requiresWorkStyle	workStyleRequiredBy
onet	RehabilitationPhysicians	1.C.5.b	requiresWorkStyle	workStyleRequiredBy
onet	RehabilitationPhysicians	1.C.5.c	requiresWorkStyle	workStyleRequiredBy
onet	RehabilitationPhysicians	1.C.6	requiresWorkStyle	workStyleRequiredBy
onet	RehabilitationPhysicians	1.C.7.a	requiresWorkStyle	workStyleRequiredBy
onet	RehabilitationPhysicians	1.C.7.b	requiresWorkStyle	workStyleRequiredBy
onet	RelatedMaterials	1.C.1.a	requiresWorkStyle	workStyleRequiredBy
onet	RelatedMaterials	1.C.1.b	requiresWorkStyle	workStyleRequiredBy
onet	RelatedMaterials	1.C.1.c	requiresWorkStyle	workStyleRequiredBy
onet	RelatedMaterials	1.C.2.b	requiresWorkStyle	workStyleRequiredBy
onet	RelatedMaterials	1.C.3.a	requiresWorkStyle	workStyleRequiredBy
onet	RelatedMaterials	1.C.3.b	requiresWorkStyle	workStyleRequiredBy
onet	RelatedMaterials	1.C.3.c	requiresWorkStyle	workStyleRequiredBy
onet	RelatedMaterials	1.C.4.a	requiresWorkStyle	workStyleRequiredBy
onet	RelatedMaterials	1.C.4.b	requiresWorkStyle	workStyleRequiredBy
onet	RelatedMaterials	1.C.4.c	requiresWorkStyle	workStyleRequiredBy
onet	RelatedMaterials	1.C.5.a	requiresWorkStyle	workStyleRequiredBy
onet	RelatedMaterials	1.C.5.b	requiresWorkStyle	workStyleRequiredBy
onet	RelatedMaterials	1.C.5.c	requiresWorkStyle	workStyleRequiredBy
onet	RelatedMaterials	1.C.6	requiresWorkStyle	workStyleRequiredBy
onet	RelatedMaterials	1.C.7.a	requiresWorkStyle	workStyleRequiredBy
onet	RelatedMaterials	1.C.7.b	requiresWorkStyle	workStyleRequiredBy
onet	RelatedRepairers	1.C.1.a	requiresWorkStyle	workStyleRequiredBy
onet	RelatedRepairers	1.C.1.b	requiresWorkStyle	workStyleRequiredBy
onet	RelatedRepairers	1.C.1.c	requiresWorkStyle	workStyleRequiredBy
onet	RelatedRepairers	1.C.2.b	requiresWorkStyle	workStyleRequiredBy
onet	RelatedRepairers	1.C.3.a	requiresWorkStyle	workStyleRequiredBy
onet	RelatedRepairers	1.C.3.b	requiresWorkStyle	workStyleRequiredBy
onet	RelatedRepairers	1.C.3.c	requiresWorkStyle	workStyleRequiredBy
onet	RelatedRepairers	1.C.4.a	requiresWorkStyle	workStyleRequiredBy
onet	RelatedRepairers	1.C.4.b	requiresWorkStyle	workStyleRequiredBy
onet	RelatedRepairers	1.C.4.c	requiresWorkStyle	workStyleRequiredBy
onet	RelatedRepairers	1.C.5.a	requiresWorkStyle	workStyleRequiredBy
onet	RelatedRepairers	1.C.5.b	requiresWorkStyle	workStyleRequiredBy
onet	RelatedRepairers	1.C.5.c	requiresWorkStyle	workStyleRequiredBy
onet	RelatedRepairers	1.C.6	requiresWorkStyle	workStyleRequiredBy
onet	RelatedRepairers	1.C.7.a	requiresWorkStyle	workStyleRequiredBy
onet	RelatedRepairers	1.C.7.b	requiresWorkStyle	workStyleRequiredBy
onet	RelatedWorkers	1.C.1.a	requiresWorkStyle	workStyleRequiredBy
onet	RelatedWorkers	1.C.1.b	requiresWorkStyle	workStyleRequiredBy
onet	RelatedWorkers	1.C.1.c	requiresWorkStyle	workStyleRequiredBy
onet	RelatedWorkers	1.C.2.b	requiresWorkStyle	workStyleRequiredBy
onet	RelatedWorkers	1.C.3.a	requiresWorkStyle	workStyleRequiredBy
onet	RelatedWorkers	1.C.3.b	requiresWorkStyle	workStyleRequiredBy
onet	RelatedWorkers	1.C.3.c	requiresWorkStyle	workStyleRequiredBy
onet	RelatedWorkers	1.C.4.a	requiresWorkStyle	workStyleRequiredBy
onet	RelatedWorkers	1.C.4.b	requiresWorkStyle	workStyleRequiredBy
onet	RelatedWorkers	1.C.4.c	requiresWorkStyle	workStyleRequiredBy
onet	RelatedWorkers	1.C.5.a	requiresWorkStyle	workStyleRequiredBy
onet	RelatedWorkers	1.C.5.b	requiresWorkStyle	workStyleRequiredBy
onet	RelatedWorkers	1.C.5.c	requiresWorkStyle	workStyleRequiredBy
onet	RelatedWorkers	1.C.6	requiresWorkStyle	workStyleRequiredBy
onet	RelatedWorkers	1.C.7.a	requiresWorkStyle	workStyleRequiredBy
onet	RelatedWorkers	1.C.7.b	requiresWorkStyle	workStyleRequiredBy
onet	Relay	1.C.1.a	requiresWorkStyle	workStyleRequiredBy
onet	Relay	1.C.1.b	requiresWorkStyle	workStyleRequiredBy
onet	Relay	1.C.1.c	requiresWorkStyle	workStyleRequiredBy
onet	Relay	1.C.2.b	requiresWorkStyle	workStyleRequiredBy
onet	Relay	1.C.3.a	requiresWorkStyle	workStyleRequiredBy
onet	Relay	1.C.3.b	requiresWorkStyle	workStyleRequiredBy
onet	Relay	1.C.3.c	requiresWorkStyle	workStyleRequiredBy
onet	Relay	1.C.4.a	requiresWorkStyle	workStyleRequiredBy
onet	Relay	1.C.4.b	requiresWorkStyle	workStyleRequiredBy
onet	Relay	1.C.4.c	requiresWorkStyle	workStyleRequiredBy
onet	Relay	1.C.5.a	requiresWorkStyle	workStyleRequiredBy
onet	Relay	1.C.5.b	requiresWorkStyle	workStyleRequiredBy
onet	Relay	1.C.5.c	requiresWorkStyle	workStyleRequiredBy
onet	Relay	1.C.6	requiresWorkStyle	workStyleRequiredBy
onet	Relay	1.C.7.a	requiresWorkStyle	workStyleRequiredBy
onet	Relay	1.C.7.b	requiresWorkStyle	workStyleRequiredBy
onet	ReligionTeachersPostsecondary	1.C.1.a	requiresWorkStyle	workStyleRequiredBy
onet	ReligionTeachersPostsecondary	1.C.1.b	requiresWorkStyle	workStyleRequiredBy
onet	ReligionTeachersPostsecondary	1.C.1.c	requiresWorkStyle	workStyleRequiredBy
onet	ReligionTeachersPostsecondary	1.C.2.b	requiresWorkStyle	workStyleRequiredBy
onet	ReligionTeachersPostsecondary	1.C.3.a	requiresWorkStyle	workStyleRequiredBy
onet	ReligionTeachersPostsecondary	1.C.3.b	requiresWorkStyle	workStyleRequiredBy
onet	ReligionTeachersPostsecondary	1.C.3.c	requiresWorkStyle	workStyleRequiredBy
onet	ReligionTeachersPostsecondary	1.C.4.a	requiresWorkStyle	workStyleRequiredBy
onet	ReligionTeachersPostsecondary	1.C.4.b	requiresWorkStyle	workStyleRequiredBy
onet	ReligionTeachersPostsecondary	1.C.4.c	requiresWorkStyle	workStyleRequiredBy
onet	ReligionTeachersPostsecondary	1.C.5.a	requiresWorkStyle	workStyleRequiredBy
onet	ReligionTeachersPostsecondary	1.C.5.b	requiresWorkStyle	workStyleRequiredBy
onet	ReligionTeachersPostsecondary	1.C.5.c	requiresWorkStyle	workStyleRequiredBy
onet	ReligionTeachersPostsecondary	1.C.6	requiresWorkStyle	workStyleRequiredBy
onet	ReligionTeachersPostsecondary	1.C.7.a	requiresWorkStyle	workStyleRequiredBy
onet	ReligionTeachersPostsecondary	1.C.7.b	requiresWorkStyle	workStyleRequiredBy
onet	RemoteSensingTechnicians	1.C.1.a	requiresWorkStyle	workStyleRequiredBy
onet	RemoteSensingTechnicians	1.C.1.b	requiresWorkStyle	workStyleRequiredBy
onet	RemoteSensingTechnicians	1.C.1.c	requiresWorkStyle	workStyleRequiredBy
onet	RemoteSensingTechnicians	1.C.2.b	requiresWorkStyle	workStyleRequiredBy
onet	RemoteSensingTechnicians	1.C.3.a	requiresWorkStyle	workStyleRequiredBy
onet	RemoteSensingTechnicians	1.C.3.b	requiresWorkStyle	workStyleRequiredBy
onet	RemoteSensingTechnicians	1.C.3.c	requiresWorkStyle	workStyleRequiredBy
onet	RemoteSensingTechnicians	1.C.4.a	requiresWorkStyle	workStyleRequiredBy
onet	RemoteSensingTechnicians	1.C.4.b	requiresWorkStyle	workStyleRequiredBy
onet	RemoteSensingTechnicians	1.C.4.c	requiresWorkStyle	workStyleRequiredBy
onet	RemoteSensingTechnicians	1.C.5.a	requiresWorkStyle	workStyleRequiredBy
onet	RemoteSensingTechnicians	1.C.5.b	requiresWorkStyle	workStyleRequiredBy
onet	RemoteSensingTechnicians	1.C.5.c	requiresWorkStyle	workStyleRequiredBy
onet	RemoteSensingTechnicians	1.C.6	requiresWorkStyle	workStyleRequiredBy
onet	RemoteSensingTechnicians	1.C.7.a	requiresWorkStyle	workStyleRequiredBy
onet	RemoteSensingTechnicians	1.C.7.b	requiresWorkStyle	workStyleRequiredBy
onet	RentalClerks	1.C.1.a	requiresWorkStyle	workStyleRequiredBy
onet	RentalClerks	1.C.1.b	requiresWorkStyle	workStyleRequiredBy
onet	RentalClerks	1.C.1.c	requiresWorkStyle	workStyleRequiredBy
onet	RentalClerks	1.C.2.b	requiresWorkStyle	workStyleRequiredBy
onet	RentalClerks	1.C.3.a	requiresWorkStyle	workStyleRequiredBy
onet	RentalClerks	1.C.3.b	requiresWorkStyle	workStyleRequiredBy
onet	RentalClerks	1.C.3.c	requiresWorkStyle	workStyleRequiredBy
onet	RentalClerks	1.C.4.a	requiresWorkStyle	workStyleRequiredBy
onet	RentalClerks	1.C.4.b	requiresWorkStyle	workStyleRequiredBy
onet	RentalClerks	1.C.4.c	requiresWorkStyle	workStyleRequiredBy
onet	RentalClerks	1.C.5.a	requiresWorkStyle	workStyleRequiredBy
onet	RentalClerks	1.C.5.b	requiresWorkStyle	workStyleRequiredBy
onet	RentalClerks	1.C.5.c	requiresWorkStyle	workStyleRequiredBy
onet	RentalClerks	1.C.6	requiresWorkStyle	workStyleRequiredBy
onet	RentalClerks	1.C.7.a	requiresWorkStyle	workStyleRequiredBy
onet	RentalClerks	1.C.7.b	requiresWorkStyle	workStyleRequiredBy
onet	RepairWorkers	1.C.1.a	requiresWorkStyle	workStyleRequiredBy
onet	RepairWorkers	1.C.1.b	requiresWorkStyle	workStyleRequiredBy
onet	RepairWorkers	1.C.1.c	requiresWorkStyle	workStyleRequiredBy
onet	RepairWorkers	1.C.2.b	requiresWorkStyle	workStyleRequiredBy
onet	RepairWorkers	1.C.3.a	requiresWorkStyle	workStyleRequiredBy
onet	RepairWorkers	1.C.3.b	requiresWorkStyle	workStyleRequiredBy
onet	RepairWorkers	1.C.3.c	requiresWorkStyle	workStyleRequiredBy
onet	RepairWorkers	1.C.4.a	requiresWorkStyle	workStyleRequiredBy
onet	RepairWorkers	1.C.4.b	requiresWorkStyle	workStyleRequiredBy
onet	RepairWorkers	1.C.4.c	requiresWorkStyle	workStyleRequiredBy
onet	RepairWorkers	1.C.5.a	requiresWorkStyle	workStyleRequiredBy
onet	RepairWorkers	1.C.5.b	requiresWorkStyle	workStyleRequiredBy
onet	RepairWorkers	1.C.5.c	requiresWorkStyle	workStyleRequiredBy
onet	RepairWorkers	1.C.6	requiresWorkStyle	workStyleRequiredBy
onet	RepairWorkers	1.C.7.a	requiresWorkStyle	workStyleRequiredBy
onet	RepairWorkers	1.C.7.b	requiresWorkStyle	workStyleRequiredBy
onet	RepairWorkersGeneral	1.C.1.a	requiresWorkStyle	workStyleRequiredBy
onet	RepairWorkersGeneral	1.C.1.b	requiresWorkStyle	workStyleRequiredBy
onet	RepairWorkersGeneral	1.C.1.c	requiresWorkStyle	workStyleRequiredBy
onet	RepairWorkersGeneral	1.C.2.b	requiresWorkStyle	workStyleRequiredBy
onet	RepairWorkersGeneral	1.C.3.a	requiresWorkStyle	workStyleRequiredBy
onet	RepairWorkersGeneral	1.C.3.b	requiresWorkStyle	workStyleRequiredBy
onet	RepairWorkersGeneral	1.C.3.c	requiresWorkStyle	workStyleRequiredBy
onet	RepairWorkersGeneral	1.C.4.a	requiresWorkStyle	workStyleRequiredBy
onet	RepairWorkersGeneral	1.C.4.b	requiresWorkStyle	workStyleRequiredBy
onet	RepairWorkersGeneral	1.C.4.c	requiresWorkStyle	workStyleRequiredBy
onet	RepairWorkersGeneral	1.C.5.a	requiresWorkStyle	workStyleRequiredBy
onet	RepairWorkersGeneral	1.C.5.b	requiresWorkStyle	workStyleRequiredBy
onet	RepairWorkersGeneral	1.C.5.c	requiresWorkStyle	workStyleRequiredBy
onet	RepairWorkersGeneral	1.C.6	requiresWorkStyle	workStyleRequiredBy
onet	RepairWorkersGeneral	1.C.7.a	requiresWorkStyle	workStyleRequiredBy
onet	RepairWorkersGeneral	1.C.7.b	requiresWorkStyle	workStyleRequiredBy
onet	Repairers	1.C.1.a	requiresWorkStyle	workStyleRequiredBy
onet	Repairers	1.C.1.b	requiresWorkStyle	workStyleRequiredBy
onet	Repairers	1.C.1.c	requiresWorkStyle	workStyleRequiredBy
onet	Repairers	1.C.2.b	requiresWorkStyle	workStyleRequiredBy
onet	Repairers	1.C.3.a	requiresWorkStyle	workStyleRequiredBy
onet	Repairers	1.C.3.b	requiresWorkStyle	workStyleRequiredBy
onet	Repairers	1.C.3.c	requiresWorkStyle	workStyleRequiredBy
onet	Repairers	1.C.4.a	requiresWorkStyle	workStyleRequiredBy
onet	Repairers	1.C.4.b	requiresWorkStyle	workStyleRequiredBy
onet	Repairers	1.C.4.c	requiresWorkStyle	workStyleRequiredBy
onet	Repairers	1.C.5.a	requiresWorkStyle	workStyleRequiredBy
onet	Repairers	1.C.5.b	requiresWorkStyle	workStyleRequiredBy
onet	Repairers	1.C.5.c	requiresWorkStyle	workStyleRequiredBy
onet	Repairers	1.C.6	requiresWorkStyle	workStyleRequiredBy
onet	Repairers	1.C.7.a	requiresWorkStyle	workStyleRequiredBy
onet	Repairers	1.C.7.b	requiresWorkStyle	workStyleRequiredBy
onet	RepairersMotorVehicles	1.C.1.a	requiresWorkStyle	workStyleRequiredBy
onet	RepairersMotorVehicles	1.C.1.b	requiresWorkStyle	workStyleRequiredBy
onet	RepairersMotorVehicles	1.C.1.c	requiresWorkStyle	workStyleRequiredBy
onet	RepairersMotorVehicles	1.C.2.b	requiresWorkStyle	workStyleRequiredBy
onet	RepairersMotorVehicles	1.C.3.a	requiresWorkStyle	workStyleRequiredBy
onet	RepairersMotorVehicles	1.C.3.b	requiresWorkStyle	workStyleRequiredBy
onet	RepairersMotorVehicles	1.C.3.c	requiresWorkStyle	workStyleRequiredBy
onet	RepairersMotorVehicles	1.C.4.a	requiresWorkStyle	workStyleRequiredBy
onet	RepairersMotorVehicles	1.C.4.b	requiresWorkStyle	workStyleRequiredBy
onet	RepairersMotorVehicles	1.C.4.c	requiresWorkStyle	workStyleRequiredBy
onet	RepairersMotorVehicles	1.C.5.a	requiresWorkStyle	workStyleRequiredBy
onet	RepairersMotorVehicles	1.C.5.b	requiresWorkStyle	workStyleRequiredBy
onet	RepairersMotorVehicles	1.C.5.c	requiresWorkStyle	workStyleRequiredBy
onet	RepairersMotorVehicles	1.C.6	requiresWorkStyle	workStyleRequiredBy
onet	RepairersMotorVehicles	1.C.7.a	requiresWorkStyle	workStyleRequiredBy
onet	RepairersMotorVehicles	1.C.7.b	requiresWorkStyle	workStyleRequiredBy
onet	RepairersTransportationEquipment	1.C.1.a	requiresWorkStyle	workStyleRequiredBy
onet	RepairersTransportationEquipment	1.C.1.b	requiresWorkStyle	workStyleRequiredBy
onet	RepairersTransportationEquipment	1.C.1.c	requiresWorkStyle	workStyleRequiredBy
onet	RepairersTransportationEquipment	1.C.2.b	requiresWorkStyle	workStyleRequiredBy
onet	RepairersTransportationEquipment	1.C.3.a	requiresWorkStyle	workStyleRequiredBy
onet	RepairersTransportationEquipment	1.C.3.b	requiresWorkStyle	workStyleRequiredBy
onet	RepairersTransportationEquipment	1.C.3.c	requiresWorkStyle	workStyleRequiredBy
onet	RepairersTransportationEquipment	1.C.4.a	requiresWorkStyle	workStyleRequiredBy
onet	RepairersTransportationEquipment	1.C.4.b	requiresWorkStyle	workStyleRequiredBy
onet	RepairersTransportationEquipment	1.C.4.c	requiresWorkStyle	workStyleRequiredBy
onet	RepairersTransportationEquipment	1.C.5.a	requiresWorkStyle	workStyleRequiredBy
onet	RepairersTransportationEquipment	1.C.5.b	requiresWorkStyle	workStyleRequiredBy
onet	RepairersTransportationEquipment	1.C.5.c	requiresWorkStyle	workStyleRequiredBy
onet	RepairersTransportationEquipment	1.C.6	requiresWorkStyle	workStyleRequiredBy
onet	RepairersTransportationEquipment	1.C.7.a	requiresWorkStyle	workStyleRequiredBy
onet	RepairersTransportationEquipment	1.C.7.b	requiresWorkStyle	workStyleRequiredBy
onet	ResidentialAdvisors	1.C.1.a	requiresWorkStyle	workStyleRequiredBy
onet	ResidentialAdvisors	1.C.1.b	requiresWorkStyle	workStyleRequiredBy
onet	ResidentialAdvisors	1.C.1.c	requiresWorkStyle	workStyleRequiredBy
onet	ResidentialAdvisors	1.C.2.b	requiresWorkStyle	workStyleRequiredBy
onet	ResidentialAdvisors	1.C.3.a	requiresWorkStyle	workStyleRequiredBy
onet	ResidentialAdvisors	1.C.3.b	requiresWorkStyle	workStyleRequiredBy
onet	ResidentialAdvisors	1.C.3.c	requiresWorkStyle	workStyleRequiredBy
onet	ResidentialAdvisors	1.C.4.a	requiresWorkStyle	workStyleRequiredBy
onet	ResidentialAdvisors	1.C.4.b	requiresWorkStyle	workStyleRequiredBy
onet	ResidentialAdvisors	1.C.4.c	requiresWorkStyle	workStyleRequiredBy
onet	ResidentialAdvisors	1.C.5.a	requiresWorkStyle	workStyleRequiredBy
onet	ResidentialAdvisors	1.C.5.b	requiresWorkStyle	workStyleRequiredBy
onet	ResidentialAdvisors	1.C.5.c	requiresWorkStyle	workStyleRequiredBy
onet	ResidentialAdvisors	1.C.6	requiresWorkStyle	workStyleRequiredBy
onet	ResidentialAdvisors	1.C.7.a	requiresWorkStyle	workStyleRequiredBy
onet	ResidentialAdvisors	1.C.7.b	requiresWorkStyle	workStyleRequiredBy
onet	ResortDeskClerks	1.C.1.a	requiresWorkStyle	workStyleRequiredBy
onet	ResortDeskClerks	1.C.1.b	requiresWorkStyle	workStyleRequiredBy
onet	ResortDeskClerks	1.C.1.c	requiresWorkStyle	workStyleRequiredBy
onet	ResortDeskClerks	1.C.2.b	requiresWorkStyle	workStyleRequiredBy
onet	ResortDeskClerks	1.C.3.a	requiresWorkStyle	workStyleRequiredBy
onet	ResortDeskClerks	1.C.3.b	requiresWorkStyle	workStyleRequiredBy
onet	ResortDeskClerks	1.C.3.c	requiresWorkStyle	workStyleRequiredBy
onet	ResortDeskClerks	1.C.4.a	requiresWorkStyle	workStyleRequiredBy
onet	ResortDeskClerks	1.C.4.b	requiresWorkStyle	workStyleRequiredBy
onet	ResortDeskClerks	1.C.4.c	requiresWorkStyle	workStyleRequiredBy
onet	ResortDeskClerks	1.C.5.a	requiresWorkStyle	workStyleRequiredBy
onet	ResortDeskClerks	1.C.5.b	requiresWorkStyle	workStyleRequiredBy
onet	ResortDeskClerks	1.C.5.c	requiresWorkStyle	workStyleRequiredBy
onet	ResortDeskClerks	1.C.6	requiresWorkStyle	workStyleRequiredBy
onet	ResortDeskClerks	1.C.7.a	requiresWorkStyle	workStyleRequiredBy
onet	ResortDeskClerks	1.C.7.b	requiresWorkStyle	workStyleRequiredBy
onet	RespiratoryTherapists	1.C.1.a	requiresWorkStyle	workStyleRequiredBy
onet	RespiratoryTherapists	1.C.1.b	requiresWorkStyle	workStyleRequiredBy
onet	RespiratoryTherapists	1.C.1.c	requiresWorkStyle	workStyleRequiredBy
onet	RespiratoryTherapists	1.C.2.b	requiresWorkStyle	workStyleRequiredBy
onet	RespiratoryTherapists	1.C.3.a	requiresWorkStyle	workStyleRequiredBy
onet	RespiratoryTherapists	1.C.3.b	requiresWorkStyle	workStyleRequiredBy
onet	RespiratoryTherapists	1.C.3.c	requiresWorkStyle	workStyleRequiredBy
onet	RespiratoryTherapists	1.C.4.a	requiresWorkStyle	workStyleRequiredBy
onet	RespiratoryTherapists	1.C.4.b	requiresWorkStyle	workStyleRequiredBy
onet	RespiratoryTherapists	1.C.4.c	requiresWorkStyle	workStyleRequiredBy
onet	RespiratoryTherapists	1.C.5.a	requiresWorkStyle	workStyleRequiredBy
onet	RespiratoryTherapists	1.C.5.b	requiresWorkStyle	workStyleRequiredBy
onet	RespiratoryTherapists	1.C.5.c	requiresWorkStyle	workStyleRequiredBy
onet	RespiratoryTherapists	1.C.6	requiresWorkStyle	workStyleRequiredBy
onet	RespiratoryTherapists	1.C.7.a	requiresWorkStyle	workStyleRequiredBy
onet	RespiratoryTherapists	1.C.7.b	requiresWorkStyle	workStyleRequiredBy
onet	RetailLossPreventionSpecialists	1.C.1.a	requiresWorkStyle	workStyleRequiredBy
onet	RetailLossPreventionSpecialists	1.C.1.b	requiresWorkStyle	workStyleRequiredBy
onet	RetailLossPreventionSpecialists	1.C.1.c	requiresWorkStyle	workStyleRequiredBy
onet	RetailLossPreventionSpecialists	1.C.2.b	requiresWorkStyle	workStyleRequiredBy
onet	RetailLossPreventionSpecialists	1.C.3.a	requiresWorkStyle	workStyleRequiredBy
onet	RetailLossPreventionSpecialists	1.C.3.b	requiresWorkStyle	workStyleRequiredBy
onet	RetailLossPreventionSpecialists	1.C.3.c	requiresWorkStyle	workStyleRequiredBy
onet	RetailLossPreventionSpecialists	1.C.4.a	requiresWorkStyle	workStyleRequiredBy
onet	RetailLossPreventionSpecialists	1.C.4.b	requiresWorkStyle	workStyleRequiredBy
onet	RetailLossPreventionSpecialists	1.C.4.c	requiresWorkStyle	workStyleRequiredBy
onet	RetailLossPreventionSpecialists	1.C.5.a	requiresWorkStyle	workStyleRequiredBy
onet	RetailLossPreventionSpecialists	1.C.5.b	requiresWorkStyle	workStyleRequiredBy
onet	RetailLossPreventionSpecialists	1.C.5.c	requiresWorkStyle	workStyleRequiredBy
onet	RetailLossPreventionSpecialists	1.C.6	requiresWorkStyle	workStyleRequiredBy
onet	RetailLossPreventionSpecialists	1.C.7.a	requiresWorkStyle	workStyleRequiredBy
onet	RetailLossPreventionSpecialists	1.C.7.b	requiresWorkStyle	workStyleRequiredBy
onet	RetailSalespersons	1.C.1.a	requiresWorkStyle	workStyleRequiredBy
onet	RetailSalespersons	1.C.1.b	requiresWorkStyle	workStyleRequiredBy
onet	RetailSalespersons	1.C.1.c	requiresWorkStyle	workStyleRequiredBy
onet	RetailSalespersons	1.C.2.b	requiresWorkStyle	workStyleRequiredBy
onet	RetailSalespersons	1.C.3.a	requiresWorkStyle	workStyleRequiredBy
onet	RetailSalespersons	1.C.3.b	requiresWorkStyle	workStyleRequiredBy
onet	RetailSalespersons	1.C.3.c	requiresWorkStyle	workStyleRequiredBy
onet	RetailSalespersons	1.C.4.a	requiresWorkStyle	workStyleRequiredBy
onet	RetailSalespersons	1.C.4.b	requiresWorkStyle	workStyleRequiredBy
onet	RetailSalespersons	1.C.4.c	requiresWorkStyle	workStyleRequiredBy
onet	RetailSalespersons	1.C.5.a	requiresWorkStyle	workStyleRequiredBy
onet	RetailSalespersons	1.C.5.b	requiresWorkStyle	workStyleRequiredBy
onet	RetailSalespersons	1.C.5.c	requiresWorkStyle	workStyleRequiredBy
onet	RetailSalespersons	1.C.6	requiresWorkStyle	workStyleRequiredBy
onet	RetailSalespersons	1.C.7.a	requiresWorkStyle	workStyleRequiredBy
onet	RetailSalespersons	1.C.7.b	requiresWorkStyle	workStyleRequiredBy
onet	RevenueAgents	1.C.1.a	requiresWorkStyle	workStyleRequiredBy
onet	RevenueAgents	1.C.1.b	requiresWorkStyle	workStyleRequiredBy
onet	RevenueAgents	1.C.1.c	requiresWorkStyle	workStyleRequiredBy
onet	RevenueAgents	1.C.2.b	requiresWorkStyle	workStyleRequiredBy
onet	RevenueAgents	1.C.3.a	requiresWorkStyle	workStyleRequiredBy
onet	RevenueAgents	1.C.3.b	requiresWorkStyle	workStyleRequiredBy
onet	RevenueAgents	1.C.3.c	requiresWorkStyle	workStyleRequiredBy
onet	RevenueAgents	1.C.4.a	requiresWorkStyle	workStyleRequiredBy
onet	RevenueAgents	1.C.4.b	requiresWorkStyle	workStyleRequiredBy
onet	RevenueAgents	1.C.4.c	requiresWorkStyle	workStyleRequiredBy
onet	RevenueAgents	1.C.5.a	requiresWorkStyle	workStyleRequiredBy
onet	RevenueAgents	1.C.5.b	requiresWorkStyle	workStyleRequiredBy
onet	RevenueAgents	1.C.5.c	requiresWorkStyle	workStyleRequiredBy
onet	RevenueAgents	1.C.6	requiresWorkStyle	workStyleRequiredBy
onet	RevenueAgents	1.C.7.a	requiresWorkStyle	workStyleRequiredBy
onet	RevenueAgents	1.C.7.b	requiresWorkStyle	workStyleRequiredBy
onet	Riggers	1.C.1.a	requiresWorkStyle	workStyleRequiredBy
onet	Riggers	1.C.1.b	requiresWorkStyle	workStyleRequiredBy
onet	Riggers	1.C.1.c	requiresWorkStyle	workStyleRequiredBy
onet	Riggers	1.C.2.b	requiresWorkStyle	workStyleRequiredBy
onet	Riggers	1.C.3.a	requiresWorkStyle	workStyleRequiredBy
onet	Riggers	1.C.3.b	requiresWorkStyle	workStyleRequiredBy
onet	Riggers	1.C.3.c	requiresWorkStyle	workStyleRequiredBy
onet	Riggers	1.C.4.a	requiresWorkStyle	workStyleRequiredBy
onet	Riggers	1.C.4.b	requiresWorkStyle	workStyleRequiredBy
onet	Riggers	1.C.4.c	requiresWorkStyle	workStyleRequiredBy
onet	Riggers	1.C.5.a	requiresWorkStyle	workStyleRequiredBy
onet	Riggers	1.C.5.b	requiresWorkStyle	workStyleRequiredBy
onet	Riggers	1.C.5.c	requiresWorkStyle	workStyleRequiredBy
onet	Riggers	1.C.6	requiresWorkStyle	workStyleRequiredBy
onet	Riggers	1.C.7.a	requiresWorkStyle	workStyleRequiredBy
onet	Riggers	1.C.7.b	requiresWorkStyle	workStyleRequiredBy
onet	RoboticsEngineers	1.C.1.a	requiresWorkStyle	workStyleRequiredBy
onet	RoboticsEngineers	1.C.1.b	requiresWorkStyle	workStyleRequiredBy
onet	RoboticsEngineers	1.C.1.c	requiresWorkStyle	workStyleRequiredBy
onet	RoboticsEngineers	1.C.2.b	requiresWorkStyle	workStyleRequiredBy
onet	RoboticsEngineers	1.C.3.a	requiresWorkStyle	workStyleRequiredBy
onet	RoboticsEngineers	1.C.3.b	requiresWorkStyle	workStyleRequiredBy
onet	RoboticsEngineers	1.C.3.c	requiresWorkStyle	workStyleRequiredBy
onet	RoboticsEngineers	1.C.4.a	requiresWorkStyle	workStyleRequiredBy
onet	RoboticsEngineers	1.C.4.b	requiresWorkStyle	workStyleRequiredBy
onet	RoboticsEngineers	1.C.4.c	requiresWorkStyle	workStyleRequiredBy
onet	RoboticsEngineers	1.C.5.a	requiresWorkStyle	workStyleRequiredBy
onet	RoboticsEngineers	1.C.5.b	requiresWorkStyle	workStyleRequiredBy
onet	RoboticsEngineers	1.C.5.c	requiresWorkStyle	workStyleRequiredBy
onet	RoboticsEngineers	1.C.6	requiresWorkStyle	workStyleRequiredBy
onet	RoboticsEngineers	1.C.7.a	requiresWorkStyle	workStyleRequiredBy
onet	RoboticsEngineers	1.C.7.b	requiresWorkStyle	workStyleRequiredBy
onet	RoboticsTechnicians	1.C.1.a	requiresWorkStyle	workStyleRequiredBy
onet	RoboticsTechnicians	1.C.1.b	requiresWorkStyle	workStyleRequiredBy
onet	RoboticsTechnicians	1.C.1.c	requiresWorkStyle	workStyleRequiredBy
onet	RoboticsTechnicians	1.C.2.b	requiresWorkStyle	workStyleRequiredBy
onet	RoboticsTechnicians	1.C.3.a	requiresWorkStyle	workStyleRequiredBy
onet	RoboticsTechnicians	1.C.3.b	requiresWorkStyle	workStyleRequiredBy
onet	RoboticsTechnicians	1.C.3.c	requiresWorkStyle	workStyleRequiredBy
onet	RoboticsTechnicians	1.C.4.a	requiresWorkStyle	workStyleRequiredBy
onet	RoboticsTechnicians	1.C.4.b	requiresWorkStyle	workStyleRequiredBy
onet	RoboticsTechnicians	1.C.4.c	requiresWorkStyle	workStyleRequiredBy
onet	RoboticsTechnicians	1.C.5.a	requiresWorkStyle	workStyleRequiredBy
onet	RoboticsTechnicians	1.C.5.b	requiresWorkStyle	workStyleRequiredBy
onet	RoboticsTechnicians	1.C.5.c	requiresWorkStyle	workStyleRequiredBy
onet	RoboticsTechnicians	1.C.6	requiresWorkStyle	workStyleRequiredBy
onet	RoboticsTechnicians	1.C.7.a	requiresWorkStyle	workStyleRequiredBy
onet	RoboticsTechnicians	1.C.7.b	requiresWorkStyle	workStyleRequiredBy
onet	RockSplittersQuarry	1.C.1.a	requiresWorkStyle	workStyleRequiredBy
onet	RockSplittersQuarry	1.C.1.b	requiresWorkStyle	workStyleRequiredBy
onet	RockSplittersQuarry	1.C.1.c	requiresWorkStyle	workStyleRequiredBy
onet	RockSplittersQuarry	1.C.2.b	requiresWorkStyle	workStyleRequiredBy
onet	RockSplittersQuarry	1.C.3.a	requiresWorkStyle	workStyleRequiredBy
onet	RockSplittersQuarry	1.C.3.b	requiresWorkStyle	workStyleRequiredBy
onet	RockSplittersQuarry	1.C.3.c	requiresWorkStyle	workStyleRequiredBy
onet	RockSplittersQuarry	1.C.4.a	requiresWorkStyle	workStyleRequiredBy
onet	RockSplittersQuarry	1.C.4.b	requiresWorkStyle	workStyleRequiredBy
onet	RockSplittersQuarry	1.C.4.c	requiresWorkStyle	workStyleRequiredBy
onet	RockSplittersQuarry	1.C.5.a	requiresWorkStyle	workStyleRequiredBy
onet	RockSplittersQuarry	1.C.5.b	requiresWorkStyle	workStyleRequiredBy
onet	RockSplittersQuarry	1.C.5.c	requiresWorkStyle	workStyleRequiredBy
onet	RockSplittersQuarry	1.C.6	requiresWorkStyle	workStyleRequiredBy
onet	RockSplittersQuarry	1.C.7.a	requiresWorkStyle	workStyleRequiredBy
onet	RockSplittersQuarry	1.C.7.b	requiresWorkStyle	workStyleRequiredBy
onet	RoofBoltersMining	1.C.1.a	requiresWorkStyle	workStyleRequiredBy
onet	RoofBoltersMining	1.C.1.b	requiresWorkStyle	workStyleRequiredBy
onet	RoofBoltersMining	1.C.1.c	requiresWorkStyle	workStyleRequiredBy
onet	RoofBoltersMining	1.C.2.b	requiresWorkStyle	workStyleRequiredBy
onet	RoofBoltersMining	1.C.3.a	requiresWorkStyle	workStyleRequiredBy
onet	RoofBoltersMining	1.C.3.b	requiresWorkStyle	workStyleRequiredBy
onet	RoofBoltersMining	1.C.3.c	requiresWorkStyle	workStyleRequiredBy
onet	RoofBoltersMining	1.C.4.a	requiresWorkStyle	workStyleRequiredBy
onet	RoofBoltersMining	1.C.4.b	requiresWorkStyle	workStyleRequiredBy
onet	RoofBoltersMining	1.C.4.c	requiresWorkStyle	workStyleRequiredBy
onet	RoofBoltersMining	1.C.5.a	requiresWorkStyle	workStyleRequiredBy
onet	RoofBoltersMining	1.C.5.b	requiresWorkStyle	workStyleRequiredBy
onet	RoofBoltersMining	1.C.5.c	requiresWorkStyle	workStyleRequiredBy
onet	RoofBoltersMining	1.C.6	requiresWorkStyle	workStyleRequiredBy
onet	RoofBoltersMining	1.C.7.a	requiresWorkStyle	workStyleRequiredBy
onet	RoofBoltersMining	1.C.7.b	requiresWorkStyle	workStyleRequiredBy
onet	Roofers	1.C.1.a	requiresWorkStyle	workStyleRequiredBy
onet	Roofers	1.C.1.b	requiresWorkStyle	workStyleRequiredBy
onet	Roofers	1.C.1.c	requiresWorkStyle	workStyleRequiredBy
onet	Roofers	1.C.2.b	requiresWorkStyle	workStyleRequiredBy
onet	Roofers	1.C.3.a	requiresWorkStyle	workStyleRequiredBy
onet	Roofers	1.C.3.b	requiresWorkStyle	workStyleRequiredBy
onet	Roofers	1.C.3.c	requiresWorkStyle	workStyleRequiredBy
onet	Roofers	1.C.4.a	requiresWorkStyle	workStyleRequiredBy
onet	Roofers	1.C.4.b	requiresWorkStyle	workStyleRequiredBy
onet	Roofers	1.C.4.c	requiresWorkStyle	workStyleRequiredBy
onet	Roofers	1.C.5.a	requiresWorkStyle	workStyleRequiredBy
onet	Roofers	1.C.5.b	requiresWorkStyle	workStyleRequiredBy
onet	Roofers	1.C.5.c	requiresWorkStyle	workStyleRequiredBy
onet	Roofers	1.C.6	requiresWorkStyle	workStyleRequiredBy
onet	Roofers	1.C.7.a	requiresWorkStyle	workStyleRequiredBy
onet	Roofers	1.C.7.b	requiresWorkStyle	workStyleRequiredBy
onet	Runners	1.C.1.a	requiresWorkStyle	workStyleRequiredBy
onet	Runners	1.C.1.b	requiresWorkStyle	workStyleRequiredBy
onet	Runners	1.C.1.c	requiresWorkStyle	workStyleRequiredBy
onet	Runners	1.C.2.b	requiresWorkStyle	workStyleRequiredBy
onet	Runners	1.C.3.a	requiresWorkStyle	workStyleRequiredBy
onet	Runners	1.C.3.b	requiresWorkStyle	workStyleRequiredBy
onet	Runners	1.C.3.c	requiresWorkStyle	workStyleRequiredBy
onet	Runners	1.C.4.a	requiresWorkStyle	workStyleRequiredBy
onet	Runners	1.C.4.b	requiresWorkStyle	workStyleRequiredBy
onet	Runners	1.C.4.c	requiresWorkStyle	workStyleRequiredBy
onet	Runners	1.C.5.a	requiresWorkStyle	workStyleRequiredBy
onet	Runners	1.C.5.b	requiresWorkStyle	workStyleRequiredBy
onet	Runners	1.C.5.c	requiresWorkStyle	workStyleRequiredBy
onet	Runners	1.C.6	requiresWorkStyle	workStyleRequiredBy
onet	Runners	1.C.7.a	requiresWorkStyle	workStyleRequiredBy
onet	Runners	1.C.7.b	requiresWorkStyle	workStyleRequiredBy
onet	SafeRepairers	1.C.1.a	requiresWorkStyle	workStyleRequiredBy
onet	SafeRepairers	1.C.1.b	requiresWorkStyle	workStyleRequiredBy
onet	SafeRepairers	1.C.1.c	requiresWorkStyle	workStyleRequiredBy
onet	SafeRepairers	1.C.2.b	requiresWorkStyle	workStyleRequiredBy
onet	SafeRepairers	1.C.3.a	requiresWorkStyle	workStyleRequiredBy
onet	SafeRepairers	1.C.3.b	requiresWorkStyle	workStyleRequiredBy
onet	SafeRepairers	1.C.3.c	requiresWorkStyle	workStyleRequiredBy
onet	SafeRepairers	1.C.4.a	requiresWorkStyle	workStyleRequiredBy
onet	SafeRepairers	1.C.4.b	requiresWorkStyle	workStyleRequiredBy
onet	SafeRepairers	1.C.4.c	requiresWorkStyle	workStyleRequiredBy
onet	SafeRepairers	1.C.5.a	requiresWorkStyle	workStyleRequiredBy
onet	SafeRepairers	1.C.5.b	requiresWorkStyle	workStyleRequiredBy
onet	SafeRepairers	1.C.5.c	requiresWorkStyle	workStyleRequiredBy
onet	SafeRepairers	1.C.6	requiresWorkStyle	workStyleRequiredBy
onet	SafeRepairers	1.C.7.a	requiresWorkStyle	workStyleRequiredBy
onet	SafeRepairers	1.C.7.b	requiresWorkStyle	workStyleRequiredBy
onet	SafetySpecialists	1.C.1.a	requiresWorkStyle	workStyleRequiredBy
onet	SafetySpecialists	1.C.1.b	requiresWorkStyle	workStyleRequiredBy
onet	SafetySpecialists	1.C.1.c	requiresWorkStyle	workStyleRequiredBy
onet	SafetySpecialists	1.C.2.b	requiresWorkStyle	workStyleRequiredBy
onet	SafetySpecialists	1.C.3.a	requiresWorkStyle	workStyleRequiredBy
onet	SafetySpecialists	1.C.3.b	requiresWorkStyle	workStyleRequiredBy
onet	SafetySpecialists	1.C.3.c	requiresWorkStyle	workStyleRequiredBy
onet	SafetySpecialists	1.C.4.a	requiresWorkStyle	workStyleRequiredBy
onet	SafetySpecialists	1.C.4.b	requiresWorkStyle	workStyleRequiredBy
onet	SafetySpecialists	1.C.4.c	requiresWorkStyle	workStyleRequiredBy
onet	SafetySpecialists	1.C.5.a	requiresWorkStyle	workStyleRequiredBy
onet	SafetySpecialists	1.C.5.b	requiresWorkStyle	workStyleRequiredBy
onet	SafetySpecialists	1.C.5.c	requiresWorkStyle	workStyleRequiredBy
onet	SafetySpecialists	1.C.6	requiresWorkStyle	workStyleRequiredBy
onet	SafetySpecialists	1.C.7.a	requiresWorkStyle	workStyleRequiredBy
onet	SafetySpecialists	1.C.7.b	requiresWorkStyle	workStyleRequiredBy
onet	SafetyTechnicians	1.C.1.a	requiresWorkStyle	workStyleRequiredBy
onet	SafetyTechnicians	1.C.1.b	requiresWorkStyle	workStyleRequiredBy
onet	SafetyTechnicians	1.C.1.c	requiresWorkStyle	workStyleRequiredBy
onet	SafetyTechnicians	1.C.2.b	requiresWorkStyle	workStyleRequiredBy
onet	SafetyTechnicians	1.C.3.a	requiresWorkStyle	workStyleRequiredBy
onet	SafetyTechnicians	1.C.3.b	requiresWorkStyle	workStyleRequiredBy
onet	SafetyTechnicians	1.C.3.c	requiresWorkStyle	workStyleRequiredBy
onet	SafetyTechnicians	1.C.4.a	requiresWorkStyle	workStyleRequiredBy
onet	SafetyTechnicians	1.C.4.b	requiresWorkStyle	workStyleRequiredBy
onet	SafetyTechnicians	1.C.4.c	requiresWorkStyle	workStyleRequiredBy
onet	SafetyTechnicians	1.C.5.a	requiresWorkStyle	workStyleRequiredBy
onet	SafetyTechnicians	1.C.5.b	requiresWorkStyle	workStyleRequiredBy
onet	SafetyTechnicians	1.C.5.c	requiresWorkStyle	workStyleRequiredBy
onet	SafetyTechnicians	1.C.6	requiresWorkStyle	workStyleRequiredBy
onet	SafetyTechnicians	1.C.7.a	requiresWorkStyle	workStyleRequiredBy
onet	SafetyTechnicians	1.C.7.b	requiresWorkStyle	workStyleRequiredBy
onet	SalesEngineers	1.C.1.a	requiresWorkStyle	workStyleRequiredBy
onet	SalesEngineers	1.C.1.b	requiresWorkStyle	workStyleRequiredBy
onet	SalesEngineers	1.C.1.c	requiresWorkStyle	workStyleRequiredBy
onet	SalesEngineers	1.C.2.b	requiresWorkStyle	workStyleRequiredBy
onet	SalesEngineers	1.C.3.a	requiresWorkStyle	workStyleRequiredBy
onet	SalesEngineers	1.C.3.b	requiresWorkStyle	workStyleRequiredBy
onet	SalesEngineers	1.C.3.c	requiresWorkStyle	workStyleRequiredBy
onet	SalesEngineers	1.C.4.a	requiresWorkStyle	workStyleRequiredBy
onet	SalesEngineers	1.C.4.b	requiresWorkStyle	workStyleRequiredBy
onet	SalesEngineers	1.C.4.c	requiresWorkStyle	workStyleRequiredBy
onet	SalesEngineers	1.C.5.a	requiresWorkStyle	workStyleRequiredBy
onet	SalesEngineers	1.C.5.b	requiresWorkStyle	workStyleRequiredBy
onet	SalesEngineers	1.C.5.c	requiresWorkStyle	workStyleRequiredBy
onet	SalesEngineers	1.C.6	requiresWorkStyle	workStyleRequiredBy
onet	SalesEngineers	1.C.7.a	requiresWorkStyle	workStyleRequiredBy
onet	SalesEngineers	1.C.7.b	requiresWorkStyle	workStyleRequiredBy
onet	SalesManagers	1.C.1.a	requiresWorkStyle	workStyleRequiredBy
onet	SalesManagers	1.C.1.b	requiresWorkStyle	workStyleRequiredBy
onet	SalesManagers	1.C.1.c	requiresWorkStyle	workStyleRequiredBy
onet	SalesManagers	1.C.2.b	requiresWorkStyle	workStyleRequiredBy
onet	SalesManagers	1.C.3.a	requiresWorkStyle	workStyleRequiredBy
onet	SalesManagers	1.C.3.b	requiresWorkStyle	workStyleRequiredBy
onet	SalesManagers	1.C.3.c	requiresWorkStyle	workStyleRequiredBy
onet	SalesManagers	1.C.4.a	requiresWorkStyle	workStyleRequiredBy
onet	SalesManagers	1.C.4.b	requiresWorkStyle	workStyleRequiredBy
onet	SalesManagers	1.C.4.c	requiresWorkStyle	workStyleRequiredBy
onet	SalesManagers	1.C.5.a	requiresWorkStyle	workStyleRequiredBy
onet	SalesManagers	1.C.5.b	requiresWorkStyle	workStyleRequiredBy
onet	SalesManagers	1.C.5.c	requiresWorkStyle	workStyleRequiredBy
onet	SalesManagers	1.C.6	requiresWorkStyle	workStyleRequiredBy
onet	SalesManagers	1.C.7.a	requiresWorkStyle	workStyleRequiredBy
onet	SalesManagers	1.C.7.b	requiresWorkStyle	workStyleRequiredBy
onet	SamplersRecordkeeping	1.C.1.a	requiresWorkStyle	workStyleRequiredBy
onet	SamplersRecordkeeping	1.C.1.b	requiresWorkStyle	workStyleRequiredBy
onet	SamplersRecordkeeping	1.C.1.c	requiresWorkStyle	workStyleRequiredBy
onet	SamplersRecordkeeping	1.C.2.b	requiresWorkStyle	workStyleRequiredBy
onet	SamplersRecordkeeping	1.C.3.a	requiresWorkStyle	workStyleRequiredBy
onet	SamplersRecordkeeping	1.C.3.b	requiresWorkStyle	workStyleRequiredBy
onet	SamplersRecordkeeping	1.C.3.c	requiresWorkStyle	workStyleRequiredBy
onet	SamplersRecordkeeping	1.C.4.a	requiresWorkStyle	workStyleRequiredBy
onet	SamplersRecordkeeping	1.C.4.b	requiresWorkStyle	workStyleRequiredBy
onet	SamplersRecordkeeping	1.C.4.c	requiresWorkStyle	workStyleRequiredBy
onet	SamplersRecordkeeping	1.C.5.a	requiresWorkStyle	workStyleRequiredBy
onet	SamplersRecordkeeping	1.C.5.b	requiresWorkStyle	workStyleRequiredBy
onet	SamplersRecordkeeping	1.C.5.c	requiresWorkStyle	workStyleRequiredBy
onet	SamplersRecordkeeping	1.C.6	requiresWorkStyle	workStyleRequiredBy
onet	SamplersRecordkeeping	1.C.7.a	requiresWorkStyle	workStyleRequiredBy
onet	SamplersRecordkeeping	1.C.7.b	requiresWorkStyle	workStyleRequiredBy
onet	Sawing	1.C.1.a	requiresWorkStyle	workStyleRequiredBy
onet	Sawing	1.C.1.b	requiresWorkStyle	workStyleRequiredBy
onet	Sawing	1.C.1.c	requiresWorkStyle	workStyleRequiredBy
onet	Sawing	1.C.2.b	requiresWorkStyle	workStyleRequiredBy
onet	Sawing	1.C.3.a	requiresWorkStyle	workStyleRequiredBy
onet	Sawing	1.C.3.b	requiresWorkStyle	workStyleRequiredBy
onet	Sawing	1.C.3.c	requiresWorkStyle	workStyleRequiredBy
onet	Sawing	1.C.4.a	requiresWorkStyle	workStyleRequiredBy
onet	Sawing	1.C.4.b	requiresWorkStyle	workStyleRequiredBy
onet	Sawing	1.C.4.c	requiresWorkStyle	workStyleRequiredBy
onet	Sawing	1.C.5.a	requiresWorkStyle	workStyleRequiredBy
onet	Sawing	1.C.5.b	requiresWorkStyle	workStyleRequiredBy
onet	Sawing	1.C.5.c	requiresWorkStyle	workStyleRequiredBy
onet	Sawing	1.C.6	requiresWorkStyle	workStyleRequiredBy
onet	Sawing	1.C.7.a	requiresWorkStyle	workStyleRequiredBy
onet	Sawing	1.C.7.b	requiresWorkStyle	workStyleRequiredBy
onet	Scalers	1.C.1.a	requiresWorkStyle	workStyleRequiredBy
onet	Scalers	1.C.1.b	requiresWorkStyle	workStyleRequiredBy
onet	Scalers	1.C.1.c	requiresWorkStyle	workStyleRequiredBy
onet	Scalers	1.C.2.b	requiresWorkStyle	workStyleRequiredBy
onet	Scalers	1.C.3.a	requiresWorkStyle	workStyleRequiredBy
onet	Scalers	1.C.3.b	requiresWorkStyle	workStyleRequiredBy
onet	Scalers	1.C.3.c	requiresWorkStyle	workStyleRequiredBy
onet	Scalers	1.C.4.a	requiresWorkStyle	workStyleRequiredBy
onet	Scalers	1.C.4.b	requiresWorkStyle	workStyleRequiredBy
onet	Scalers	1.C.4.c	requiresWorkStyle	workStyleRequiredBy
onet	Scalers	1.C.5.a	requiresWorkStyle	workStyleRequiredBy
onet	Scalers	1.C.5.b	requiresWorkStyle	workStyleRequiredBy
onet	Scalers	1.C.5.c	requiresWorkStyle	workStyleRequiredBy
onet	Scalers	1.C.6	requiresWorkStyle	workStyleRequiredBy
onet	Scalers	1.C.7.a	requiresWorkStyle	workStyleRequiredBy
onet	Scalers	1.C.7.b	requiresWorkStyle	workStyleRequiredBy
onet	SchoolPsychologists	1.C.1.a	requiresWorkStyle	workStyleRequiredBy
onet	SchoolPsychologists	1.C.1.b	requiresWorkStyle	workStyleRequiredBy
onet	SchoolPsychologists	1.C.1.c	requiresWorkStyle	workStyleRequiredBy
onet	SchoolPsychologists	1.C.2.b	requiresWorkStyle	workStyleRequiredBy
onet	SchoolPsychologists	1.C.3.a	requiresWorkStyle	workStyleRequiredBy
onet	SchoolPsychologists	1.C.3.b	requiresWorkStyle	workStyleRequiredBy
onet	SchoolPsychologists	1.C.3.c	requiresWorkStyle	workStyleRequiredBy
onet	SchoolPsychologists	1.C.4.a	requiresWorkStyle	workStyleRequiredBy
onet	SchoolPsychologists	1.C.4.b	requiresWorkStyle	workStyleRequiredBy
onet	SchoolPsychologists	1.C.4.c	requiresWorkStyle	workStyleRequiredBy
onet	SchoolPsychologists	1.C.5.a	requiresWorkStyle	workStyleRequiredBy
onet	SchoolPsychologists	1.C.5.b	requiresWorkStyle	workStyleRequiredBy
onet	SchoolPsychologists	1.C.5.c	requiresWorkStyle	workStyleRequiredBy
onet	SchoolPsychologists	1.C.6	requiresWorkStyle	workStyleRequiredBy
onet	SchoolPsychologists	1.C.7.a	requiresWorkStyle	workStyleRequiredBy
onet	SchoolPsychologists	1.C.7.b	requiresWorkStyle	workStyleRequiredBy
onet	SchoolSocialWorkers	1.C.1.a	requiresWorkStyle	workStyleRequiredBy
onet	SchoolSocialWorkers	1.C.1.b	requiresWorkStyle	workStyleRequiredBy
onet	SchoolSocialWorkers	1.C.1.c	requiresWorkStyle	workStyleRequiredBy
onet	SchoolSocialWorkers	1.C.2.b	requiresWorkStyle	workStyleRequiredBy
onet	SchoolSocialWorkers	1.C.3.a	requiresWorkStyle	workStyleRequiredBy
onet	SchoolSocialWorkers	1.C.3.b	requiresWorkStyle	workStyleRequiredBy
onet	SchoolSocialWorkers	1.C.3.c	requiresWorkStyle	workStyleRequiredBy
onet	SchoolSocialWorkers	1.C.4.a	requiresWorkStyle	workStyleRequiredBy
onet	SchoolSocialWorkers	1.C.4.b	requiresWorkStyle	workStyleRequiredBy
onet	SchoolSocialWorkers	1.C.4.c	requiresWorkStyle	workStyleRequiredBy
onet	SchoolSocialWorkers	1.C.5.a	requiresWorkStyle	workStyleRequiredBy
onet	SchoolSocialWorkers	1.C.5.b	requiresWorkStyle	workStyleRequiredBy
onet	SchoolSocialWorkers	1.C.5.c	requiresWorkStyle	workStyleRequiredBy
onet	SchoolSocialWorkers	1.C.6	requiresWorkStyle	workStyleRequiredBy
onet	SchoolSocialWorkers	1.C.7.a	requiresWorkStyle	workStyleRequiredBy
onet	SchoolSocialWorkers	1.C.7.b	requiresWorkStyle	workStyleRequiredBy
onet	ScientificProducts	1.C.1.a	requiresWorkStyle	workStyleRequiredBy
onet	ScientificProducts	1.C.1.b	requiresWorkStyle	workStyleRequiredBy
onet	ScientificProducts	1.C.1.c	requiresWorkStyle	workStyleRequiredBy
onet	ScientificProducts	1.C.2.b	requiresWorkStyle	workStyleRequiredBy
onet	ScientificProducts	1.C.3.a	requiresWorkStyle	workStyleRequiredBy
onet	ScientificProducts	1.C.3.b	requiresWorkStyle	workStyleRequiredBy
onet	ScientificProducts	1.C.3.c	requiresWorkStyle	workStyleRequiredBy
onet	ScientificProducts	1.C.4.a	requiresWorkStyle	workStyleRequiredBy
onet	ScientificProducts	1.C.4.b	requiresWorkStyle	workStyleRequiredBy
onet	ScientificProducts	1.C.4.c	requiresWorkStyle	workStyleRequiredBy
onet	ScientificProducts	1.C.5.a	requiresWorkStyle	workStyleRequiredBy
onet	ScientificProducts	1.C.5.b	requiresWorkStyle	workStyleRequiredBy
onet	ScientificProducts	1.C.5.c	requiresWorkStyle	workStyleRequiredBy
onet	ScientificProducts	1.C.6	requiresWorkStyle	workStyleRequiredBy
onet	ScientificProducts	1.C.7.a	requiresWorkStyle	workStyleRequiredBy
onet	ScientificProducts	1.C.7.b	requiresWorkStyle	workStyleRequiredBy
onet	Scouts	1.C.1.a	requiresWorkStyle	workStyleRequiredBy
onet	Scouts	1.C.1.b	requiresWorkStyle	workStyleRequiredBy
onet	Scouts	1.C.1.c	requiresWorkStyle	workStyleRequiredBy
onet	Scouts	1.C.2.b	requiresWorkStyle	workStyleRequiredBy
onet	Scouts	1.C.3.a	requiresWorkStyle	workStyleRequiredBy
onet	Scouts	1.C.3.b	requiresWorkStyle	workStyleRequiredBy
onet	Scouts	1.C.3.c	requiresWorkStyle	workStyleRequiredBy
onet	Scouts	1.C.4.a	requiresWorkStyle	workStyleRequiredBy
onet	Scouts	1.C.4.b	requiresWorkStyle	workStyleRequiredBy
onet	Scouts	1.C.4.c	requiresWorkStyle	workStyleRequiredBy
onet	Scouts	1.C.5.a	requiresWorkStyle	workStyleRequiredBy
onet	Scouts	1.C.5.b	requiresWorkStyle	workStyleRequiredBy
onet	Scouts	1.C.5.c	requiresWorkStyle	workStyleRequiredBy
onet	Scouts	1.C.6	requiresWorkStyle	workStyleRequiredBy
onet	Scouts	1.C.7.a	requiresWorkStyle	workStyleRequiredBy
onet	Scouts	1.C.7.b	requiresWorkStyle	workStyleRequiredBy
onet	SearchMarketingStrategists	1.C.1.a	requiresWorkStyle	workStyleRequiredBy
onet	SearchMarketingStrategists	1.C.1.b	requiresWorkStyle	workStyleRequiredBy
onet	SearchMarketingStrategists	1.C.1.c	requiresWorkStyle	workStyleRequiredBy
onet	SearchMarketingStrategists	1.C.2.b	requiresWorkStyle	workStyleRequiredBy
onet	SearchMarketingStrategists	1.C.3.a	requiresWorkStyle	workStyleRequiredBy
onet	SearchMarketingStrategists	1.C.3.b	requiresWorkStyle	workStyleRequiredBy
onet	SearchMarketingStrategists	1.C.3.c	requiresWorkStyle	workStyleRequiredBy
onet	SearchMarketingStrategists	1.C.4.a	requiresWorkStyle	workStyleRequiredBy
onet	SearchMarketingStrategists	1.C.4.b	requiresWorkStyle	workStyleRequiredBy
onet	SearchMarketingStrategists	1.C.4.c	requiresWorkStyle	workStyleRequiredBy
onet	SearchMarketingStrategists	1.C.5.a	requiresWorkStyle	workStyleRequiredBy
onet	SearchMarketingStrategists	1.C.5.b	requiresWorkStyle	workStyleRequiredBy
onet	SearchMarketingStrategists	1.C.5.c	requiresWorkStyle	workStyleRequiredBy
onet	SearchMarketingStrategists	1.C.6	requiresWorkStyle	workStyleRequiredBy
onet	SearchMarketingStrategists	1.C.7.a	requiresWorkStyle	workStyleRequiredBy
onet	SearchMarketingStrategists	1.C.7.b	requiresWorkStyle	workStyleRequiredBy
onet	Searchers	1.C.1.a	requiresWorkStyle	workStyleRequiredBy
onet	Searchers	1.C.1.b	requiresWorkStyle	workStyleRequiredBy
onet	Searchers	1.C.1.c	requiresWorkStyle	workStyleRequiredBy
onet	Searchers	1.C.2.b	requiresWorkStyle	workStyleRequiredBy
onet	Searchers	1.C.3.a	requiresWorkStyle	workStyleRequiredBy
onet	Searchers	1.C.3.b	requiresWorkStyle	workStyleRequiredBy
onet	Searchers	1.C.3.c	requiresWorkStyle	workStyleRequiredBy
onet	Searchers	1.C.4.a	requiresWorkStyle	workStyleRequiredBy
onet	Searchers	1.C.4.b	requiresWorkStyle	workStyleRequiredBy
onet	Searchers	1.C.4.c	requiresWorkStyle	workStyleRequiredBy
onet	Searchers	1.C.5.a	requiresWorkStyle	workStyleRequiredBy
onet	Searchers	1.C.5.b	requiresWorkStyle	workStyleRequiredBy
onet	Searchers	1.C.5.c	requiresWorkStyle	workStyleRequiredBy
onet	Searchers	1.C.6	requiresWorkStyle	workStyleRequiredBy
onet	Searchers	1.C.7.a	requiresWorkStyle	workStyleRequiredBy
onet	Searchers	1.C.7.b	requiresWorkStyle	workStyleRequiredBy
onet	SecurityGuards	1.C.1.a	requiresWorkStyle	workStyleRequiredBy
onet	SecurityGuards	1.C.1.b	requiresWorkStyle	workStyleRequiredBy
onet	SecurityGuards	1.C.1.c	requiresWorkStyle	workStyleRequiredBy
onet	SecurityGuards	1.C.2.b	requiresWorkStyle	workStyleRequiredBy
onet	SecurityGuards	1.C.3.a	requiresWorkStyle	workStyleRequiredBy
onet	SecurityGuards	1.C.3.b	requiresWorkStyle	workStyleRequiredBy
onet	SecurityGuards	1.C.3.c	requiresWorkStyle	workStyleRequiredBy
onet	SecurityGuards	1.C.4.a	requiresWorkStyle	workStyleRequiredBy
onet	SecurityGuards	1.C.4.b	requiresWorkStyle	workStyleRequiredBy
onet	SecurityGuards	1.C.4.c	requiresWorkStyle	workStyleRequiredBy
onet	SecurityGuards	1.C.5.a	requiresWorkStyle	workStyleRequiredBy
onet	SecurityGuards	1.C.5.b	requiresWorkStyle	workStyleRequiredBy
onet	SecurityGuards	1.C.5.c	requiresWorkStyle	workStyleRequiredBy
onet	SecurityGuards	1.C.6	requiresWorkStyle	workStyleRequiredBy
onet	SecurityGuards	1.C.7.a	requiresWorkStyle	workStyleRequiredBy
onet	SecurityGuards	1.C.7.b	requiresWorkStyle	workStyleRequiredBy
onet	SecurityManagementSpecialists	1.C.1.a	requiresWorkStyle	workStyleRequiredBy
onet	SecurityManagementSpecialists	1.C.1.b	requiresWorkStyle	workStyleRequiredBy
onet	SecurityManagementSpecialists	1.C.1.c	requiresWorkStyle	workStyleRequiredBy
onet	SecurityManagementSpecialists	1.C.2.b	requiresWorkStyle	workStyleRequiredBy
onet	SecurityManagementSpecialists	1.C.3.a	requiresWorkStyle	workStyleRequiredBy
onet	SecurityManagementSpecialists	1.C.3.b	requiresWorkStyle	workStyleRequiredBy
onet	SecurityManagementSpecialists	1.C.3.c	requiresWorkStyle	workStyleRequiredBy
onet	SecurityManagementSpecialists	1.C.4.a	requiresWorkStyle	workStyleRequiredBy
onet	SecurityManagementSpecialists	1.C.4.b	requiresWorkStyle	workStyleRequiredBy
onet	SecurityManagementSpecialists	1.C.4.c	requiresWorkStyle	workStyleRequiredBy
onet	SecurityManagementSpecialists	1.C.5.a	requiresWorkStyle	workStyleRequiredBy
onet	SecurityManagementSpecialists	1.C.5.b	requiresWorkStyle	workStyleRequiredBy
onet	SecurityManagementSpecialists	1.C.5.c	requiresWorkStyle	workStyleRequiredBy
onet	SecurityManagementSpecialists	1.C.6	requiresWorkStyle	workStyleRequiredBy
onet	SecurityManagementSpecialists	1.C.7.a	requiresWorkStyle	workStyleRequiredBy
onet	SecurityManagementSpecialists	1.C.7.b	requiresWorkStyle	workStyleRequiredBy
onet	SecurityManagers	1.C.1.a	requiresWorkStyle	workStyleRequiredBy
onet	SecurityManagers	1.C.1.b	requiresWorkStyle	workStyleRequiredBy
onet	SecurityManagers	1.C.1.c	requiresWorkStyle	workStyleRequiredBy
onet	SecurityManagers	1.C.2.b	requiresWorkStyle	workStyleRequiredBy
onet	SecurityManagers	1.C.3.a	requiresWorkStyle	workStyleRequiredBy
onet	SecurityManagers	1.C.3.b	requiresWorkStyle	workStyleRequiredBy
onet	SecurityManagers	1.C.3.c	requiresWorkStyle	workStyleRequiredBy
onet	SecurityManagers	1.C.4.a	requiresWorkStyle	workStyleRequiredBy
onet	SecurityManagers	1.C.4.b	requiresWorkStyle	workStyleRequiredBy
onet	SecurityManagers	1.C.4.c	requiresWorkStyle	workStyleRequiredBy
onet	SecurityManagers	1.C.5.a	requiresWorkStyle	workStyleRequiredBy
onet	SecurityManagers	1.C.5.b	requiresWorkStyle	workStyleRequiredBy
onet	SecurityManagers	1.C.5.c	requiresWorkStyle	workStyleRequiredBy
onet	SecurityManagers	1.C.6	requiresWorkStyle	workStyleRequiredBy
onet	SecurityManagers	1.C.7.a	requiresWorkStyle	workStyleRequiredBy
onet	SecurityManagers	1.C.7.b	requiresWorkStyle	workStyleRequiredBy
onet	SegmentalPavers	1.C.1.a	requiresWorkStyle	workStyleRequiredBy
onet	SegmentalPavers	1.C.1.b	requiresWorkStyle	workStyleRequiredBy
onet	SegmentalPavers	1.C.1.c	requiresWorkStyle	workStyleRequiredBy
onet	SegmentalPavers	1.C.2.b	requiresWorkStyle	workStyleRequiredBy
onet	SegmentalPavers	1.C.3.a	requiresWorkStyle	workStyleRequiredBy
onet	SegmentalPavers	1.C.3.b	requiresWorkStyle	workStyleRequiredBy
onet	SegmentalPavers	1.C.3.c	requiresWorkStyle	workStyleRequiredBy
onet	SegmentalPavers	1.C.4.a	requiresWorkStyle	workStyleRequiredBy
onet	SegmentalPavers	1.C.4.b	requiresWorkStyle	workStyleRequiredBy
onet	SegmentalPavers	1.C.4.c	requiresWorkStyle	workStyleRequiredBy
onet	SegmentalPavers	1.C.5.a	requiresWorkStyle	workStyleRequiredBy
onet	SegmentalPavers	1.C.5.b	requiresWorkStyle	workStyleRequiredBy
onet	SegmentalPavers	1.C.5.c	requiresWorkStyle	workStyleRequiredBy
onet	SegmentalPavers	1.C.6	requiresWorkStyle	workStyleRequiredBy
onet	SegmentalPavers	1.C.7.a	requiresWorkStyle	workStyleRequiredBy
onet	SegmentalPavers	1.C.7.b	requiresWorkStyle	workStyleRequiredBy
onet	SelfEnrichmentTeachers	1.C.1.a	requiresWorkStyle	workStyleRequiredBy
onet	SelfEnrichmentTeachers	1.C.1.b	requiresWorkStyle	workStyleRequiredBy
onet	SelfEnrichmentTeachers	1.C.1.c	requiresWorkStyle	workStyleRequiredBy
onet	SelfEnrichmentTeachers	1.C.2.b	requiresWorkStyle	workStyleRequiredBy
onet	SelfEnrichmentTeachers	1.C.3.a	requiresWorkStyle	workStyleRequiredBy
onet	SelfEnrichmentTeachers	1.C.3.b	requiresWorkStyle	workStyleRequiredBy
onet	SelfEnrichmentTeachers	1.C.3.c	requiresWorkStyle	workStyleRequiredBy
onet	SelfEnrichmentTeachers	1.C.4.a	requiresWorkStyle	workStyleRequiredBy
onet	SelfEnrichmentTeachers	1.C.4.b	requiresWorkStyle	workStyleRequiredBy
onet	SelfEnrichmentTeachers	1.C.4.c	requiresWorkStyle	workStyleRequiredBy
onet	SelfEnrichmentTeachers	1.C.5.a	requiresWorkStyle	workStyleRequiredBy
onet	SelfEnrichmentTeachers	1.C.5.b	requiresWorkStyle	workStyleRequiredBy
onet	SelfEnrichmentTeachers	1.C.5.c	requiresWorkStyle	workStyleRequiredBy
onet	SelfEnrichmentTeachers	1.C.6	requiresWorkStyle	workStyleRequiredBy
onet	SelfEnrichmentTeachers	1.C.7.a	requiresWorkStyle	workStyleRequiredBy
onet	SelfEnrichmentTeachers	1.C.7.b	requiresWorkStyle	workStyleRequiredBy
onet	SemiconductorProcessingTechnicians	1.C.1.a	requiresWorkStyle	workStyleRequiredBy
onet	SemiconductorProcessingTechnicians	1.C.1.b	requiresWorkStyle	workStyleRequiredBy
onet	SemiconductorProcessingTechnicians	1.C.1.c	requiresWorkStyle	workStyleRequiredBy
onet	SemiconductorProcessingTechnicians	1.C.2.b	requiresWorkStyle	workStyleRequiredBy
onet	SemiconductorProcessingTechnicians	1.C.3.a	requiresWorkStyle	workStyleRequiredBy
onet	SemiconductorProcessingTechnicians	1.C.3.b	requiresWorkStyle	workStyleRequiredBy
onet	SemiconductorProcessingTechnicians	1.C.3.c	requiresWorkStyle	workStyleRequiredBy
onet	SemiconductorProcessingTechnicians	1.C.4.a	requiresWorkStyle	workStyleRequiredBy
onet	SemiconductorProcessingTechnicians	1.C.4.b	requiresWorkStyle	workStyleRequiredBy
onet	SemiconductorProcessingTechnicians	1.C.4.c	requiresWorkStyle	workStyleRequiredBy
onet	SemiconductorProcessingTechnicians	1.C.5.a	requiresWorkStyle	workStyleRequiredBy
onet	SemiconductorProcessingTechnicians	1.C.5.b	requiresWorkStyle	workStyleRequiredBy
onet	SemiconductorProcessingTechnicians	1.C.5.c	requiresWorkStyle	workStyleRequiredBy
onet	SemiconductorProcessingTechnicians	1.C.6	requiresWorkStyle	workStyleRequiredBy
onet	SemiconductorProcessingTechnicians	1.C.7.a	requiresWorkStyle	workStyleRequiredBy
onet	SemiconductorProcessingTechnicians	1.C.7.b	requiresWorkStyle	workStyleRequiredBy
onet	ServiceTechnicians	1.C.1.a	requiresWorkStyle	workStyleRequiredBy
onet	ServiceTechnicians	1.C.1.b	requiresWorkStyle	workStyleRequiredBy
onet	ServiceTechnicians	1.C.1.c	requiresWorkStyle	workStyleRequiredBy
onet	ServiceTechnicians	1.C.2.b	requiresWorkStyle	workStyleRequiredBy
onet	ServiceTechnicians	1.C.3.a	requiresWorkStyle	workStyleRequiredBy
onet	ServiceTechnicians	1.C.3.b	requiresWorkStyle	workStyleRequiredBy
onet	ServiceTechnicians	1.C.3.c	requiresWorkStyle	workStyleRequiredBy
onet	ServiceTechnicians	1.C.4.a	requiresWorkStyle	workStyleRequiredBy
onet	ServiceTechnicians	1.C.4.b	requiresWorkStyle	workStyleRequiredBy
onet	ServiceTechnicians	1.C.4.c	requiresWorkStyle	workStyleRequiredBy
onet	ServiceTechnicians	1.C.5.a	requiresWorkStyle	workStyleRequiredBy
onet	ServiceTechnicians	1.C.5.b	requiresWorkStyle	workStyleRequiredBy
onet	ServiceTechnicians	1.C.5.c	requiresWorkStyle	workStyleRequiredBy
onet	ServiceTechnicians	1.C.6	requiresWorkStyle	workStyleRequiredBy
onet	ServiceTechnicians	1.C.7.a	requiresWorkStyle	workStyleRequiredBy
onet	ServiceTechnicians	1.C.7.b	requiresWorkStyle	workStyleRequiredBy
onet	ServingWorkers	1.C.1.a	requiresWorkStyle	workStyleRequiredBy
onet	ServingWorkers	1.C.1.b	requiresWorkStyle	workStyleRequiredBy
onet	ServingWorkers	1.C.1.c	requiresWorkStyle	workStyleRequiredBy
onet	ServingWorkers	1.C.2.b	requiresWorkStyle	workStyleRequiredBy
onet	ServingWorkers	1.C.3.a	requiresWorkStyle	workStyleRequiredBy
onet	ServingWorkers	1.C.3.b	requiresWorkStyle	workStyleRequiredBy
onet	ServingWorkers	1.C.3.c	requiresWorkStyle	workStyleRequiredBy
onet	ServingWorkers	1.C.4.a	requiresWorkStyle	workStyleRequiredBy
onet	ServingWorkers	1.C.4.b	requiresWorkStyle	workStyleRequiredBy
onet	ServingWorkers	1.C.4.c	requiresWorkStyle	workStyleRequiredBy
onet	ServingWorkers	1.C.5.a	requiresWorkStyle	workStyleRequiredBy
onet	ServingWorkers	1.C.5.b	requiresWorkStyle	workStyleRequiredBy
onet	ServingWorkers	1.C.5.c	requiresWorkStyle	workStyleRequiredBy
onet	ServingWorkers	1.C.6	requiresWorkStyle	workStyleRequiredBy
onet	ServingWorkers	1.C.7.a	requiresWorkStyle	workStyleRequiredBy
onet	ServingWorkers	1.C.7.b	requiresWorkStyle	workStyleRequiredBy
onet	SewerPipeCleaners	1.C.1.a	requiresWorkStyle	workStyleRequiredBy
onet	SewerPipeCleaners	1.C.1.b	requiresWorkStyle	workStyleRequiredBy
onet	SewerPipeCleaners	1.C.1.c	requiresWorkStyle	workStyleRequiredBy
onet	SewerPipeCleaners	1.C.2.b	requiresWorkStyle	workStyleRequiredBy
onet	SewerPipeCleaners	1.C.3.a	requiresWorkStyle	workStyleRequiredBy
onet	SewerPipeCleaners	1.C.3.b	requiresWorkStyle	workStyleRequiredBy
onet	SewerPipeCleaners	1.C.3.c	requiresWorkStyle	workStyleRequiredBy
onet	SewerPipeCleaners	1.C.4.a	requiresWorkStyle	workStyleRequiredBy
onet	SewerPipeCleaners	1.C.4.b	requiresWorkStyle	workStyleRequiredBy
onet	SewerPipeCleaners	1.C.4.c	requiresWorkStyle	workStyleRequiredBy
onet	SewerPipeCleaners	1.C.5.a	requiresWorkStyle	workStyleRequiredBy
onet	SewerPipeCleaners	1.C.5.b	requiresWorkStyle	workStyleRequiredBy
onet	SewerPipeCleaners	1.C.5.c	requiresWorkStyle	workStyleRequiredBy
onet	SewerPipeCleaners	1.C.6	requiresWorkStyle	workStyleRequiredBy
onet	SewerPipeCleaners	1.C.7.a	requiresWorkStyle	workStyleRequiredBy
onet	SewerPipeCleaners	1.C.7.b	requiresWorkStyle	workStyleRequiredBy
onet	SewersHand	1.C.1.a	requiresWorkStyle	workStyleRequiredBy
onet	SewersHand	1.C.1.b	requiresWorkStyle	workStyleRequiredBy
onet	SewersHand	1.C.1.c	requiresWorkStyle	workStyleRequiredBy
onet	SewersHand	1.C.2.b	requiresWorkStyle	workStyleRequiredBy
onet	SewersHand	1.C.3.a	requiresWorkStyle	workStyleRequiredBy
onet	SewersHand	1.C.3.b	requiresWorkStyle	workStyleRequiredBy
onet	SewersHand	1.C.3.c	requiresWorkStyle	workStyleRequiredBy
onet	SewersHand	1.C.4.a	requiresWorkStyle	workStyleRequiredBy
onet	SewersHand	1.C.4.b	requiresWorkStyle	workStyleRequiredBy
onet	SewersHand	1.C.4.c	requiresWorkStyle	workStyleRequiredBy
onet	SewersHand	1.C.5.a	requiresWorkStyle	workStyleRequiredBy
onet	SewersHand	1.C.5.b	requiresWorkStyle	workStyleRequiredBy
onet	SewersHand	1.C.5.c	requiresWorkStyle	workStyleRequiredBy
onet	SewersHand	1.C.6	requiresWorkStyle	workStyleRequiredBy
onet	SewersHand	1.C.7.a	requiresWorkStyle	workStyleRequiredBy
onet	SewersHand	1.C.7.b	requiresWorkStyle	workStyleRequiredBy
onet	SewingMachineOperators	1.C.1.a	requiresWorkStyle	workStyleRequiredBy
onet	SewingMachineOperators	1.C.1.b	requiresWorkStyle	workStyleRequiredBy
onet	SewingMachineOperators	1.C.1.c	requiresWorkStyle	workStyleRequiredBy
onet	SewingMachineOperators	1.C.2.b	requiresWorkStyle	workStyleRequiredBy
onet	SewingMachineOperators	1.C.3.a	requiresWorkStyle	workStyleRequiredBy
onet	SewingMachineOperators	1.C.3.b	requiresWorkStyle	workStyleRequiredBy
onet	SewingMachineOperators	1.C.3.c	requiresWorkStyle	workStyleRequiredBy
onet	SewingMachineOperators	1.C.4.a	requiresWorkStyle	workStyleRequiredBy
onet	SewingMachineOperators	1.C.4.b	requiresWorkStyle	workStyleRequiredBy
onet	SewingMachineOperators	1.C.4.c	requiresWorkStyle	workStyleRequiredBy
onet	SewingMachineOperators	1.C.5.a	requiresWorkStyle	workStyleRequiredBy
onet	SewingMachineOperators	1.C.5.b	requiresWorkStyle	workStyleRequiredBy
onet	SewingMachineOperators	1.C.5.c	requiresWorkStyle	workStyleRequiredBy
onet	SewingMachineOperators	1.C.6	requiresWorkStyle	workStyleRequiredBy
onet	SewingMachineOperators	1.C.7.a	requiresWorkStyle	workStyleRequiredBy
onet	SewingMachineOperators	1.C.7.b	requiresWorkStyle	workStyleRequiredBy
onet	Shampooers	1.C.1.a	requiresWorkStyle	workStyleRequiredBy
onet	Shampooers	1.C.1.b	requiresWorkStyle	workStyleRequiredBy
onet	Shampooers	1.C.1.c	requiresWorkStyle	workStyleRequiredBy
onet	Shampooers	1.C.2.b	requiresWorkStyle	workStyleRequiredBy
onet	Shampooers	1.C.3.a	requiresWorkStyle	workStyleRequiredBy
onet	Shampooers	1.C.3.b	requiresWorkStyle	workStyleRequiredBy
onet	Shampooers	1.C.3.c	requiresWorkStyle	workStyleRequiredBy
onet	Shampooers	1.C.4.a	requiresWorkStyle	workStyleRequiredBy
onet	Shampooers	1.C.4.b	requiresWorkStyle	workStyleRequiredBy
onet	Shampooers	1.C.4.c	requiresWorkStyle	workStyleRequiredBy
onet	Shampooers	1.C.5.a	requiresWorkStyle	workStyleRequiredBy
onet	Shampooers	1.C.5.b	requiresWorkStyle	workStyleRequiredBy
onet	Shampooers	1.C.5.c	requiresWorkStyle	workStyleRequiredBy
onet	Shampooers	1.C.6	requiresWorkStyle	workStyleRequiredBy
onet	Shampooers	1.C.7.a	requiresWorkStyle	workStyleRequiredBy
onet	Shampooers	1.C.7.b	requiresWorkStyle	workStyleRequiredBy
onet	Sharpeners	1.C.1.a	requiresWorkStyle	workStyleRequiredBy
onet	Sharpeners	1.C.1.b	requiresWorkStyle	workStyleRequiredBy
onet	Sharpeners	1.C.1.c	requiresWorkStyle	workStyleRequiredBy
onet	Sharpeners	1.C.2.b	requiresWorkStyle	workStyleRequiredBy
onet	Sharpeners	1.C.3.a	requiresWorkStyle	workStyleRequiredBy
onet	Sharpeners	1.C.3.b	requiresWorkStyle	workStyleRequiredBy
onet	Sharpeners	1.C.3.c	requiresWorkStyle	workStyleRequiredBy
onet	Sharpeners	1.C.4.a	requiresWorkStyle	workStyleRequiredBy
onet	Sharpeners	1.C.4.b	requiresWorkStyle	workStyleRequiredBy
onet	Sharpeners	1.C.4.c	requiresWorkStyle	workStyleRequiredBy
onet	Sharpeners	1.C.5.a	requiresWorkStyle	workStyleRequiredBy
onet	Sharpeners	1.C.5.b	requiresWorkStyle	workStyleRequiredBy
onet	Sharpeners	1.C.5.c	requiresWorkStyle	workStyleRequiredBy
onet	Sharpeners	1.C.6	requiresWorkStyle	workStyleRequiredBy
onet	Sharpeners	1.C.7.a	requiresWorkStyle	workStyleRequiredBy
onet	Sharpeners	1.C.7.b	requiresWorkStyle	workStyleRequiredBy
onet	SheetMetalWorkers	1.C.1.a	requiresWorkStyle	workStyleRequiredBy
onet	SheetMetalWorkers	1.C.1.b	requiresWorkStyle	workStyleRequiredBy
onet	SheetMetalWorkers	1.C.1.c	requiresWorkStyle	workStyleRequiredBy
onet	SheetMetalWorkers	1.C.2.b	requiresWorkStyle	workStyleRequiredBy
onet	SheetMetalWorkers	1.C.3.a	requiresWorkStyle	workStyleRequiredBy
onet	SheetMetalWorkers	1.C.3.b	requiresWorkStyle	workStyleRequiredBy
onet	SheetMetalWorkers	1.C.3.c	requiresWorkStyle	workStyleRequiredBy
onet	SheetMetalWorkers	1.C.4.a	requiresWorkStyle	workStyleRequiredBy
onet	SheetMetalWorkers	1.C.4.b	requiresWorkStyle	workStyleRequiredBy
onet	SheetMetalWorkers	1.C.4.c	requiresWorkStyle	workStyleRequiredBy
onet	SheetMetalWorkers	1.C.5.a	requiresWorkStyle	workStyleRequiredBy
onet	SheetMetalWorkers	1.C.5.b	requiresWorkStyle	workStyleRequiredBy
onet	SheetMetalWorkers	1.C.5.c	requiresWorkStyle	workStyleRequiredBy
onet	SheetMetalWorkers	1.C.6	requiresWorkStyle	workStyleRequiredBy
onet	SheetMetalWorkers	1.C.7.a	requiresWorkStyle	workStyleRequiredBy
onet	SheetMetalWorkers	1.C.7.b	requiresWorkStyle	workStyleRequiredBy
onet	Sheriff'sPatrolOfficers	1.C.1.a	requiresWorkStyle	workStyleRequiredBy
onet	Sheriff'sPatrolOfficers	1.C.1.b	requiresWorkStyle	workStyleRequiredBy
onet	Sheriff'sPatrolOfficers	1.C.1.c	requiresWorkStyle	workStyleRequiredBy
onet	Sheriff'sPatrolOfficers	1.C.2.b	requiresWorkStyle	workStyleRequiredBy
onet	Sheriff'sPatrolOfficers	1.C.3.a	requiresWorkStyle	workStyleRequiredBy
onet	Sheriff'sPatrolOfficers	1.C.3.b	requiresWorkStyle	workStyleRequiredBy
onet	Sheriff'sPatrolOfficers	1.C.3.c	requiresWorkStyle	workStyleRequiredBy
onet	Sheriff'sPatrolOfficers	1.C.4.a	requiresWorkStyle	workStyleRequiredBy
onet	Sheriff'sPatrolOfficers	1.C.4.b	requiresWorkStyle	workStyleRequiredBy
onet	Sheriff'sPatrolOfficers	1.C.4.c	requiresWorkStyle	workStyleRequiredBy
onet	Sheriff'sPatrolOfficers	1.C.5.a	requiresWorkStyle	workStyleRequiredBy
onet	Sheriff'sPatrolOfficers	1.C.5.b	requiresWorkStyle	workStyleRequiredBy
onet	Sheriff'sPatrolOfficers	1.C.5.c	requiresWorkStyle	workStyleRequiredBy
onet	Sheriff'sPatrolOfficers	1.C.6	requiresWorkStyle	workStyleRequiredBy
onet	Sheriff'sPatrolOfficers	1.C.7.a	requiresWorkStyle	workStyleRequiredBy
onet	Sheriff'sPatrolOfficers	1.C.7.b	requiresWorkStyle	workStyleRequiredBy
onet	ShipEngineers	1.C.1.a	requiresWorkStyle	workStyleRequiredBy
onet	ShipEngineers	1.C.1.b	requiresWorkStyle	workStyleRequiredBy
onet	ShipEngineers	1.C.1.c	requiresWorkStyle	workStyleRequiredBy
onet	ShipEngineers	1.C.2.b	requiresWorkStyle	workStyleRequiredBy
onet	ShipEngineers	1.C.3.a	requiresWorkStyle	workStyleRequiredBy
onet	ShipEngineers	1.C.3.b	requiresWorkStyle	workStyleRequiredBy
onet	ShipEngineers	1.C.3.c	requiresWorkStyle	workStyleRequiredBy
onet	ShipEngineers	1.C.4.a	requiresWorkStyle	workStyleRequiredBy
onet	ShipEngineers	1.C.4.b	requiresWorkStyle	workStyleRequiredBy
onet	ShipEngineers	1.C.4.c	requiresWorkStyle	workStyleRequiredBy
onet	ShipEngineers	1.C.5.a	requiresWorkStyle	workStyleRequiredBy
onet	ShipEngineers	1.C.5.b	requiresWorkStyle	workStyleRequiredBy
onet	ShipEngineers	1.C.5.c	requiresWorkStyle	workStyleRequiredBy
onet	ShipEngineers	1.C.6	requiresWorkStyle	workStyleRequiredBy
onet	ShipEngineers	1.C.7.a	requiresWorkStyle	workStyleRequiredBy
onet	ShipEngineers	1.C.7.b	requiresWorkStyle	workStyleRequiredBy
onet	ShipLoaders	1.C.1.a	requiresWorkStyle	workStyleRequiredBy
onet	ShipLoaders	1.C.1.b	requiresWorkStyle	workStyleRequiredBy
onet	ShipLoaders	1.C.1.c	requiresWorkStyle	workStyleRequiredBy
onet	ShipLoaders	1.C.2.b	requiresWorkStyle	workStyleRequiredBy
onet	ShipLoaders	1.C.3.a	requiresWorkStyle	workStyleRequiredBy
onet	ShipLoaders	1.C.3.b	requiresWorkStyle	workStyleRequiredBy
onet	ShipLoaders	1.C.3.c	requiresWorkStyle	workStyleRequiredBy
onet	ShipLoaders	1.C.4.a	requiresWorkStyle	workStyleRequiredBy
onet	ShipLoaders	1.C.4.b	requiresWorkStyle	workStyleRequiredBy
onet	ShipLoaders	1.C.4.c	requiresWorkStyle	workStyleRequiredBy
onet	ShipLoaders	1.C.5.a	requiresWorkStyle	workStyleRequiredBy
onet	ShipLoaders	1.C.5.b	requiresWorkStyle	workStyleRequiredBy
onet	ShipLoaders	1.C.5.c	requiresWorkStyle	workStyleRequiredBy
onet	ShipLoaders	1.C.6	requiresWorkStyle	workStyleRequiredBy
onet	ShipLoaders	1.C.7.a	requiresWorkStyle	workStyleRequiredBy
onet	ShipLoaders	1.C.7.b	requiresWorkStyle	workStyleRequiredBy
onet	SimultaneousCaptioners	1.C.1.a	requiresWorkStyle	workStyleRequiredBy
onet	SimultaneousCaptioners	1.C.1.b	requiresWorkStyle	workStyleRequiredBy
onet	SimultaneousCaptioners	1.C.1.c	requiresWorkStyle	workStyleRequiredBy
onet	SimultaneousCaptioners	1.C.2.b	requiresWorkStyle	workStyleRequiredBy
onet	SimultaneousCaptioners	1.C.3.a	requiresWorkStyle	workStyleRequiredBy
onet	SimultaneousCaptioners	1.C.3.b	requiresWorkStyle	workStyleRequiredBy
onet	SimultaneousCaptioners	1.C.3.c	requiresWorkStyle	workStyleRequiredBy
onet	SimultaneousCaptioners	1.C.4.a	requiresWorkStyle	workStyleRequiredBy
onet	SimultaneousCaptioners	1.C.4.b	requiresWorkStyle	workStyleRequiredBy
onet	SimultaneousCaptioners	1.C.4.c	requiresWorkStyle	workStyleRequiredBy
onet	SimultaneousCaptioners	1.C.5.a	requiresWorkStyle	workStyleRequiredBy
onet	SimultaneousCaptioners	1.C.5.b	requiresWorkStyle	workStyleRequiredBy
onet	SimultaneousCaptioners	1.C.5.c	requiresWorkStyle	workStyleRequiredBy
onet	SimultaneousCaptioners	1.C.6	requiresWorkStyle	workStyleRequiredBy
onet	SimultaneousCaptioners	1.C.7.a	requiresWorkStyle	workStyleRequiredBy
onet	SimultaneousCaptioners	1.C.7.b	requiresWorkStyle	workStyleRequiredBy
onet	Singers	1.C.1.a	requiresWorkStyle	workStyleRequiredBy
onet	Singers	1.C.1.b	requiresWorkStyle	workStyleRequiredBy
onet	Singers	1.C.1.c	requiresWorkStyle	workStyleRequiredBy
onet	Singers	1.C.2.b	requiresWorkStyle	workStyleRequiredBy
onet	Singers	1.C.3.a	requiresWorkStyle	workStyleRequiredBy
onet	Singers	1.C.3.b	requiresWorkStyle	workStyleRequiredBy
onet	Singers	1.C.3.c	requiresWorkStyle	workStyleRequiredBy
onet	Singers	1.C.4.a	requiresWorkStyle	workStyleRequiredBy
onet	Singers	1.C.4.b	requiresWorkStyle	workStyleRequiredBy
onet	Singers	1.C.4.c	requiresWorkStyle	workStyleRequiredBy
onet	Singers	1.C.5.a	requiresWorkStyle	workStyleRequiredBy
onet	Singers	1.C.5.b	requiresWorkStyle	workStyleRequiredBy
onet	Singers	1.C.5.c	requiresWorkStyle	workStyleRequiredBy
onet	Singers	1.C.6	requiresWorkStyle	workStyleRequiredBy
onet	Singers	1.C.7.a	requiresWorkStyle	workStyleRequiredBy
onet	Singers	1.C.7.b	requiresWorkStyle	workStyleRequiredBy
onet	SiteManagers	1.C.1.a	requiresWorkStyle	workStyleRequiredBy
onet	SiteManagers	1.C.1.b	requiresWorkStyle	workStyleRequiredBy
onet	SiteManagers	1.C.1.c	requiresWorkStyle	workStyleRequiredBy
onet	SiteManagers	1.C.2.b	requiresWorkStyle	workStyleRequiredBy
onet	SiteManagers	1.C.3.a	requiresWorkStyle	workStyleRequiredBy
onet	SiteManagers	1.C.3.b	requiresWorkStyle	workStyleRequiredBy
onet	SiteManagers	1.C.3.c	requiresWorkStyle	workStyleRequiredBy
onet	SiteManagers	1.C.4.a	requiresWorkStyle	workStyleRequiredBy
onet	SiteManagers	1.C.4.b	requiresWorkStyle	workStyleRequiredBy
onet	SiteManagers	1.C.4.c	requiresWorkStyle	workStyleRequiredBy
onet	SiteManagers	1.C.5.a	requiresWorkStyle	workStyleRequiredBy
onet	SiteManagers	1.C.5.b	requiresWorkStyle	workStyleRequiredBy
onet	SiteManagers	1.C.5.c	requiresWorkStyle	workStyleRequiredBy
onet	SiteManagers	1.C.6	requiresWorkStyle	workStyleRequiredBy
onet	SiteManagers	1.C.7.a	requiresWorkStyle	workStyleRequiredBy
onet	SiteManagers	1.C.7.b	requiresWorkStyle	workStyleRequiredBy
onet	SkincareSpecialists	1.C.1.a	requiresWorkStyle	workStyleRequiredBy
onet	SkincareSpecialists	1.C.1.b	requiresWorkStyle	workStyleRequiredBy
onet	SkincareSpecialists	1.C.1.c	requiresWorkStyle	workStyleRequiredBy
onet	SkincareSpecialists	1.C.2.b	requiresWorkStyle	workStyleRequiredBy
onet	SkincareSpecialists	1.C.3.a	requiresWorkStyle	workStyleRequiredBy
onet	SkincareSpecialists	1.C.3.b	requiresWorkStyle	workStyleRequiredBy
onet	SkincareSpecialists	1.C.3.c	requiresWorkStyle	workStyleRequiredBy
onet	SkincareSpecialists	1.C.4.a	requiresWorkStyle	workStyleRequiredBy
onet	SkincareSpecialists	1.C.4.b	requiresWorkStyle	workStyleRequiredBy
onet	SkincareSpecialists	1.C.4.c	requiresWorkStyle	workStyleRequiredBy
onet	SkincareSpecialists	1.C.5.a	requiresWorkStyle	workStyleRequiredBy
onet	SkincareSpecialists	1.C.5.b	requiresWorkStyle	workStyleRequiredBy
onet	SkincareSpecialists	1.C.5.c	requiresWorkStyle	workStyleRequiredBy
onet	SkincareSpecialists	1.C.6	requiresWorkStyle	workStyleRequiredBy
onet	SkincareSpecialists	1.C.7.a	requiresWorkStyle	workStyleRequiredBy
onet	SkincareSpecialists	1.C.7.b	requiresWorkStyle	workStyleRequiredBy
onet	SocialScienceResearchAssistants	1.C.1.a	requiresWorkStyle	workStyleRequiredBy
onet	SocialScienceResearchAssistants	1.C.1.b	requiresWorkStyle	workStyleRequiredBy
onet	SocialScienceResearchAssistants	1.C.1.c	requiresWorkStyle	workStyleRequiredBy
onet	SocialScienceResearchAssistants	1.C.2.b	requiresWorkStyle	workStyleRequiredBy
onet	SocialScienceResearchAssistants	1.C.3.a	requiresWorkStyle	workStyleRequiredBy
onet	SocialScienceResearchAssistants	1.C.3.b	requiresWorkStyle	workStyleRequiredBy
onet	SocialScienceResearchAssistants	1.C.3.c	requiresWorkStyle	workStyleRequiredBy
onet	SocialScienceResearchAssistants	1.C.4.a	requiresWorkStyle	workStyleRequiredBy
onet	SocialScienceResearchAssistants	1.C.4.b	requiresWorkStyle	workStyleRequiredBy
onet	SocialScienceResearchAssistants	1.C.4.c	requiresWorkStyle	workStyleRequiredBy
onet	SocialScienceResearchAssistants	1.C.5.a	requiresWorkStyle	workStyleRequiredBy
onet	SocialScienceResearchAssistants	1.C.5.b	requiresWorkStyle	workStyleRequiredBy
onet	SocialScienceResearchAssistants	1.C.5.c	requiresWorkStyle	workStyleRequiredBy
onet	SocialScienceResearchAssistants	1.C.6	requiresWorkStyle	workStyleRequiredBy
onet	SocialScienceResearchAssistants	1.C.7.a	requiresWorkStyle	workStyleRequiredBy
onet	SocialScienceResearchAssistants	1.C.7.b	requiresWorkStyle	workStyleRequiredBy
onet	SocialWorkTeachersPostsecondary	1.C.1.a	requiresWorkStyle	workStyleRequiredBy
onet	SocialWorkTeachersPostsecondary	1.C.1.b	requiresWorkStyle	workStyleRequiredBy
onet	SocialWorkTeachersPostsecondary	1.C.1.c	requiresWorkStyle	workStyleRequiredBy
onet	SocialWorkTeachersPostsecondary	1.C.2.b	requiresWorkStyle	workStyleRequiredBy
onet	SocialWorkTeachersPostsecondary	1.C.3.a	requiresWorkStyle	workStyleRequiredBy
onet	SocialWorkTeachersPostsecondary	1.C.3.b	requiresWorkStyle	workStyleRequiredBy
onet	SocialWorkTeachersPostsecondary	1.C.3.c	requiresWorkStyle	workStyleRequiredBy
onet	SocialWorkTeachersPostsecondary	1.C.4.a	requiresWorkStyle	workStyleRequiredBy
onet	SocialWorkTeachersPostsecondary	1.C.4.b	requiresWorkStyle	workStyleRequiredBy
onet	SocialWorkTeachersPostsecondary	1.C.4.c	requiresWorkStyle	workStyleRequiredBy
onet	SocialWorkTeachersPostsecondary	1.C.5.a	requiresWorkStyle	workStyleRequiredBy
onet	SocialWorkTeachersPostsecondary	1.C.5.b	requiresWorkStyle	workStyleRequiredBy
onet	SocialWorkTeachersPostsecondary	1.C.5.c	requiresWorkStyle	workStyleRequiredBy
onet	SocialWorkTeachersPostsecondary	1.C.6	requiresWorkStyle	workStyleRequiredBy
onet	SocialWorkTeachersPostsecondary	1.C.7.a	requiresWorkStyle	workStyleRequiredBy
onet	SocialWorkTeachersPostsecondary	1.C.7.b	requiresWorkStyle	workStyleRequiredBy
onet	Sociologists	1.C.1.a	requiresWorkStyle	workStyleRequiredBy
onet	Sociologists	1.C.1.b	requiresWorkStyle	workStyleRequiredBy
onet	Sociologists	1.C.1.c	requiresWorkStyle	workStyleRequiredBy
onet	Sociologists	1.C.2.b	requiresWorkStyle	workStyleRequiredBy
onet	Sociologists	1.C.3.a	requiresWorkStyle	workStyleRequiredBy
onet	Sociologists	1.C.3.b	requiresWorkStyle	workStyleRequiredBy
onet	Sociologists	1.C.3.c	requiresWorkStyle	workStyleRequiredBy
onet	Sociologists	1.C.4.a	requiresWorkStyle	workStyleRequiredBy
onet	Sociologists	1.C.4.b	requiresWorkStyle	workStyleRequiredBy
onet	Sociologists	1.C.4.c	requiresWorkStyle	workStyleRequiredBy
onet	Sociologists	1.C.5.a	requiresWorkStyle	workStyleRequiredBy
onet	Sociologists	1.C.5.b	requiresWorkStyle	workStyleRequiredBy
onet	Sociologists	1.C.5.c	requiresWorkStyle	workStyleRequiredBy
onet	Sociologists	1.C.6	requiresWorkStyle	workStyleRequiredBy
onet	Sociologists	1.C.7.a	requiresWorkStyle	workStyleRequiredBy
onet	Sociologists	1.C.7.b	requiresWorkStyle	workStyleRequiredBy
onet	SociologyTeachersPostsecondary	1.C.1.a	requiresWorkStyle	workStyleRequiredBy
onet	SociologyTeachersPostsecondary	1.C.1.b	requiresWorkStyle	workStyleRequiredBy
onet	SociologyTeachersPostsecondary	1.C.1.c	requiresWorkStyle	workStyleRequiredBy
onet	SociologyTeachersPostsecondary	1.C.2.b	requiresWorkStyle	workStyleRequiredBy
onet	SociologyTeachersPostsecondary	1.C.3.a	requiresWorkStyle	workStyleRequiredBy
onet	SociologyTeachersPostsecondary	1.C.3.b	requiresWorkStyle	workStyleRequiredBy
onet	SociologyTeachersPostsecondary	1.C.3.c	requiresWorkStyle	workStyleRequiredBy
onet	SociologyTeachersPostsecondary	1.C.4.a	requiresWorkStyle	workStyleRequiredBy
onet	SociologyTeachersPostsecondary	1.C.4.b	requiresWorkStyle	workStyleRequiredBy
onet	SociologyTeachersPostsecondary	1.C.4.c	requiresWorkStyle	workStyleRequiredBy
onet	SociologyTeachersPostsecondary	1.C.5.a	requiresWorkStyle	workStyleRequiredBy
onet	SociologyTeachersPostsecondary	1.C.5.b	requiresWorkStyle	workStyleRequiredBy
onet	SociologyTeachersPostsecondary	1.C.5.c	requiresWorkStyle	workStyleRequiredBy
onet	SociologyTeachersPostsecondary	1.C.6	requiresWorkStyle	workStyleRequiredBy
onet	SociologyTeachersPostsecondary	1.C.7.a	requiresWorkStyle	workStyleRequiredBy
onet	SociologyTeachersPostsecondary	1.C.7.b	requiresWorkStyle	workStyleRequiredBy
onet	SoftwareDevelopers	1.C.1.a	requiresWorkStyle	workStyleRequiredBy
onet	SoftwareDevelopers	1.C.1.b	requiresWorkStyle	workStyleRequiredBy
onet	SoftwareDevelopers	1.C.1.c	requiresWorkStyle	workStyleRequiredBy
onet	SoftwareDevelopers	1.C.2.b	requiresWorkStyle	workStyleRequiredBy
onet	SoftwareDevelopers	1.C.3.a	requiresWorkStyle	workStyleRequiredBy
onet	SoftwareDevelopers	1.C.3.b	requiresWorkStyle	workStyleRequiredBy
onet	SoftwareDevelopers	1.C.3.c	requiresWorkStyle	workStyleRequiredBy
onet	SoftwareDevelopers	1.C.4.a	requiresWorkStyle	workStyleRequiredBy
onet	SoftwareDevelopers	1.C.4.b	requiresWorkStyle	workStyleRequiredBy
onet	SoftwareDevelopers	1.C.4.c	requiresWorkStyle	workStyleRequiredBy
onet	SoftwareDevelopers	1.C.5.a	requiresWorkStyle	workStyleRequiredBy
onet	SoftwareDevelopers	1.C.5.b	requiresWorkStyle	workStyleRequiredBy
onet	SoftwareDevelopers	1.C.5.c	requiresWorkStyle	workStyleRequiredBy
onet	SoftwareDevelopers	1.C.6	requiresWorkStyle	workStyleRequiredBy
onet	SoftwareDevelopers	1.C.7.a	requiresWorkStyle	workStyleRequiredBy
onet	SoftwareDevelopers	1.C.7.b	requiresWorkStyle	workStyleRequiredBy
onet	Solar	1.C.1.a	requiresWorkStyle	workStyleRequiredBy
onet	Solar	1.C.1.b	requiresWorkStyle	workStyleRequiredBy
onet	Solar	1.C.1.c	requiresWorkStyle	workStyleRequiredBy
onet	Solar	1.C.2.b	requiresWorkStyle	workStyleRequiredBy
onet	Solar	1.C.3.a	requiresWorkStyle	workStyleRequiredBy
onet	Solar	1.C.3.b	requiresWorkStyle	workStyleRequiredBy
onet	Solar	1.C.3.c	requiresWorkStyle	workStyleRequiredBy
onet	Solar	1.C.4.a	requiresWorkStyle	workStyleRequiredBy
onet	Solar	1.C.4.b	requiresWorkStyle	workStyleRequiredBy
onet	Solar	1.C.4.c	requiresWorkStyle	workStyleRequiredBy
onet	Solar	1.C.5.a	requiresWorkStyle	workStyleRequiredBy
onet	Solar	1.C.5.b	requiresWorkStyle	workStyleRequiredBy
onet	Solar	1.C.5.c	requiresWorkStyle	workStyleRequiredBy
onet	Solar	1.C.6	requiresWorkStyle	workStyleRequiredBy
onet	Solar	1.C.7.a	requiresWorkStyle	workStyleRequiredBy
onet	Solar	1.C.7.b	requiresWorkStyle	workStyleRequiredBy
onet	SolarEnergyInstallationManagers	1.C.1.a	requiresWorkStyle	workStyleRequiredBy
onet	SolarEnergyInstallationManagers	1.C.1.b	requiresWorkStyle	workStyleRequiredBy
onet	SolarEnergyInstallationManagers	1.C.1.c	requiresWorkStyle	workStyleRequiredBy
onet	SolarEnergyInstallationManagers	1.C.2.b	requiresWorkStyle	workStyleRequiredBy
onet	SolarEnergyInstallationManagers	1.C.3.a	requiresWorkStyle	workStyleRequiredBy
onet	SolarEnergyInstallationManagers	1.C.3.b	requiresWorkStyle	workStyleRequiredBy
onet	SolarEnergyInstallationManagers	1.C.3.c	requiresWorkStyle	workStyleRequiredBy
onet	SolarEnergyInstallationManagers	1.C.4.a	requiresWorkStyle	workStyleRequiredBy
onet	SolarEnergyInstallationManagers	1.C.4.b	requiresWorkStyle	workStyleRequiredBy
onet	SolarEnergyInstallationManagers	1.C.4.c	requiresWorkStyle	workStyleRequiredBy
onet	SolarEnergyInstallationManagers	1.C.5.a	requiresWorkStyle	workStyleRequiredBy
onet	SolarEnergyInstallationManagers	1.C.5.b	requiresWorkStyle	workStyleRequiredBy
onet	SolarEnergyInstallationManagers	1.C.5.c	requiresWorkStyle	workStyleRequiredBy
onet	SolarEnergyInstallationManagers	1.C.6	requiresWorkStyle	workStyleRequiredBy
onet	SolarEnergyInstallationManagers	1.C.7.a	requiresWorkStyle	workStyleRequiredBy
onet	SolarEnergyInstallationManagers	1.C.7.b	requiresWorkStyle	workStyleRequiredBy
onet	SolarEnergySystemsEngineers	1.C.1.a	requiresWorkStyle	workStyleRequiredBy
onet	SolarEnergySystemsEngineers	1.C.1.b	requiresWorkStyle	workStyleRequiredBy
onet	SolarEnergySystemsEngineers	1.C.1.c	requiresWorkStyle	workStyleRequiredBy
onet	SolarEnergySystemsEngineers	1.C.2.b	requiresWorkStyle	workStyleRequiredBy
onet	SolarEnergySystemsEngineers	1.C.3.a	requiresWorkStyle	workStyleRequiredBy
onet	SolarEnergySystemsEngineers	1.C.3.b	requiresWorkStyle	workStyleRequiredBy
onet	SolarEnergySystemsEngineers	1.C.3.c	requiresWorkStyle	workStyleRequiredBy
onet	SolarEnergySystemsEngineers	1.C.4.a	requiresWorkStyle	workStyleRequiredBy
onet	SolarEnergySystemsEngineers	1.C.4.b	requiresWorkStyle	workStyleRequiredBy
onet	SolarEnergySystemsEngineers	1.C.4.c	requiresWorkStyle	workStyleRequiredBy
onet	SolarEnergySystemsEngineers	1.C.5.a	requiresWorkStyle	workStyleRequiredBy
onet	SolarEnergySystemsEngineers	1.C.5.b	requiresWorkStyle	workStyleRequiredBy
onet	SolarEnergySystemsEngineers	1.C.5.c	requiresWorkStyle	workStyleRequiredBy
onet	SolarEnergySystemsEngineers	1.C.6	requiresWorkStyle	workStyleRequiredBy
onet	SolarEnergySystemsEngineers	1.C.7.a	requiresWorkStyle	workStyleRequiredBy
onet	SolarEnergySystemsEngineers	1.C.7.b	requiresWorkStyle	workStyleRequiredBy
onet	SolarPhotovoltaicInstallers	1.C.1.a	requiresWorkStyle	workStyleRequiredBy
onet	SolarPhotovoltaicInstallers	1.C.1.b	requiresWorkStyle	workStyleRequiredBy
onet	SolarPhotovoltaicInstallers	1.C.1.c	requiresWorkStyle	workStyleRequiredBy
onet	SolarPhotovoltaicInstallers	1.C.2.b	requiresWorkStyle	workStyleRequiredBy
onet	SolarPhotovoltaicInstallers	1.C.3.a	requiresWorkStyle	workStyleRequiredBy
onet	SolarPhotovoltaicInstallers	1.C.3.b	requiresWorkStyle	workStyleRequiredBy
onet	SolarPhotovoltaicInstallers	1.C.3.c	requiresWorkStyle	workStyleRequiredBy
onet	SolarPhotovoltaicInstallers	1.C.4.a	requiresWorkStyle	workStyleRequiredBy
onet	SolarPhotovoltaicInstallers	1.C.4.b	requiresWorkStyle	workStyleRequiredBy
onet	SolarPhotovoltaicInstallers	1.C.4.c	requiresWorkStyle	workStyleRequiredBy
onet	SolarPhotovoltaicInstallers	1.C.5.a	requiresWorkStyle	workStyleRequiredBy
onet	SolarPhotovoltaicInstallers	1.C.5.b	requiresWorkStyle	workStyleRequiredBy
onet	SolarPhotovoltaicInstallers	1.C.5.c	requiresWorkStyle	workStyleRequiredBy
onet	SolarPhotovoltaicInstallers	1.C.6	requiresWorkStyle	workStyleRequiredBy
onet	SolarPhotovoltaicInstallers	1.C.7.a	requiresWorkStyle	workStyleRequiredBy
onet	SolarPhotovoltaicInstallers	1.C.7.b	requiresWorkStyle	workStyleRequiredBy
onet	SortersAgriculturalProducts	1.C.1.a	requiresWorkStyle	workStyleRequiredBy
onet	SortersAgriculturalProducts	1.C.1.b	requiresWorkStyle	workStyleRequiredBy
onet	SortersAgriculturalProducts	1.C.1.c	requiresWorkStyle	workStyleRequiredBy
onet	SortersAgriculturalProducts	1.C.2.b	requiresWorkStyle	workStyleRequiredBy
onet	SortersAgriculturalProducts	1.C.3.a	requiresWorkStyle	workStyleRequiredBy
onet	SortersAgriculturalProducts	1.C.3.b	requiresWorkStyle	workStyleRequiredBy
onet	SortersAgriculturalProducts	1.C.3.c	requiresWorkStyle	workStyleRequiredBy
onet	SortersAgriculturalProducts	1.C.4.a	requiresWorkStyle	workStyleRequiredBy
onet	SortersAgriculturalProducts	1.C.4.b	requiresWorkStyle	workStyleRequiredBy
onet	SortersAgriculturalProducts	1.C.4.c	requiresWorkStyle	workStyleRequiredBy
onet	SortersAgriculturalProducts	1.C.5.a	requiresWorkStyle	workStyleRequiredBy
onet	SortersAgriculturalProducts	1.C.5.b	requiresWorkStyle	workStyleRequiredBy
onet	SortersAgriculturalProducts	1.C.5.c	requiresWorkStyle	workStyleRequiredBy
onet	SortersAgriculturalProducts	1.C.6	requiresWorkStyle	workStyleRequiredBy
onet	SortersAgriculturalProducts	1.C.7.a	requiresWorkStyle	workStyleRequiredBy
onet	SortersAgriculturalProducts	1.C.7.b	requiresWorkStyle	workStyleRequiredBy
onet	SoundEngineeringTechnicians	1.C.1.a	requiresWorkStyle	workStyleRequiredBy
onet	SoundEngineeringTechnicians	1.C.1.b	requiresWorkStyle	workStyleRequiredBy
onet	SoundEngineeringTechnicians	1.C.1.c	requiresWorkStyle	workStyleRequiredBy
onet	SoundEngineeringTechnicians	1.C.2.b	requiresWorkStyle	workStyleRequiredBy
onet	SoundEngineeringTechnicians	1.C.3.a	requiresWorkStyle	workStyleRequiredBy
onet	SoundEngineeringTechnicians	1.C.3.b	requiresWorkStyle	workStyleRequiredBy
onet	SoundEngineeringTechnicians	1.C.3.c	requiresWorkStyle	workStyleRequiredBy
onet	SoundEngineeringTechnicians	1.C.4.a	requiresWorkStyle	workStyleRequiredBy
onet	SoundEngineeringTechnicians	1.C.4.b	requiresWorkStyle	workStyleRequiredBy
onet	SoundEngineeringTechnicians	1.C.4.c	requiresWorkStyle	workStyleRequiredBy
onet	SoundEngineeringTechnicians	1.C.5.a	requiresWorkStyle	workStyleRequiredBy
onet	SoundEngineeringTechnicians	1.C.5.b	requiresWorkStyle	workStyleRequiredBy
onet	SoundEngineeringTechnicians	1.C.5.c	requiresWorkStyle	workStyleRequiredBy
onet	SoundEngineeringTechnicians	1.C.6	requiresWorkStyle	workStyleRequiredBy
onet	SoundEngineeringTechnicians	1.C.7.a	requiresWorkStyle	workStyleRequiredBy
onet	SoundEngineeringTechnicians	1.C.7.b	requiresWorkStyle	workStyleRequiredBy
onet	SpaManagers	1.C.1.a	requiresWorkStyle	workStyleRequiredBy
onet	SpaManagers	1.C.1.b	requiresWorkStyle	workStyleRequiredBy
onet	SpaManagers	1.C.1.c	requiresWorkStyle	workStyleRequiredBy
onet	SpaManagers	1.C.2.b	requiresWorkStyle	workStyleRequiredBy
onet	SpaManagers	1.C.3.a	requiresWorkStyle	workStyleRequiredBy
onet	SpaManagers	1.C.3.b	requiresWorkStyle	workStyleRequiredBy
onet	SpaManagers	1.C.3.c	requiresWorkStyle	workStyleRequiredBy
onet	SpaManagers	1.C.4.a	requiresWorkStyle	workStyleRequiredBy
onet	SpaManagers	1.C.4.b	requiresWorkStyle	workStyleRequiredBy
onet	SpaManagers	1.C.4.c	requiresWorkStyle	workStyleRequiredBy
onet	SpaManagers	1.C.5.a	requiresWorkStyle	workStyleRequiredBy
onet	SpaManagers	1.C.5.b	requiresWorkStyle	workStyleRequiredBy
onet	SpaManagers	1.C.5.c	requiresWorkStyle	workStyleRequiredBy
onet	SpaManagers	1.C.6	requiresWorkStyle	workStyleRequiredBy
onet	SpaManagers	1.C.7.a	requiresWorkStyle	workStyleRequiredBy
onet	SpaManagers	1.C.7.b	requiresWorkStyle	workStyleRequiredBy
onet	SpaceSciencesTeachersPostsecondary	1.C.1.a	requiresWorkStyle	workStyleRequiredBy
onet	SpaceSciencesTeachersPostsecondary	1.C.1.b	requiresWorkStyle	workStyleRequiredBy
onet	SpaceSciencesTeachersPostsecondary	1.C.1.c	requiresWorkStyle	workStyleRequiredBy
onet	SpaceSciencesTeachersPostsecondary	1.C.2.b	requiresWorkStyle	workStyleRequiredBy
onet	SpaceSciencesTeachersPostsecondary	1.C.3.a	requiresWorkStyle	workStyleRequiredBy
onet	SpaceSciencesTeachersPostsecondary	1.C.3.b	requiresWorkStyle	workStyleRequiredBy
onet	SpaceSciencesTeachersPostsecondary	1.C.3.c	requiresWorkStyle	workStyleRequiredBy
onet	SpaceSciencesTeachersPostsecondary	1.C.4.a	requiresWorkStyle	workStyleRequiredBy
onet	SpaceSciencesTeachersPostsecondary	1.C.4.b	requiresWorkStyle	workStyleRequiredBy
onet	SpaceSciencesTeachersPostsecondary	1.C.4.c	requiresWorkStyle	workStyleRequiredBy
onet	SpaceSciencesTeachersPostsecondary	1.C.5.a	requiresWorkStyle	workStyleRequiredBy
onet	SpaceSciencesTeachersPostsecondary	1.C.5.b	requiresWorkStyle	workStyleRequiredBy
onet	SpaceSciencesTeachersPostsecondary	1.C.5.c	requiresWorkStyle	workStyleRequiredBy
onet	SpaceSciencesTeachersPostsecondary	1.C.6	requiresWorkStyle	workStyleRequiredBy
onet	SpaceSciencesTeachersPostsecondary	1.C.7.a	requiresWorkStyle	workStyleRequiredBy
onet	SpaceSciencesTeachersPostsecondary	1.C.7.b	requiresWorkStyle	workStyleRequiredBy
onet	SpaceScientists	1.C.1.a	requiresWorkStyle	workStyleRequiredBy
onet	SpaceScientists	1.C.1.b	requiresWorkStyle	workStyleRequiredBy
onet	SpaceScientists	1.C.1.c	requiresWorkStyle	workStyleRequiredBy
onet	SpaceScientists	1.C.2.b	requiresWorkStyle	workStyleRequiredBy
onet	SpaceScientists	1.C.3.a	requiresWorkStyle	workStyleRequiredBy
onet	SpaceScientists	1.C.3.b	requiresWorkStyle	workStyleRequiredBy
onet	SpaceScientists	1.C.3.c	requiresWorkStyle	workStyleRequiredBy
onet	SpaceScientists	1.C.4.a	requiresWorkStyle	workStyleRequiredBy
onet	SpaceScientists	1.C.4.b	requiresWorkStyle	workStyleRequiredBy
onet	SpaceScientists	1.C.4.c	requiresWorkStyle	workStyleRequiredBy
onet	SpaceScientists	1.C.5.a	requiresWorkStyle	workStyleRequiredBy
onet	SpaceScientists	1.C.5.b	requiresWorkStyle	workStyleRequiredBy
onet	SpaceScientists	1.C.5.c	requiresWorkStyle	workStyleRequiredBy
onet	SpaceScientists	1.C.6	requiresWorkStyle	workStyleRequiredBy
onet	SpaceScientists	1.C.7.a	requiresWorkStyle	workStyleRequiredBy
onet	SpaceScientists	1.C.7.b	requiresWorkStyle	workStyleRequiredBy
onet	SpecialEducation	1.C.1.a	requiresWorkStyle	workStyleRequiredBy
onet	SpecialEducation	1.C.1.b	requiresWorkStyle	workStyleRequiredBy
onet	SpecialEducation	1.C.1.c	requiresWorkStyle	workStyleRequiredBy
onet	SpecialEducation	1.C.2.b	requiresWorkStyle	workStyleRequiredBy
onet	SpecialEducation	1.C.3.a	requiresWorkStyle	workStyleRequiredBy
onet	SpecialEducation	1.C.3.b	requiresWorkStyle	workStyleRequiredBy
onet	SpecialEducation	1.C.3.c	requiresWorkStyle	workStyleRequiredBy
onet	SpecialEducation	1.C.4.a	requiresWorkStyle	workStyleRequiredBy
onet	SpecialEducation	1.C.4.b	requiresWorkStyle	workStyleRequiredBy
onet	SpecialEducation	1.C.4.c	requiresWorkStyle	workStyleRequiredBy
onet	SpecialEducation	1.C.5.a	requiresWorkStyle	workStyleRequiredBy
onet	SpecialEducation	1.C.5.b	requiresWorkStyle	workStyleRequiredBy
onet	SpecialEducation	1.C.5.c	requiresWorkStyle	workStyleRequiredBy
onet	SpecialEducation	1.C.6	requiresWorkStyle	workStyleRequiredBy
onet	SpecialEducation	1.C.7.a	requiresWorkStyle	workStyleRequiredBy
onet	SpecialEducation	1.C.7.b	requiresWorkStyle	workStyleRequiredBy
onet	SpecialEducationTeachersElementarySchool	1.C.1.a	requiresWorkStyle	workStyleRequiredBy
onet	SpecialEducationTeachersElementarySchool	1.C.1.b	requiresWorkStyle	workStyleRequiredBy
onet	SpecialEducationTeachersElementarySchool	1.C.1.c	requiresWorkStyle	workStyleRequiredBy
onet	SpecialEducationTeachersElementarySchool	1.C.2.b	requiresWorkStyle	workStyleRequiredBy
onet	SpecialEducationTeachersElementarySchool	1.C.3.a	requiresWorkStyle	workStyleRequiredBy
onet	SpecialEducationTeachersElementarySchool	1.C.3.b	requiresWorkStyle	workStyleRequiredBy
onet	SpecialEducationTeachersElementarySchool	1.C.3.c	requiresWorkStyle	workStyleRequiredBy
onet	SpecialEducationTeachersElementarySchool	1.C.4.a	requiresWorkStyle	workStyleRequiredBy
onet	SpecialEducationTeachersElementarySchool	1.C.4.b	requiresWorkStyle	workStyleRequiredBy
onet	SpecialEducationTeachersElementarySchool	1.C.4.c	requiresWorkStyle	workStyleRequiredBy
onet	SpecialEducationTeachersElementarySchool	1.C.5.a	requiresWorkStyle	workStyleRequiredBy
onet	SpecialEducationTeachersElementarySchool	1.C.5.b	requiresWorkStyle	workStyleRequiredBy
onet	SpecialEducationTeachersElementarySchool	1.C.5.c	requiresWorkStyle	workStyleRequiredBy
onet	SpecialEducationTeachersElementarySchool	1.C.6	requiresWorkStyle	workStyleRequiredBy
onet	SpecialEducationTeachersElementarySchool	1.C.7.a	requiresWorkStyle	workStyleRequiredBy
onet	SpecialEducationTeachersElementarySchool	1.C.7.b	requiresWorkStyle	workStyleRequiredBy
onet	SpecialEducationTeachersMiddleSchool	1.C.1.a	requiresWorkStyle	workStyleRequiredBy
onet	SpecialEducationTeachersMiddleSchool	1.C.1.b	requiresWorkStyle	workStyleRequiredBy
onet	SpecialEducationTeachersMiddleSchool	1.C.1.c	requiresWorkStyle	workStyleRequiredBy
onet	SpecialEducationTeachersMiddleSchool	1.C.2.b	requiresWorkStyle	workStyleRequiredBy
onet	SpecialEducationTeachersMiddleSchool	1.C.3.a	requiresWorkStyle	workStyleRequiredBy
onet	SpecialEducationTeachersMiddleSchool	1.C.3.b	requiresWorkStyle	workStyleRequiredBy
onet	SpecialEducationTeachersMiddleSchool	1.C.3.c	requiresWorkStyle	workStyleRequiredBy
onet	SpecialEducationTeachersMiddleSchool	1.C.4.a	requiresWorkStyle	workStyleRequiredBy
onet	SpecialEducationTeachersMiddleSchool	1.C.4.b	requiresWorkStyle	workStyleRequiredBy
onet	SpecialEducationTeachersMiddleSchool	1.C.4.c	requiresWorkStyle	workStyleRequiredBy
onet	SpecialEducationTeachersMiddleSchool	1.C.5.a	requiresWorkStyle	workStyleRequiredBy
onet	SpecialEducationTeachersMiddleSchool	1.C.5.b	requiresWorkStyle	workStyleRequiredBy
onet	SpecialEducationTeachersMiddleSchool	1.C.5.c	requiresWorkStyle	workStyleRequiredBy
onet	SpecialEducationTeachersMiddleSchool	1.C.6	requiresWorkStyle	workStyleRequiredBy
onet	SpecialEducationTeachersMiddleSchool	1.C.7.a	requiresWorkStyle	workStyleRequiredBy
onet	SpecialEducationTeachersMiddleSchool	1.C.7.b	requiresWorkStyle	workStyleRequiredBy
onet	SpecialEducationTeachersPreschool	1.C.1.a	requiresWorkStyle	workStyleRequiredBy
onet	SpecialEducationTeachersPreschool	1.C.1.b	requiresWorkStyle	workStyleRequiredBy
onet	SpecialEducationTeachersPreschool	1.C.1.c	requiresWorkStyle	workStyleRequiredBy
onet	SpecialEducationTeachersPreschool	1.C.2.b	requiresWorkStyle	workStyleRequiredBy
onet	SpecialEducationTeachersPreschool	1.C.3.a	requiresWorkStyle	workStyleRequiredBy
onet	SpecialEducationTeachersPreschool	1.C.3.b	requiresWorkStyle	workStyleRequiredBy
onet	SpecialEducationTeachersPreschool	1.C.3.c	requiresWorkStyle	workStyleRequiredBy
onet	SpecialEducationTeachersPreschool	1.C.4.a	requiresWorkStyle	workStyleRequiredBy
onet	SpecialEducationTeachersPreschool	1.C.4.b	requiresWorkStyle	workStyleRequiredBy
onet	SpecialEducationTeachersPreschool	1.C.4.c	requiresWorkStyle	workStyleRequiredBy
onet	SpecialEducationTeachersPreschool	1.C.5.a	requiresWorkStyle	workStyleRequiredBy
onet	SpecialEducationTeachersPreschool	1.C.5.b	requiresWorkStyle	workStyleRequiredBy
onet	SpecialEducationTeachersPreschool	1.C.5.c	requiresWorkStyle	workStyleRequiredBy
onet	SpecialEducationTeachersPreschool	1.C.6	requiresWorkStyle	workStyleRequiredBy
onet	SpecialEducationTeachersPreschool	1.C.7.a	requiresWorkStyle	workStyleRequiredBy
onet	SpecialEducationTeachersPreschool	1.C.7.b	requiresWorkStyle	workStyleRequiredBy
onet	SpecialEducationTeachersSecondarySchool	1.C.1.a	requiresWorkStyle	workStyleRequiredBy
onet	SpecialEducationTeachersSecondarySchool	1.C.1.b	requiresWorkStyle	workStyleRequiredBy
onet	SpecialEducationTeachersSecondarySchool	1.C.1.c	requiresWorkStyle	workStyleRequiredBy
onet	SpecialEducationTeachersSecondarySchool	1.C.2.b	requiresWorkStyle	workStyleRequiredBy
onet	SpecialEducationTeachersSecondarySchool	1.C.3.a	requiresWorkStyle	workStyleRequiredBy
onet	SpecialEducationTeachersSecondarySchool	1.C.3.b	requiresWorkStyle	workStyleRequiredBy
onet	SpecialEducationTeachersSecondarySchool	1.C.3.c	requiresWorkStyle	workStyleRequiredBy
onet	SpecialEducationTeachersSecondarySchool	1.C.4.a	requiresWorkStyle	workStyleRequiredBy
onet	SpecialEducationTeachersSecondarySchool	1.C.4.b	requiresWorkStyle	workStyleRequiredBy
onet	SpecialEducationTeachersSecondarySchool	1.C.4.c	requiresWorkStyle	workStyleRequiredBy
onet	SpecialEducationTeachersSecondarySchool	1.C.5.a	requiresWorkStyle	workStyleRequiredBy
onet	SpecialEducationTeachersSecondarySchool	1.C.5.b	requiresWorkStyle	workStyleRequiredBy
onet	SpecialEducationTeachersSecondarySchool	1.C.5.c	requiresWorkStyle	workStyleRequiredBy
onet	SpecialEducationTeachersSecondarySchool	1.C.6	requiresWorkStyle	workStyleRequiredBy
onet	SpecialEducationTeachersSecondarySchool	1.C.7.a	requiresWorkStyle	workStyleRequiredBy
onet	SpecialEducationTeachersSecondarySchool	1.C.7.b	requiresWorkStyle	workStyleRequiredBy
onet	SpeechLanguagePathologists	1.C.1.a	requiresWorkStyle	workStyleRequiredBy
onet	SpeechLanguagePathologists	1.C.1.b	requiresWorkStyle	workStyleRequiredBy
onet	SpeechLanguagePathologists	1.C.1.c	requiresWorkStyle	workStyleRequiredBy
onet	SpeechLanguagePathologists	1.C.2.b	requiresWorkStyle	workStyleRequiredBy
onet	SpeechLanguagePathologists	1.C.3.a	requiresWorkStyle	workStyleRequiredBy
onet	SpeechLanguagePathologists	1.C.3.b	requiresWorkStyle	workStyleRequiredBy
onet	SpeechLanguagePathologists	1.C.3.c	requiresWorkStyle	workStyleRequiredBy
onet	SpeechLanguagePathologists	1.C.4.a	requiresWorkStyle	workStyleRequiredBy
onet	SpeechLanguagePathologists	1.C.4.b	requiresWorkStyle	workStyleRequiredBy
onet	SpeechLanguagePathologists	1.C.4.c	requiresWorkStyle	workStyleRequiredBy
onet	SpeechLanguagePathologists	1.C.5.a	requiresWorkStyle	workStyleRequiredBy
onet	SpeechLanguagePathologists	1.C.5.b	requiresWorkStyle	workStyleRequiredBy
onet	SpeechLanguagePathologists	1.C.5.c	requiresWorkStyle	workStyleRequiredBy
onet	SpeechLanguagePathologists	1.C.6	requiresWorkStyle	workStyleRequiredBy
onet	SpeechLanguagePathologists	1.C.7.a	requiresWorkStyle	workStyleRequiredBy
onet	SpeechLanguagePathologists	1.C.7.b	requiresWorkStyle	workStyleRequiredBy
onet	SpeechLanguagePathologyAssistants	1.C.1.a	requiresWorkStyle	workStyleRequiredBy
onet	SpeechLanguagePathologyAssistants	1.C.1.b	requiresWorkStyle	workStyleRequiredBy
onet	SpeechLanguagePathologyAssistants	1.C.1.c	requiresWorkStyle	workStyleRequiredBy
onet	SpeechLanguagePathologyAssistants	1.C.2.b	requiresWorkStyle	workStyleRequiredBy
onet	SpeechLanguagePathologyAssistants	1.C.3.a	requiresWorkStyle	workStyleRequiredBy
onet	SpeechLanguagePathologyAssistants	1.C.3.b	requiresWorkStyle	workStyleRequiredBy
onet	SpeechLanguagePathologyAssistants	1.C.3.c	requiresWorkStyle	workStyleRequiredBy
onet	SpeechLanguagePathologyAssistants	1.C.4.a	requiresWorkStyle	workStyleRequiredBy
onet	SpeechLanguagePathologyAssistants	1.C.4.b	requiresWorkStyle	workStyleRequiredBy
onet	SpeechLanguagePathologyAssistants	1.C.4.c	requiresWorkStyle	workStyleRequiredBy
onet	SpeechLanguagePathologyAssistants	1.C.5.a	requiresWorkStyle	workStyleRequiredBy
onet	SpeechLanguagePathologyAssistants	1.C.5.b	requiresWorkStyle	workStyleRequiredBy
onet	SpeechLanguagePathologyAssistants	1.C.5.c	requiresWorkStyle	workStyleRequiredBy
onet	SpeechLanguagePathologyAssistants	1.C.6	requiresWorkStyle	workStyleRequiredBy
onet	SpeechLanguagePathologyAssistants	1.C.7.a	requiresWorkStyle	workStyleRequiredBy
onet	SpeechLanguagePathologyAssistants	1.C.7.b	requiresWorkStyle	workStyleRequiredBy
onet	SportsCompetitors	1.C.1.a	requiresWorkStyle	workStyleRequiredBy
onet	SportsCompetitors	1.C.1.b	requiresWorkStyle	workStyleRequiredBy
onet	SportsCompetitors	1.C.1.c	requiresWorkStyle	workStyleRequiredBy
onet	SportsCompetitors	1.C.2.b	requiresWorkStyle	workStyleRequiredBy
onet	SportsCompetitors	1.C.3.a	requiresWorkStyle	workStyleRequiredBy
onet	SportsCompetitors	1.C.3.b	requiresWorkStyle	workStyleRequiredBy
onet	SportsCompetitors	1.C.3.c	requiresWorkStyle	workStyleRequiredBy
onet	SportsCompetitors	1.C.4.a	requiresWorkStyle	workStyleRequiredBy
onet	SportsCompetitors	1.C.4.b	requiresWorkStyle	workStyleRequiredBy
onet	SportsCompetitors	1.C.4.c	requiresWorkStyle	workStyleRequiredBy
onet	SportsCompetitors	1.C.5.a	requiresWorkStyle	workStyleRequiredBy
onet	SportsCompetitors	1.C.5.b	requiresWorkStyle	workStyleRequiredBy
onet	SportsCompetitors	1.C.5.c	requiresWorkStyle	workStyleRequiredBy
onet	SportsCompetitors	1.C.6	requiresWorkStyle	workStyleRequiredBy
onet	SportsCompetitors	1.C.7.a	requiresWorkStyle	workStyleRequiredBy
onet	SportsCompetitors	1.C.7.b	requiresWorkStyle	workStyleRequiredBy
onet	SportsMedicinePhysicians	1.C.1.a	requiresWorkStyle	workStyleRequiredBy
onet	SportsMedicinePhysicians	1.C.1.b	requiresWorkStyle	workStyleRequiredBy
onet	SportsMedicinePhysicians	1.C.1.c	requiresWorkStyle	workStyleRequiredBy
onet	SportsMedicinePhysicians	1.C.2.b	requiresWorkStyle	workStyleRequiredBy
onet	SportsMedicinePhysicians	1.C.3.a	requiresWorkStyle	workStyleRequiredBy
onet	SportsMedicinePhysicians	1.C.3.b	requiresWorkStyle	workStyleRequiredBy
onet	SportsMedicinePhysicians	1.C.3.c	requiresWorkStyle	workStyleRequiredBy
onet	SportsMedicinePhysicians	1.C.4.a	requiresWorkStyle	workStyleRequiredBy
onet	SportsMedicinePhysicians	1.C.4.b	requiresWorkStyle	workStyleRequiredBy
onet	SportsMedicinePhysicians	1.C.4.c	requiresWorkStyle	workStyleRequiredBy
onet	SportsMedicinePhysicians	1.C.5.a	requiresWorkStyle	workStyleRequiredBy
onet	SportsMedicinePhysicians	1.C.5.b	requiresWorkStyle	workStyleRequiredBy
onet	SportsMedicinePhysicians	1.C.5.c	requiresWorkStyle	workStyleRequiredBy
onet	SportsMedicinePhysicians	1.C.6	requiresWorkStyle	workStyleRequiredBy
onet	SportsMedicinePhysicians	1.C.7.a	requiresWorkStyle	workStyleRequiredBy
onet	SportsMedicinePhysicians	1.C.7.b	requiresWorkStyle	workStyleRequiredBy
onet	StatisticalAssistants	1.C.1.a	requiresWorkStyle	workStyleRequiredBy
onet	StatisticalAssistants	1.C.1.b	requiresWorkStyle	workStyleRequiredBy
onet	StatisticalAssistants	1.C.1.c	requiresWorkStyle	workStyleRequiredBy
onet	StatisticalAssistants	1.C.2.b	requiresWorkStyle	workStyleRequiredBy
onet	StatisticalAssistants	1.C.3.a	requiresWorkStyle	workStyleRequiredBy
onet	StatisticalAssistants	1.C.3.b	requiresWorkStyle	workStyleRequiredBy
onet	StatisticalAssistants	1.C.3.c	requiresWorkStyle	workStyleRequiredBy
onet	StatisticalAssistants	1.C.4.a	requiresWorkStyle	workStyleRequiredBy
onet	StatisticalAssistants	1.C.4.b	requiresWorkStyle	workStyleRequiredBy
onet	StatisticalAssistants	1.C.4.c	requiresWorkStyle	workStyleRequiredBy
onet	StatisticalAssistants	1.C.5.a	requiresWorkStyle	workStyleRequiredBy
onet	StatisticalAssistants	1.C.5.b	requiresWorkStyle	workStyleRequiredBy
onet	StatisticalAssistants	1.C.5.c	requiresWorkStyle	workStyleRequiredBy
onet	StatisticalAssistants	1.C.6	requiresWorkStyle	workStyleRequiredBy
onet	StatisticalAssistants	1.C.7.a	requiresWorkStyle	workStyleRequiredBy
onet	StatisticalAssistants	1.C.7.b	requiresWorkStyle	workStyleRequiredBy
onet	Statisticians	1.C.1.a	requiresWorkStyle	workStyleRequiredBy
onet	Statisticians	1.C.1.b	requiresWorkStyle	workStyleRequiredBy
onet	Statisticians	1.C.1.c	requiresWorkStyle	workStyleRequiredBy
onet	Statisticians	1.C.2.b	requiresWorkStyle	workStyleRequiredBy
onet	Statisticians	1.C.3.a	requiresWorkStyle	workStyleRequiredBy
onet	Statisticians	1.C.3.b	requiresWorkStyle	workStyleRequiredBy
onet	Statisticians	1.C.3.c	requiresWorkStyle	workStyleRequiredBy
onet	Statisticians	1.C.4.a	requiresWorkStyle	workStyleRequiredBy
onet	Statisticians	1.C.4.b	requiresWorkStyle	workStyleRequiredBy
onet	Statisticians	1.C.4.c	requiresWorkStyle	workStyleRequiredBy
onet	Statisticians	1.C.5.a	requiresWorkStyle	workStyleRequiredBy
onet	Statisticians	1.C.5.b	requiresWorkStyle	workStyleRequiredBy
onet	Statisticians	1.C.5.c	requiresWorkStyle	workStyleRequiredBy
onet	Statisticians	1.C.6	requiresWorkStyle	workStyleRequiredBy
onet	Statisticians	1.C.7.a	requiresWorkStyle	workStyleRequiredBy
onet	Statisticians	1.C.7.b	requiresWorkStyle	workStyleRequiredBy
onet	Steamfitters	1.C.1.a	requiresWorkStyle	workStyleRequiredBy
onet	Steamfitters	1.C.1.b	requiresWorkStyle	workStyleRequiredBy
onet	Steamfitters	1.C.1.c	requiresWorkStyle	workStyleRequiredBy
onet	Steamfitters	1.C.2.b	requiresWorkStyle	workStyleRequiredBy
onet	Steamfitters	1.C.3.a	requiresWorkStyle	workStyleRequiredBy
onet	Steamfitters	1.C.3.b	requiresWorkStyle	workStyleRequiredBy
onet	Steamfitters	1.C.3.c	requiresWorkStyle	workStyleRequiredBy
onet	Steamfitters	1.C.4.a	requiresWorkStyle	workStyleRequiredBy
onet	Steamfitters	1.C.4.b	requiresWorkStyle	workStyleRequiredBy
onet	Steamfitters	1.C.4.c	requiresWorkStyle	workStyleRequiredBy
onet	Steamfitters	1.C.5.a	requiresWorkStyle	workStyleRequiredBy
onet	Steamfitters	1.C.5.b	requiresWorkStyle	workStyleRequiredBy
onet	Steamfitters	1.C.5.c	requiresWorkStyle	workStyleRequiredBy
onet	Steamfitters	1.C.6	requiresWorkStyle	workStyleRequiredBy
onet	Steamfitters	1.C.7.a	requiresWorkStyle	workStyleRequiredBy
onet	Steamfitters	1.C.7.b	requiresWorkStyle	workStyleRequiredBy
onet	SteelWorkers	1.C.1.a	requiresWorkStyle	workStyleRequiredBy
onet	SteelWorkers	1.C.1.b	requiresWorkStyle	workStyleRequiredBy
onet	SteelWorkers	1.C.1.c	requiresWorkStyle	workStyleRequiredBy
onet	SteelWorkers	1.C.2.b	requiresWorkStyle	workStyleRequiredBy
onet	SteelWorkers	1.C.3.a	requiresWorkStyle	workStyleRequiredBy
onet	SteelWorkers	1.C.3.b	requiresWorkStyle	workStyleRequiredBy
onet	SteelWorkers	1.C.3.c	requiresWorkStyle	workStyleRequiredBy
onet	SteelWorkers	1.C.4.a	requiresWorkStyle	workStyleRequiredBy
onet	SteelWorkers	1.C.4.b	requiresWorkStyle	workStyleRequiredBy
onet	SteelWorkers	1.C.4.c	requiresWorkStyle	workStyleRequiredBy
onet	SteelWorkers	1.C.5.a	requiresWorkStyle	workStyleRequiredBy
onet	SteelWorkers	1.C.5.b	requiresWorkStyle	workStyleRequiredBy
onet	SteelWorkers	1.C.5.c	requiresWorkStyle	workStyleRequiredBy
onet	SteelWorkers	1.C.6	requiresWorkStyle	workStyleRequiredBy
onet	SteelWorkers	1.C.7.a	requiresWorkStyle	workStyleRequiredBy
onet	SteelWorkers	1.C.7.b	requiresWorkStyle	workStyleRequiredBy
onet	StoneSetters	1.C.1.a	requiresWorkStyle	workStyleRequiredBy
onet	StoneSetters	1.C.1.b	requiresWorkStyle	workStyleRequiredBy
onet	StoneSetters	1.C.1.c	requiresWorkStyle	workStyleRequiredBy
onet	StoneSetters	1.C.2.b	requiresWorkStyle	workStyleRequiredBy
onet	StoneSetters	1.C.3.a	requiresWorkStyle	workStyleRequiredBy
onet	StoneSetters	1.C.3.b	requiresWorkStyle	workStyleRequiredBy
onet	StoneSetters	1.C.3.c	requiresWorkStyle	workStyleRequiredBy
onet	StoneSetters	1.C.4.a	requiresWorkStyle	workStyleRequiredBy
onet	StoneSetters	1.C.4.b	requiresWorkStyle	workStyleRequiredBy
onet	StoneSetters	1.C.4.c	requiresWorkStyle	workStyleRequiredBy
onet	StoneSetters	1.C.5.a	requiresWorkStyle	workStyleRequiredBy
onet	StoneSetters	1.C.5.b	requiresWorkStyle	workStyleRequiredBy
onet	StoneSetters	1.C.5.c	requiresWorkStyle	workStyleRequiredBy
onet	StoneSetters	1.C.6	requiresWorkStyle	workStyleRequiredBy
onet	StoneSetters	1.C.7.a	requiresWorkStyle	workStyleRequiredBy
onet	StoneSetters	1.C.7.b	requiresWorkStyle	workStyleRequiredBy
onet	Stonemasons	1.C.1.a	requiresWorkStyle	workStyleRequiredBy
onet	Stonemasons	1.C.1.b	requiresWorkStyle	workStyleRequiredBy
onet	Stonemasons	1.C.1.c	requiresWorkStyle	workStyleRequiredBy
onet	Stonemasons	1.C.2.b	requiresWorkStyle	workStyleRequiredBy
onet	Stonemasons	1.C.3.a	requiresWorkStyle	workStyleRequiredBy
onet	Stonemasons	1.C.3.b	requiresWorkStyle	workStyleRequiredBy
onet	Stonemasons	1.C.3.c	requiresWorkStyle	workStyleRequiredBy
onet	Stonemasons	1.C.4.a	requiresWorkStyle	workStyleRequiredBy
onet	Stonemasons	1.C.4.b	requiresWorkStyle	workStyleRequiredBy
onet	Stonemasons	1.C.4.c	requiresWorkStyle	workStyleRequiredBy
onet	Stonemasons	1.C.5.a	requiresWorkStyle	workStyleRequiredBy
onet	Stonemasons	1.C.5.b	requiresWorkStyle	workStyleRequiredBy
onet	Stonemasons	1.C.5.c	requiresWorkStyle	workStyleRequiredBy
onet	Stonemasons	1.C.6	requiresWorkStyle	workStyleRequiredBy
onet	Stonemasons	1.C.7.a	requiresWorkStyle	workStyleRequiredBy
onet	Stonemasons	1.C.7.b	requiresWorkStyle	workStyleRequiredBy
onet	StreetcarOperators	1.C.1.a	requiresWorkStyle	workStyleRequiredBy
onet	StreetcarOperators	1.C.1.b	requiresWorkStyle	workStyleRequiredBy
onet	StreetcarOperators	1.C.1.c	requiresWorkStyle	workStyleRequiredBy
onet	StreetcarOperators	1.C.2.b	requiresWorkStyle	workStyleRequiredBy
onet	StreetcarOperators	1.C.3.a	requiresWorkStyle	workStyleRequiredBy
onet	StreetcarOperators	1.C.3.b	requiresWorkStyle	workStyleRequiredBy
onet	StreetcarOperators	1.C.3.c	requiresWorkStyle	workStyleRequiredBy
onet	StreetcarOperators	1.C.4.a	requiresWorkStyle	workStyleRequiredBy
onet	StreetcarOperators	1.C.4.b	requiresWorkStyle	workStyleRequiredBy
onet	StreetcarOperators	1.C.4.c	requiresWorkStyle	workStyleRequiredBy
onet	StreetcarOperators	1.C.5.a	requiresWorkStyle	workStyleRequiredBy
onet	StreetcarOperators	1.C.5.b	requiresWorkStyle	workStyleRequiredBy
onet	StreetcarOperators	1.C.5.c	requiresWorkStyle	workStyleRequiredBy
onet	StreetcarOperators	1.C.6	requiresWorkStyle	workStyleRequiredBy
onet	StreetcarOperators	1.C.7.a	requiresWorkStyle	workStyleRequiredBy
onet	StreetcarOperators	1.C.7.b	requiresWorkStyle	workStyleRequiredBy
onet	StuccoMasons	1.C.1.a	requiresWorkStyle	workStyleRequiredBy
onet	StuccoMasons	1.C.1.b	requiresWorkStyle	workStyleRequiredBy
onet	StuccoMasons	1.C.1.c	requiresWorkStyle	workStyleRequiredBy
onet	StuccoMasons	1.C.2.b	requiresWorkStyle	workStyleRequiredBy
onet	StuccoMasons	1.C.3.a	requiresWorkStyle	workStyleRequiredBy
onet	StuccoMasons	1.C.3.b	requiresWorkStyle	workStyleRequiredBy
onet	StuccoMasons	1.C.3.c	requiresWorkStyle	workStyleRequiredBy
onet	StuccoMasons	1.C.4.a	requiresWorkStyle	workStyleRequiredBy
onet	StuccoMasons	1.C.4.b	requiresWorkStyle	workStyleRequiredBy
onet	StuccoMasons	1.C.4.c	requiresWorkStyle	workStyleRequiredBy
onet	StuccoMasons	1.C.5.a	requiresWorkStyle	workStyleRequiredBy
onet	StuccoMasons	1.C.5.b	requiresWorkStyle	workStyleRequiredBy
onet	StuccoMasons	1.C.5.c	requiresWorkStyle	workStyleRequiredBy
onet	StuccoMasons	1.C.6	requiresWorkStyle	workStyleRequiredBy
onet	StuccoMasons	1.C.7.a	requiresWorkStyle	workStyleRequiredBy
onet	StuccoMasons	1.C.7.b	requiresWorkStyle	workStyleRequiredBy
onet	SubstanceAbuseSocialWorkers	1.C.1.a	requiresWorkStyle	workStyleRequiredBy
onet	SubstanceAbuseSocialWorkers	1.C.1.b	requiresWorkStyle	workStyleRequiredBy
onet	SubstanceAbuseSocialWorkers	1.C.1.c	requiresWorkStyle	workStyleRequiredBy
onet	SubstanceAbuseSocialWorkers	1.C.2.b	requiresWorkStyle	workStyleRequiredBy
onet	SubstanceAbuseSocialWorkers	1.C.3.a	requiresWorkStyle	workStyleRequiredBy
onet	SubstanceAbuseSocialWorkers	1.C.3.b	requiresWorkStyle	workStyleRequiredBy
onet	SubstanceAbuseSocialWorkers	1.C.3.c	requiresWorkStyle	workStyleRequiredBy
onet	SubstanceAbuseSocialWorkers	1.C.4.a	requiresWorkStyle	workStyleRequiredBy
onet	SubstanceAbuseSocialWorkers	1.C.4.b	requiresWorkStyle	workStyleRequiredBy
onet	SubstanceAbuseSocialWorkers	1.C.4.c	requiresWorkStyle	workStyleRequiredBy
onet	SubstanceAbuseSocialWorkers	1.C.5.a	requiresWorkStyle	workStyleRequiredBy
onet	SubstanceAbuseSocialWorkers	1.C.5.b	requiresWorkStyle	workStyleRequiredBy
onet	SubstanceAbuseSocialWorkers	1.C.5.c	requiresWorkStyle	workStyleRequiredBy
onet	SubstanceAbuseSocialWorkers	1.C.6	requiresWorkStyle	workStyleRequiredBy
onet	SubstanceAbuseSocialWorkers	1.C.7.a	requiresWorkStyle	workStyleRequiredBy
onet	SubstanceAbuseSocialWorkers	1.C.7.b	requiresWorkStyle	workStyleRequiredBy
onet	SubstituteTeachersShortTerm	1.C.1.a	requiresWorkStyle	workStyleRequiredBy
onet	SubstituteTeachersShortTerm	1.C.1.b	requiresWorkStyle	workStyleRequiredBy
onet	SubstituteTeachersShortTerm	1.C.1.c	requiresWorkStyle	workStyleRequiredBy
onet	SubstituteTeachersShortTerm	1.C.2.b	requiresWorkStyle	workStyleRequiredBy
onet	SubstituteTeachersShortTerm	1.C.3.a	requiresWorkStyle	workStyleRequiredBy
onet	SubstituteTeachersShortTerm	1.C.3.b	requiresWorkStyle	workStyleRequiredBy
onet	SubstituteTeachersShortTerm	1.C.3.c	requiresWorkStyle	workStyleRequiredBy
onet	SubstituteTeachersShortTerm	1.C.4.a	requiresWorkStyle	workStyleRequiredBy
onet	SubstituteTeachersShortTerm	1.C.4.b	requiresWorkStyle	workStyleRequiredBy
onet	SubstituteTeachersShortTerm	1.C.4.c	requiresWorkStyle	workStyleRequiredBy
onet	SubstituteTeachersShortTerm	1.C.5.a	requiresWorkStyle	workStyleRequiredBy
onet	SubstituteTeachersShortTerm	1.C.5.b	requiresWorkStyle	workStyleRequiredBy
onet	SubstituteTeachersShortTerm	1.C.5.c	requiresWorkStyle	workStyleRequiredBy
onet	SubstituteTeachersShortTerm	1.C.6	requiresWorkStyle	workStyleRequiredBy
onet	SubstituteTeachersShortTerm	1.C.7.a	requiresWorkStyle	workStyleRequiredBy
onet	SubstituteTeachersShortTerm	1.C.7.b	requiresWorkStyle	workStyleRequiredBy
onet	SupplyChainManagers	1.C.1.a	requiresWorkStyle	workStyleRequiredBy
onet	SupplyChainManagers	1.C.1.b	requiresWorkStyle	workStyleRequiredBy
onet	SupplyChainManagers	1.C.1.c	requiresWorkStyle	workStyleRequiredBy
onet	SupplyChainManagers	1.C.2.b	requiresWorkStyle	workStyleRequiredBy
onet	SupplyChainManagers	1.C.3.a	requiresWorkStyle	workStyleRequiredBy
onet	SupplyChainManagers	1.C.3.b	requiresWorkStyle	workStyleRequiredBy
onet	SupplyChainManagers	1.C.3.c	requiresWorkStyle	workStyleRequiredBy
onet	SupplyChainManagers	1.C.4.a	requiresWorkStyle	workStyleRequiredBy
onet	SupplyChainManagers	1.C.4.b	requiresWorkStyle	workStyleRequiredBy
onet	SupplyChainManagers	1.C.4.c	requiresWorkStyle	workStyleRequiredBy
onet	SupplyChainManagers	1.C.5.a	requiresWorkStyle	workStyleRequiredBy
onet	SupplyChainManagers	1.C.5.b	requiresWorkStyle	workStyleRequiredBy
onet	SupplyChainManagers	1.C.5.c	requiresWorkStyle	workStyleRequiredBy
onet	SupplyChainManagers	1.C.6	requiresWorkStyle	workStyleRequiredBy
onet	SupplyChainManagers	1.C.7.a	requiresWorkStyle	workStyleRequiredBy
onet	SupplyChainManagers	1.C.7.b	requiresWorkStyle	workStyleRequiredBy
onet	SurgicalAssistants	1.C.1.a	requiresWorkStyle	workStyleRequiredBy
onet	SurgicalAssistants	1.C.1.b	requiresWorkStyle	workStyleRequiredBy
onet	SurgicalAssistants	1.C.1.c	requiresWorkStyle	workStyleRequiredBy
onet	SurgicalAssistants	1.C.2.b	requiresWorkStyle	workStyleRequiredBy
onet	SurgicalAssistants	1.C.3.a	requiresWorkStyle	workStyleRequiredBy
onet	SurgicalAssistants	1.C.3.b	requiresWorkStyle	workStyleRequiredBy
onet	SurgicalAssistants	1.C.3.c	requiresWorkStyle	workStyleRequiredBy
onet	SurgicalAssistants	1.C.4.a	requiresWorkStyle	workStyleRequiredBy
onet	SurgicalAssistants	1.C.4.b	requiresWorkStyle	workStyleRequiredBy
onet	SurgicalAssistants	1.C.4.c	requiresWorkStyle	workStyleRequiredBy
onet	SurgicalAssistants	1.C.5.a	requiresWorkStyle	workStyleRequiredBy
onet	SurgicalAssistants	1.C.5.b	requiresWorkStyle	workStyleRequiredBy
onet	SurgicalAssistants	1.C.5.c	requiresWorkStyle	workStyleRequiredBy
onet	SurgicalAssistants	1.C.6	requiresWorkStyle	workStyleRequiredBy
onet	SurgicalAssistants	1.C.7.a	requiresWorkStyle	workStyleRequiredBy
onet	SurgicalAssistants	1.C.7.b	requiresWorkStyle	workStyleRequiredBy
onet	SurgicalTechnologists	1.C.1.a	requiresWorkStyle	workStyleRequiredBy
onet	SurgicalTechnologists	1.C.1.b	requiresWorkStyle	workStyleRequiredBy
onet	SurgicalTechnologists	1.C.1.c	requiresWorkStyle	workStyleRequiredBy
onet	SurgicalTechnologists	1.C.2.b	requiresWorkStyle	workStyleRequiredBy
onet	SurgicalTechnologists	1.C.3.a	requiresWorkStyle	workStyleRequiredBy
onet	SurgicalTechnologists	1.C.3.b	requiresWorkStyle	workStyleRequiredBy
onet	SurgicalTechnologists	1.C.3.c	requiresWorkStyle	workStyleRequiredBy
onet	SurgicalTechnologists	1.C.4.a	requiresWorkStyle	workStyleRequiredBy
onet	SurgicalTechnologists	1.C.4.b	requiresWorkStyle	workStyleRequiredBy
onet	SurgicalTechnologists	1.C.4.c	requiresWorkStyle	workStyleRequiredBy
onet	SurgicalTechnologists	1.C.5.a	requiresWorkStyle	workStyleRequiredBy
onet	SurgicalTechnologists	1.C.5.b	requiresWorkStyle	workStyleRequiredBy
onet	SurgicalTechnologists	1.C.5.c	requiresWorkStyle	workStyleRequiredBy
onet	SurgicalTechnologists	1.C.6	requiresWorkStyle	workStyleRequiredBy
onet	SurgicalTechnologists	1.C.7.a	requiresWorkStyle	workStyleRequiredBy
onet	SurgicalTechnologists	1.C.7.b	requiresWorkStyle	workStyleRequiredBy
onet	SurveyResearchers	1.C.1.a	requiresWorkStyle	workStyleRequiredBy
onet	SurveyResearchers	1.C.1.b	requiresWorkStyle	workStyleRequiredBy
onet	SurveyResearchers	1.C.1.c	requiresWorkStyle	workStyleRequiredBy
onet	SurveyResearchers	1.C.2.b	requiresWorkStyle	workStyleRequiredBy
onet	SurveyResearchers	1.C.3.a	requiresWorkStyle	workStyleRequiredBy
onet	SurveyResearchers	1.C.3.b	requiresWorkStyle	workStyleRequiredBy
onet	SurveyResearchers	1.C.3.c	requiresWorkStyle	workStyleRequiredBy
onet	SurveyResearchers	1.C.4.a	requiresWorkStyle	workStyleRequiredBy
onet	SurveyResearchers	1.C.4.b	requiresWorkStyle	workStyleRequiredBy
onet	SurveyResearchers	1.C.4.c	requiresWorkStyle	workStyleRequiredBy
onet	SurveyResearchers	1.C.5.a	requiresWorkStyle	workStyleRequiredBy
onet	SurveyResearchers	1.C.5.b	requiresWorkStyle	workStyleRequiredBy
onet	SurveyResearchers	1.C.5.c	requiresWorkStyle	workStyleRequiredBy
onet	SurveyResearchers	1.C.6	requiresWorkStyle	workStyleRequiredBy
onet	SurveyResearchers	1.C.7.a	requiresWorkStyle	workStyleRequiredBy
onet	SurveyResearchers	1.C.7.b	requiresWorkStyle	workStyleRequiredBy
onet	Surveyors	1.C.1.a	requiresWorkStyle	workStyleRequiredBy
onet	Surveyors	1.C.1.b	requiresWorkStyle	workStyleRequiredBy
onet	Surveyors	1.C.1.c	requiresWorkStyle	workStyleRequiredBy
onet	Surveyors	1.C.2.b	requiresWorkStyle	workStyleRequiredBy
onet	Surveyors	1.C.3.a	requiresWorkStyle	workStyleRequiredBy
onet	Surveyors	1.C.3.b	requiresWorkStyle	workStyleRequiredBy
onet	Surveyors	1.C.3.c	requiresWorkStyle	workStyleRequiredBy
onet	Surveyors	1.C.4.a	requiresWorkStyle	workStyleRequiredBy
onet	Surveyors	1.C.4.b	requiresWorkStyle	workStyleRequiredBy
onet	Surveyors	1.C.4.c	requiresWorkStyle	workStyleRequiredBy
onet	Surveyors	1.C.5.a	requiresWorkStyle	workStyleRequiredBy
onet	Surveyors	1.C.5.b	requiresWorkStyle	workStyleRequiredBy
onet	Surveyors	1.C.5.c	requiresWorkStyle	workStyleRequiredBy
onet	Surveyors	1.C.6	requiresWorkStyle	workStyleRequiredBy
onet	Surveyors	1.C.7.a	requiresWorkStyle	workStyleRequiredBy
onet	Surveyors	1.C.7.b	requiresWorkStyle	workStyleRequiredBy
onet	SustainabilitySpecialists	1.C.1.a	requiresWorkStyle	workStyleRequiredBy
onet	SustainabilitySpecialists	1.C.1.b	requiresWorkStyle	workStyleRequiredBy
onet	SustainabilitySpecialists	1.C.1.c	requiresWorkStyle	workStyleRequiredBy
onet	SustainabilitySpecialists	1.C.2.b	requiresWorkStyle	workStyleRequiredBy
onet	SustainabilitySpecialists	1.C.3.a	requiresWorkStyle	workStyleRequiredBy
onet	SustainabilitySpecialists	1.C.3.b	requiresWorkStyle	workStyleRequiredBy
onet	SustainabilitySpecialists	1.C.3.c	requiresWorkStyle	workStyleRequiredBy
onet	SustainabilitySpecialists	1.C.4.a	requiresWorkStyle	workStyleRequiredBy
onet	SustainabilitySpecialists	1.C.4.b	requiresWorkStyle	workStyleRequiredBy
onet	SustainabilitySpecialists	1.C.4.c	requiresWorkStyle	workStyleRequiredBy
onet	SustainabilitySpecialists	1.C.5.a	requiresWorkStyle	workStyleRequiredBy
onet	SustainabilitySpecialists	1.C.5.b	requiresWorkStyle	workStyleRequiredBy
onet	SustainabilitySpecialists	1.C.5.c	requiresWorkStyle	workStyleRequiredBy
onet	SustainabilitySpecialists	1.C.6	requiresWorkStyle	workStyleRequiredBy
onet	SustainabilitySpecialists	1.C.7.a	requiresWorkStyle	workStyleRequiredBy
onet	SustainabilitySpecialists	1.C.7.b	requiresWorkStyle	workStyleRequiredBy
onet	SystemOperators	1.C.1.a	requiresWorkStyle	workStyleRequiredBy
onet	SystemOperators	1.C.1.b	requiresWorkStyle	workStyleRequiredBy
onet	SystemOperators	1.C.1.c	requiresWorkStyle	workStyleRequiredBy
onet	SystemOperators	1.C.2.b	requiresWorkStyle	workStyleRequiredBy
onet	SystemOperators	1.C.3.a	requiresWorkStyle	workStyleRequiredBy
onet	SystemOperators	1.C.3.b	requiresWorkStyle	workStyleRequiredBy
onet	SystemOperators	1.C.3.c	requiresWorkStyle	workStyleRequiredBy
onet	SystemOperators	1.C.4.a	requiresWorkStyle	workStyleRequiredBy
onet	SystemOperators	1.C.4.b	requiresWorkStyle	workStyleRequiredBy
onet	SystemOperators	1.C.4.c	requiresWorkStyle	workStyleRequiredBy
onet	SystemOperators	1.C.5.a	requiresWorkStyle	workStyleRequiredBy
onet	SystemOperators	1.C.5.b	requiresWorkStyle	workStyleRequiredBy
onet	SystemOperators	1.C.5.c	requiresWorkStyle	workStyleRequiredBy
onet	SystemOperators	1.C.6	requiresWorkStyle	workStyleRequiredBy
onet	SystemOperators	1.C.7.a	requiresWorkStyle	workStyleRequiredBy
onet	SystemOperators	1.C.7.b	requiresWorkStyle	workStyleRequiredBy
onet	SystemsAssemblers	1.C.1.a	requiresWorkStyle	workStyleRequiredBy
onet	SystemsAssemblers	1.C.1.b	requiresWorkStyle	workStyleRequiredBy
onet	SystemsAssemblers	1.C.1.c	requiresWorkStyle	workStyleRequiredBy
onet	SystemsAssemblers	1.C.2.b	requiresWorkStyle	workStyleRequiredBy
onet	SystemsAssemblers	1.C.3.a	requiresWorkStyle	workStyleRequiredBy
onet	SystemsAssemblers	1.C.3.b	requiresWorkStyle	workStyleRequiredBy
onet	SystemsAssemblers	1.C.3.c	requiresWorkStyle	workStyleRequiredBy
onet	SystemsAssemblers	1.C.4.a	requiresWorkStyle	workStyleRequiredBy
onet	SystemsAssemblers	1.C.4.b	requiresWorkStyle	workStyleRequiredBy
onet	SystemsAssemblers	1.C.4.c	requiresWorkStyle	workStyleRequiredBy
onet	SystemsAssemblers	1.C.5.a	requiresWorkStyle	workStyleRequiredBy
onet	SystemsAssemblers	1.C.5.b	requiresWorkStyle	workStyleRequiredBy
onet	SystemsAssemblers	1.C.5.c	requiresWorkStyle	workStyleRequiredBy
onet	SystemsAssemblers	1.C.6	requiresWorkStyle	workStyleRequiredBy
onet	SystemsAssemblers	1.C.7.a	requiresWorkStyle	workStyleRequiredBy
onet	SystemsAssemblers	1.C.7.b	requiresWorkStyle	workStyleRequiredBy
onet	TalentDirectors	1.C.1.a	requiresWorkStyle	workStyleRequiredBy
onet	TalentDirectors	1.C.1.b	requiresWorkStyle	workStyleRequiredBy
onet	TalentDirectors	1.C.1.c	requiresWorkStyle	workStyleRequiredBy
onet	TalentDirectors	1.C.2.b	requiresWorkStyle	workStyleRequiredBy
onet	TalentDirectors	1.C.3.a	requiresWorkStyle	workStyleRequiredBy
onet	TalentDirectors	1.C.3.b	requiresWorkStyle	workStyleRequiredBy
onet	TalentDirectors	1.C.3.c	requiresWorkStyle	workStyleRequiredBy
onet	TalentDirectors	1.C.4.a	requiresWorkStyle	workStyleRequiredBy
onet	TalentDirectors	1.C.4.b	requiresWorkStyle	workStyleRequiredBy
onet	TalentDirectors	1.C.4.c	requiresWorkStyle	workStyleRequiredBy
onet	TalentDirectors	1.C.5.a	requiresWorkStyle	workStyleRequiredBy
onet	TalentDirectors	1.C.5.b	requiresWorkStyle	workStyleRequiredBy
onet	TalentDirectors	1.C.5.c	requiresWorkStyle	workStyleRequiredBy
onet	TalentDirectors	1.C.6	requiresWorkStyle	workStyleRequiredBy
onet	TalentDirectors	1.C.7.a	requiresWorkStyle	workStyleRequiredBy
onet	TalentDirectors	1.C.7.b	requiresWorkStyle	workStyleRequiredBy
onet	TampingEquipmentOperators	1.C.1.a	requiresWorkStyle	workStyleRequiredBy
onet	TampingEquipmentOperators	1.C.1.b	requiresWorkStyle	workStyleRequiredBy
onet	TampingEquipmentOperators	1.C.1.c	requiresWorkStyle	workStyleRequiredBy
onet	TampingEquipmentOperators	1.C.2.b	requiresWorkStyle	workStyleRequiredBy
onet	TampingEquipmentOperators	1.C.3.a	requiresWorkStyle	workStyleRequiredBy
onet	TampingEquipmentOperators	1.C.3.b	requiresWorkStyle	workStyleRequiredBy
onet	TampingEquipmentOperators	1.C.3.c	requiresWorkStyle	workStyleRequiredBy
onet	TampingEquipmentOperators	1.C.4.a	requiresWorkStyle	workStyleRequiredBy
onet	TampingEquipmentOperators	1.C.4.b	requiresWorkStyle	workStyleRequiredBy
onet	TampingEquipmentOperators	1.C.4.c	requiresWorkStyle	workStyleRequiredBy
onet	TampingEquipmentOperators	1.C.5.a	requiresWorkStyle	workStyleRequiredBy
onet	TampingEquipmentOperators	1.C.5.b	requiresWorkStyle	workStyleRequiredBy
onet	TampingEquipmentOperators	1.C.5.c	requiresWorkStyle	workStyleRequiredBy
onet	TampingEquipmentOperators	1.C.6	requiresWorkStyle	workStyleRequiredBy
onet	TampingEquipmentOperators	1.C.7.a	requiresWorkStyle	workStyleRequiredBy
onet	TampingEquipmentOperators	1.C.7.b	requiresWorkStyle	workStyleRequiredBy
onet	Tapers	1.C.1.a	requiresWorkStyle	workStyleRequiredBy
onet	Tapers	1.C.1.b	requiresWorkStyle	workStyleRequiredBy
onet	Tapers	1.C.1.c	requiresWorkStyle	workStyleRequiredBy
onet	Tapers	1.C.2.b	requiresWorkStyle	workStyleRequiredBy
onet	Tapers	1.C.3.a	requiresWorkStyle	workStyleRequiredBy
onet	Tapers	1.C.3.b	requiresWorkStyle	workStyleRequiredBy
onet	Tapers	1.C.3.c	requiresWorkStyle	workStyleRequiredBy
onet	Tapers	1.C.4.a	requiresWorkStyle	workStyleRequiredBy
onet	Tapers	1.C.4.b	requiresWorkStyle	workStyleRequiredBy
onet	Tapers	1.C.4.c	requiresWorkStyle	workStyleRequiredBy
onet	Tapers	1.C.5.a	requiresWorkStyle	workStyleRequiredBy
onet	Tapers	1.C.5.b	requiresWorkStyle	workStyleRequiredBy
onet	Tapers	1.C.5.c	requiresWorkStyle	workStyleRequiredBy
onet	Tapers	1.C.6	requiresWorkStyle	workStyleRequiredBy
onet	Tapers	1.C.7.a	requiresWorkStyle	workStyleRequiredBy
onet	Tapers	1.C.7.b	requiresWorkStyle	workStyleRequiredBy
onet	TaxPreparers	1.C.1.a	requiresWorkStyle	workStyleRequiredBy
onet	TaxPreparers	1.C.1.b	requiresWorkStyle	workStyleRequiredBy
onet	TaxPreparers	1.C.1.c	requiresWorkStyle	workStyleRequiredBy
onet	TaxPreparers	1.C.2.b	requiresWorkStyle	workStyleRequiredBy
onet	TaxPreparers	1.C.3.a	requiresWorkStyle	workStyleRequiredBy
onet	TaxPreparers	1.C.3.b	requiresWorkStyle	workStyleRequiredBy
onet	TaxPreparers	1.C.3.c	requiresWorkStyle	workStyleRequiredBy
onet	TaxPreparers	1.C.4.a	requiresWorkStyle	workStyleRequiredBy
onet	TaxPreparers	1.C.4.b	requiresWorkStyle	workStyleRequiredBy
onet	TaxPreparers	1.C.4.c	requiresWorkStyle	workStyleRequiredBy
onet	TaxPreparers	1.C.5.a	requiresWorkStyle	workStyleRequiredBy
onet	TaxPreparers	1.C.5.b	requiresWorkStyle	workStyleRequiredBy
onet	TaxPreparers	1.C.5.c	requiresWorkStyle	workStyleRequiredBy
onet	TaxPreparers	1.C.6	requiresWorkStyle	workStyleRequiredBy
onet	TaxPreparers	1.C.7.a	requiresWorkStyle	workStyleRequiredBy
onet	TaxPreparers	1.C.7.b	requiresWorkStyle	workStyleRequiredBy
onet	TeachersPostsecondary	1.C.1.a	requiresWorkStyle	workStyleRequiredBy
onet	TeachersPostsecondary	1.C.1.b	requiresWorkStyle	workStyleRequiredBy
onet	TeachersPostsecondary	1.C.1.c	requiresWorkStyle	workStyleRequiredBy
onet	TeachersPostsecondary	1.C.2.b	requiresWorkStyle	workStyleRequiredBy
onet	TeachersPostsecondary	1.C.3.a	requiresWorkStyle	workStyleRequiredBy
onet	TeachersPostsecondary	1.C.3.b	requiresWorkStyle	workStyleRequiredBy
onet	TeachersPostsecondary	1.C.3.c	requiresWorkStyle	workStyleRequiredBy
onet	TeachersPostsecondary	1.C.4.a	requiresWorkStyle	workStyleRequiredBy
onet	TeachersPostsecondary	1.C.4.b	requiresWorkStyle	workStyleRequiredBy
onet	TeachersPostsecondary	1.C.4.c	requiresWorkStyle	workStyleRequiredBy
onet	TeachersPostsecondary	1.C.5.a	requiresWorkStyle	workStyleRequiredBy
onet	TeachersPostsecondary	1.C.5.b	requiresWorkStyle	workStyleRequiredBy
onet	TeachersPostsecondary	1.C.5.c	requiresWorkStyle	workStyleRequiredBy
onet	TeachersPostsecondary	1.C.6	requiresWorkStyle	workStyleRequiredBy
onet	TeachersPostsecondary	1.C.7.a	requiresWorkStyle	workStyleRequiredBy
onet	TeachersPostsecondary	1.C.7.b	requiresWorkStyle	workStyleRequiredBy
onet	TeachingAssistants	1.C.1.a	requiresWorkStyle	workStyleRequiredBy
onet	TeachingAssistants	1.C.1.b	requiresWorkStyle	workStyleRequiredBy
onet	TeachingAssistants	1.C.1.c	requiresWorkStyle	workStyleRequiredBy
onet	TeachingAssistants	1.C.2.b	requiresWorkStyle	workStyleRequiredBy
onet	TeachingAssistants	1.C.3.a	requiresWorkStyle	workStyleRequiredBy
onet	TeachingAssistants	1.C.3.b	requiresWorkStyle	workStyleRequiredBy
onet	TeachingAssistants	1.C.3.c	requiresWorkStyle	workStyleRequiredBy
onet	TeachingAssistants	1.C.4.a	requiresWorkStyle	workStyleRequiredBy
onet	TeachingAssistants	1.C.4.b	requiresWorkStyle	workStyleRequiredBy
onet	TeachingAssistants	1.C.4.c	requiresWorkStyle	workStyleRequiredBy
onet	TeachingAssistants	1.C.5.a	requiresWorkStyle	workStyleRequiredBy
onet	TeachingAssistants	1.C.5.b	requiresWorkStyle	workStyleRequiredBy
onet	TeachingAssistants	1.C.5.c	requiresWorkStyle	workStyleRequiredBy
onet	TeachingAssistants	1.C.6	requiresWorkStyle	workStyleRequiredBy
onet	TeachingAssistants	1.C.7.a	requiresWorkStyle	workStyleRequiredBy
onet	TeachingAssistants	1.C.7.b	requiresWorkStyle	workStyleRequiredBy
onet	TeachingAssistantsPostsecondary	1.C.1.a	requiresWorkStyle	workStyleRequiredBy
onet	TeachingAssistantsPostsecondary	1.C.1.b	requiresWorkStyle	workStyleRequiredBy
onet	TeachingAssistantsPostsecondary	1.C.1.c	requiresWorkStyle	workStyleRequiredBy
onet	TeachingAssistantsPostsecondary	1.C.2.b	requiresWorkStyle	workStyleRequiredBy
onet	TeachingAssistantsPostsecondary	1.C.3.a	requiresWorkStyle	workStyleRequiredBy
onet	TeachingAssistantsPostsecondary	1.C.3.b	requiresWorkStyle	workStyleRequiredBy
onet	TeachingAssistantsPostsecondary	1.C.3.c	requiresWorkStyle	workStyleRequiredBy
onet	TeachingAssistantsPostsecondary	1.C.4.a	requiresWorkStyle	workStyleRequiredBy
onet	TeachingAssistantsPostsecondary	1.C.4.b	requiresWorkStyle	workStyleRequiredBy
onet	TeachingAssistantsPostsecondary	1.C.4.c	requiresWorkStyle	workStyleRequiredBy
onet	TeachingAssistantsPostsecondary	1.C.5.a	requiresWorkStyle	workStyleRequiredBy
onet	TeachingAssistantsPostsecondary	1.C.5.b	requiresWorkStyle	workStyleRequiredBy
onet	TeachingAssistantsPostsecondary	1.C.5.c	requiresWorkStyle	workStyleRequiredBy
onet	TeachingAssistantsPostsecondary	1.C.6	requiresWorkStyle	workStyleRequiredBy
onet	TeachingAssistantsPostsecondary	1.C.7.a	requiresWorkStyle	workStyleRequiredBy
onet	TeachingAssistantsPostsecondary	1.C.7.b	requiresWorkStyle	workStyleRequiredBy
onet	TeachingAssistantsSpecialEducation	1.C.1.a	requiresWorkStyle	workStyleRequiredBy
onet	TeachingAssistantsSpecialEducation	1.C.1.b	requiresWorkStyle	workStyleRequiredBy
onet	TeachingAssistantsSpecialEducation	1.C.1.c	requiresWorkStyle	workStyleRequiredBy
onet	TeachingAssistantsSpecialEducation	1.C.2.b	requiresWorkStyle	workStyleRequiredBy
onet	TeachingAssistantsSpecialEducation	1.C.3.a	requiresWorkStyle	workStyleRequiredBy
onet	TeachingAssistantsSpecialEducation	1.C.3.b	requiresWorkStyle	workStyleRequiredBy
onet	TeachingAssistantsSpecialEducation	1.C.3.c	requiresWorkStyle	workStyleRequiredBy
onet	TeachingAssistantsSpecialEducation	1.C.4.a	requiresWorkStyle	workStyleRequiredBy
onet	TeachingAssistantsSpecialEducation	1.C.4.b	requiresWorkStyle	workStyleRequiredBy
onet	TeachingAssistantsSpecialEducation	1.C.4.c	requiresWorkStyle	workStyleRequiredBy
onet	TeachingAssistantsSpecialEducation	1.C.5.a	requiresWorkStyle	workStyleRequiredBy
onet	TeachingAssistantsSpecialEducation	1.C.5.b	requiresWorkStyle	workStyleRequiredBy
onet	TeachingAssistantsSpecialEducation	1.C.5.c	requiresWorkStyle	workStyleRequiredBy
onet	TeachingAssistantsSpecialEducation	1.C.6	requiresWorkStyle	workStyleRequiredBy
onet	TeachingAssistantsSpecialEducation	1.C.7.a	requiresWorkStyle	workStyleRequiredBy
onet	TeachingAssistantsSpecialEducation	1.C.7.b	requiresWorkStyle	workStyleRequiredBy
onet	TeamAssemblers	1.C.1.a	requiresWorkStyle	workStyleRequiredBy
onet	TeamAssemblers	1.C.1.b	requiresWorkStyle	workStyleRequiredBy
onet	TeamAssemblers	1.C.1.c	requiresWorkStyle	workStyleRequiredBy
onet	TeamAssemblers	1.C.2.b	requiresWorkStyle	workStyleRequiredBy
onet	TeamAssemblers	1.C.3.a	requiresWorkStyle	workStyleRequiredBy
onet	TeamAssemblers	1.C.3.b	requiresWorkStyle	workStyleRequiredBy
onet	TeamAssemblers	1.C.3.c	requiresWorkStyle	workStyleRequiredBy
onet	TeamAssemblers	1.C.4.a	requiresWorkStyle	workStyleRequiredBy
onet	TeamAssemblers	1.C.4.b	requiresWorkStyle	workStyleRequiredBy
onet	TeamAssemblers	1.C.4.c	requiresWorkStyle	workStyleRequiredBy
onet	TeamAssemblers	1.C.5.a	requiresWorkStyle	workStyleRequiredBy
onet	TeamAssemblers	1.C.5.b	requiresWorkStyle	workStyleRequiredBy
onet	TeamAssemblers	1.C.5.c	requiresWorkStyle	workStyleRequiredBy
onet	TeamAssemblers	1.C.6	requiresWorkStyle	workStyleRequiredBy
onet	TeamAssemblers	1.C.7.a	requiresWorkStyle	workStyleRequiredBy
onet	TeamAssemblers	1.C.7.b	requiresWorkStyle	workStyleRequiredBy
onet	TechnicalWriters	1.C.1.a	requiresWorkStyle	workStyleRequiredBy
onet	TechnicalWriters	1.C.1.b	requiresWorkStyle	workStyleRequiredBy
onet	TechnicalWriters	1.C.1.c	requiresWorkStyle	workStyleRequiredBy
onet	TechnicalWriters	1.C.2.b	requiresWorkStyle	workStyleRequiredBy
onet	TechnicalWriters	1.C.3.a	requiresWorkStyle	workStyleRequiredBy
onet	TechnicalWriters	1.C.3.b	requiresWorkStyle	workStyleRequiredBy
onet	TechnicalWriters	1.C.3.c	requiresWorkStyle	workStyleRequiredBy
onet	TechnicalWriters	1.C.4.a	requiresWorkStyle	workStyleRequiredBy
onet	TechnicalWriters	1.C.4.b	requiresWorkStyle	workStyleRequiredBy
onet	TechnicalWriters	1.C.4.c	requiresWorkStyle	workStyleRequiredBy
onet	TechnicalWriters	1.C.5.a	requiresWorkStyle	workStyleRequiredBy
onet	TechnicalWriters	1.C.5.b	requiresWorkStyle	workStyleRequiredBy
onet	TechnicalWriters	1.C.5.c	requiresWorkStyle	workStyleRequiredBy
onet	TechnicalWriters	1.C.6	requiresWorkStyle	workStyleRequiredBy
onet	TechnicalWriters	1.C.7.a	requiresWorkStyle	workStyleRequiredBy
onet	TechnicalWriters	1.C.7.b	requiresWorkStyle	workStyleRequiredBy
onet	Technicians	1.C.1.a	requiresWorkStyle	workStyleRequiredBy
onet	Technicians	1.C.1.b	requiresWorkStyle	workStyleRequiredBy
onet	Technicians	1.C.1.c	requiresWorkStyle	workStyleRequiredBy
onet	Technicians	1.C.2.b	requiresWorkStyle	workStyleRequiredBy
onet	Technicians	1.C.3.a	requiresWorkStyle	workStyleRequiredBy
onet	Technicians	1.C.3.b	requiresWorkStyle	workStyleRequiredBy
onet	Technicians	1.C.3.c	requiresWorkStyle	workStyleRequiredBy
onet	Technicians	1.C.4.a	requiresWorkStyle	workStyleRequiredBy
onet	Technicians	1.C.4.b	requiresWorkStyle	workStyleRequiredBy
onet	Technicians	1.C.4.c	requiresWorkStyle	workStyleRequiredBy
onet	Technicians	1.C.5.a	requiresWorkStyle	workStyleRequiredBy
onet	Technicians	1.C.5.b	requiresWorkStyle	workStyleRequiredBy
onet	Technicians	1.C.5.c	requiresWorkStyle	workStyleRequiredBy
onet	Technicians	1.C.6	requiresWorkStyle	workStyleRequiredBy
onet	Technicians	1.C.7.a	requiresWorkStyle	workStyleRequiredBy
onet	Technicians	1.C.7.b	requiresWorkStyle	workStyleRequiredBy
onet	Technologists	1.C.1.a	requiresWorkStyle	workStyleRequiredBy
onet	Technologists	1.C.1.b	requiresWorkStyle	workStyleRequiredBy
onet	Technologists	1.C.1.c	requiresWorkStyle	workStyleRequiredBy
onet	Technologists	1.C.2.b	requiresWorkStyle	workStyleRequiredBy
onet	Technologists	1.C.3.a	requiresWorkStyle	workStyleRequiredBy
onet	Technologists	1.C.3.b	requiresWorkStyle	workStyleRequiredBy
onet	Technologists	1.C.3.c	requiresWorkStyle	workStyleRequiredBy
onet	Technologists	1.C.4.a	requiresWorkStyle	workStyleRequiredBy
onet	Technologists	1.C.4.b	requiresWorkStyle	workStyleRequiredBy
onet	Technologists	1.C.4.c	requiresWorkStyle	workStyleRequiredBy
onet	Technologists	1.C.5.a	requiresWorkStyle	workStyleRequiredBy
onet	Technologists	1.C.5.b	requiresWorkStyle	workStyleRequiredBy
onet	Technologists	1.C.5.c	requiresWorkStyle	workStyleRequiredBy
onet	Technologists	1.C.6	requiresWorkStyle	workStyleRequiredBy
onet	Technologists	1.C.7.a	requiresWorkStyle	workStyleRequiredBy
onet	Technologists	1.C.7.b	requiresWorkStyle	workStyleRequiredBy
onet	TelecommunicationsEngineeringSpecialists	1.C.1.a	requiresWorkStyle	workStyleRequiredBy
onet	TelecommunicationsEngineeringSpecialists	1.C.1.b	requiresWorkStyle	workStyleRequiredBy
onet	TelecommunicationsEngineeringSpecialists	1.C.1.c	requiresWorkStyle	workStyleRequiredBy
onet	TelecommunicationsEngineeringSpecialists	1.C.2.b	requiresWorkStyle	workStyleRequiredBy
onet	TelecommunicationsEngineeringSpecialists	1.C.3.a	requiresWorkStyle	workStyleRequiredBy
onet	TelecommunicationsEngineeringSpecialists	1.C.3.b	requiresWorkStyle	workStyleRequiredBy
onet	TelecommunicationsEngineeringSpecialists	1.C.3.c	requiresWorkStyle	workStyleRequiredBy
onet	TelecommunicationsEngineeringSpecialists	1.C.4.a	requiresWorkStyle	workStyleRequiredBy
onet	TelecommunicationsEngineeringSpecialists	1.C.4.b	requiresWorkStyle	workStyleRequiredBy
onet	TelecommunicationsEngineeringSpecialists	1.C.4.c	requiresWorkStyle	workStyleRequiredBy
onet	TelecommunicationsEngineeringSpecialists	1.C.5.a	requiresWorkStyle	workStyleRequiredBy
onet	TelecommunicationsEngineeringSpecialists	1.C.5.b	requiresWorkStyle	workStyleRequiredBy
onet	TelecommunicationsEngineeringSpecialists	1.C.5.c	requiresWorkStyle	workStyleRequiredBy
onet	TelecommunicationsEngineeringSpecialists	1.C.6	requiresWorkStyle	workStyleRequiredBy
onet	TelecommunicationsEngineeringSpecialists	1.C.7.a	requiresWorkStyle	workStyleRequiredBy
onet	TelecommunicationsEngineeringSpecialists	1.C.7.b	requiresWorkStyle	workStyleRequiredBy
onet	Telemarketers	1.C.1.a	requiresWorkStyle	workStyleRequiredBy
onet	Telemarketers	1.C.1.b	requiresWorkStyle	workStyleRequiredBy
onet	Telemarketers	1.C.1.c	requiresWorkStyle	workStyleRequiredBy
onet	Telemarketers	1.C.2.b	requiresWorkStyle	workStyleRequiredBy
onet	Telemarketers	1.C.3.a	requiresWorkStyle	workStyleRequiredBy
onet	Telemarketers	1.C.3.b	requiresWorkStyle	workStyleRequiredBy
onet	Telemarketers	1.C.3.c	requiresWorkStyle	workStyleRequiredBy
onet	Telemarketers	1.C.4.a	requiresWorkStyle	workStyleRequiredBy
onet	Telemarketers	1.C.4.b	requiresWorkStyle	workStyleRequiredBy
onet	Telemarketers	1.C.4.c	requiresWorkStyle	workStyleRequiredBy
onet	Telemarketers	1.C.5.a	requiresWorkStyle	workStyleRequiredBy
onet	Telemarketers	1.C.5.b	requiresWorkStyle	workStyleRequiredBy
onet	Telemarketers	1.C.5.c	requiresWorkStyle	workStyleRequiredBy
onet	Telemarketers	1.C.6	requiresWorkStyle	workStyleRequiredBy
onet	Telemarketers	1.C.7.a	requiresWorkStyle	workStyleRequiredBy
onet	Telemarketers	1.C.7.b	requiresWorkStyle	workStyleRequiredBy
onet	TelephoneOperators	1.C.1.a	requiresWorkStyle	workStyleRequiredBy
onet	TelephoneOperators	1.C.1.b	requiresWorkStyle	workStyleRequiredBy
onet	TelephoneOperators	1.C.1.c	requiresWorkStyle	workStyleRequiredBy
onet	TelephoneOperators	1.C.2.b	requiresWorkStyle	workStyleRequiredBy
onet	TelephoneOperators	1.C.3.a	requiresWorkStyle	workStyleRequiredBy
onet	TelephoneOperators	1.C.3.b	requiresWorkStyle	workStyleRequiredBy
onet	TelephoneOperators	1.C.3.c	requiresWorkStyle	workStyleRequiredBy
onet	TelephoneOperators	1.C.4.a	requiresWorkStyle	workStyleRequiredBy
onet	TelephoneOperators	1.C.4.b	requiresWorkStyle	workStyleRequiredBy
onet	TelephoneOperators	1.C.4.c	requiresWorkStyle	workStyleRequiredBy
onet	TelephoneOperators	1.C.5.a	requiresWorkStyle	workStyleRequiredBy
onet	TelephoneOperators	1.C.5.b	requiresWorkStyle	workStyleRequiredBy
onet	TelephoneOperators	1.C.5.c	requiresWorkStyle	workStyleRequiredBy
onet	TelephoneOperators	1.C.6	requiresWorkStyle	workStyleRequiredBy
onet	TelephoneOperators	1.C.7.a	requiresWorkStyle	workStyleRequiredBy
onet	TelephoneOperators	1.C.7.b	requiresWorkStyle	workStyleRequiredBy
onet	Tellers	1.C.1.a	requiresWorkStyle	workStyleRequiredBy
onet	Tellers	1.C.1.b	requiresWorkStyle	workStyleRequiredBy
onet	Tellers	1.C.1.c	requiresWorkStyle	workStyleRequiredBy
onet	Tellers	1.C.2.b	requiresWorkStyle	workStyleRequiredBy
onet	Tellers	1.C.3.a	requiresWorkStyle	workStyleRequiredBy
onet	Tellers	1.C.3.b	requiresWorkStyle	workStyleRequiredBy
onet	Tellers	1.C.3.c	requiresWorkStyle	workStyleRequiredBy
onet	Tellers	1.C.4.a	requiresWorkStyle	workStyleRequiredBy
onet	Tellers	1.C.4.b	requiresWorkStyle	workStyleRequiredBy
onet	Tellers	1.C.4.c	requiresWorkStyle	workStyleRequiredBy
onet	Tellers	1.C.5.a	requiresWorkStyle	workStyleRequiredBy
onet	Tellers	1.C.5.b	requiresWorkStyle	workStyleRequiredBy
onet	Tellers	1.C.5.c	requiresWorkStyle	workStyleRequiredBy
onet	Tellers	1.C.6	requiresWorkStyle	workStyleRequiredBy
onet	Tellers	1.C.7.a	requiresWorkStyle	workStyleRequiredBy
onet	Tellers	1.C.7.b	requiresWorkStyle	workStyleRequiredBy
onet	Tenders	1.C.1.a	requiresWorkStyle	workStyleRequiredBy
onet	Tenders	1.C.1.b	requiresWorkStyle	workStyleRequiredBy
onet	Tenders	1.C.1.c	requiresWorkStyle	workStyleRequiredBy
onet	Tenders	1.C.2.b	requiresWorkStyle	workStyleRequiredBy
onet	Tenders	1.C.3.a	requiresWorkStyle	workStyleRequiredBy
onet	Tenders	1.C.3.b	requiresWorkStyle	workStyleRequiredBy
onet	Tenders	1.C.3.c	requiresWorkStyle	workStyleRequiredBy
onet	Tenders	1.C.4.a	requiresWorkStyle	workStyleRequiredBy
onet	Tenders	1.C.4.b	requiresWorkStyle	workStyleRequiredBy
onet	Tenders	1.C.4.c	requiresWorkStyle	workStyleRequiredBy
onet	Tenders	1.C.5.a	requiresWorkStyle	workStyleRequiredBy
onet	Tenders	1.C.5.b	requiresWorkStyle	workStyleRequiredBy
onet	Tenders	1.C.5.c	requiresWorkStyle	workStyleRequiredBy
onet	Tenders	1.C.6	requiresWorkStyle	workStyleRequiredBy
onet	Tenders	1.C.7.a	requiresWorkStyle	workStyleRequiredBy
onet	Tenders	1.C.7.b	requiresWorkStyle	workStyleRequiredBy
onet	TendersWood	1.C.1.a	requiresWorkStyle	workStyleRequiredBy
onet	TendersWood	1.C.1.b	requiresWorkStyle	workStyleRequiredBy
onet	TendersWood	1.C.1.c	requiresWorkStyle	workStyleRequiredBy
onet	TendersWood	1.C.2.b	requiresWorkStyle	workStyleRequiredBy
onet	TendersWood	1.C.3.a	requiresWorkStyle	workStyleRequiredBy
onet	TendersWood	1.C.3.b	requiresWorkStyle	workStyleRequiredBy
onet	TendersWood	1.C.3.c	requiresWorkStyle	workStyleRequiredBy
onet	TendersWood	1.C.4.a	requiresWorkStyle	workStyleRequiredBy
onet	TendersWood	1.C.4.b	requiresWorkStyle	workStyleRequiredBy
onet	TendersWood	1.C.4.c	requiresWorkStyle	workStyleRequiredBy
onet	TendersWood	1.C.5.a	requiresWorkStyle	workStyleRequiredBy
onet	TendersWood	1.C.5.b	requiresWorkStyle	workStyleRequiredBy
onet	TendersWood	1.C.5.c	requiresWorkStyle	workStyleRequiredBy
onet	TendersWood	1.C.6	requiresWorkStyle	workStyleRequiredBy
onet	TendersWood	1.C.7.a	requiresWorkStyle	workStyleRequiredBy
onet	TendersWood	1.C.7.b	requiresWorkStyle	workStyleRequiredBy
onet	Testers	1.C.1.a	requiresWorkStyle	workStyleRequiredBy
onet	Testers	1.C.1.b	requiresWorkStyle	workStyleRequiredBy
onet	Testers	1.C.1.c	requiresWorkStyle	workStyleRequiredBy
onet	Testers	1.C.2.b	requiresWorkStyle	workStyleRequiredBy
onet	Testers	1.C.3.a	requiresWorkStyle	workStyleRequiredBy
onet	Testers	1.C.3.b	requiresWorkStyle	workStyleRequiredBy
onet	Testers	1.C.3.c	requiresWorkStyle	workStyleRequiredBy
onet	Testers	1.C.4.a	requiresWorkStyle	workStyleRequiredBy
onet	Testers	1.C.4.b	requiresWorkStyle	workStyleRequiredBy
onet	Testers	1.C.4.c	requiresWorkStyle	workStyleRequiredBy
onet	Testers	1.C.5.a	requiresWorkStyle	workStyleRequiredBy
onet	Testers	1.C.5.b	requiresWorkStyle	workStyleRequiredBy
onet	Testers	1.C.5.c	requiresWorkStyle	workStyleRequiredBy
onet	Testers	1.C.6	requiresWorkStyle	workStyleRequiredBy
onet	Testers	1.C.7.a	requiresWorkStyle	workStyleRequiredBy
onet	Testers	1.C.7.b	requiresWorkStyle	workStyleRequiredBy
onet	TicketTakers	1.C.1.a	requiresWorkStyle	workStyleRequiredBy
onet	TicketTakers	1.C.1.b	requiresWorkStyle	workStyleRequiredBy
onet	TicketTakers	1.C.1.c	requiresWorkStyle	workStyleRequiredBy
onet	TicketTakers	1.C.2.b	requiresWorkStyle	workStyleRequiredBy
onet	TicketTakers	1.C.3.a	requiresWorkStyle	workStyleRequiredBy
onet	TicketTakers	1.C.3.b	requiresWorkStyle	workStyleRequiredBy
onet	TicketTakers	1.C.3.c	requiresWorkStyle	workStyleRequiredBy
onet	TicketTakers	1.C.4.a	requiresWorkStyle	workStyleRequiredBy
onet	TicketTakers	1.C.4.b	requiresWorkStyle	workStyleRequiredBy
onet	TicketTakers	1.C.4.c	requiresWorkStyle	workStyleRequiredBy
onet	TicketTakers	1.C.5.a	requiresWorkStyle	workStyleRequiredBy
onet	TicketTakers	1.C.5.b	requiresWorkStyle	workStyleRequiredBy
onet	TicketTakers	1.C.5.c	requiresWorkStyle	workStyleRequiredBy
onet	TicketTakers	1.C.6	requiresWorkStyle	workStyleRequiredBy
onet	TicketTakers	1.C.7.a	requiresWorkStyle	workStyleRequiredBy
onet	TicketTakers	1.C.7.b	requiresWorkStyle	workStyleRequiredBy
onet	Timekeeping	1.C.1.a	requiresWorkStyle	workStyleRequiredBy
onet	Timekeeping	1.C.1.b	requiresWorkStyle	workStyleRequiredBy
onet	Timekeeping	1.C.1.c	requiresWorkStyle	workStyleRequiredBy
onet	Timekeeping	1.C.2.b	requiresWorkStyle	workStyleRequiredBy
onet	Timekeeping	1.C.3.a	requiresWorkStyle	workStyleRequiredBy
onet	Timekeeping	1.C.3.b	requiresWorkStyle	workStyleRequiredBy
onet	Timekeeping	1.C.3.c	requiresWorkStyle	workStyleRequiredBy
onet	Timekeeping	1.C.4.a	requiresWorkStyle	workStyleRequiredBy
onet	Timekeeping	1.C.4.b	requiresWorkStyle	workStyleRequiredBy
onet	Timekeeping	1.C.4.c	requiresWorkStyle	workStyleRequiredBy
onet	Timekeeping	1.C.5.a	requiresWorkStyle	workStyleRequiredBy
onet	Timekeeping	1.C.5.b	requiresWorkStyle	workStyleRequiredBy
onet	Timekeeping	1.C.5.c	requiresWorkStyle	workStyleRequiredBy
onet	Timekeeping	1.C.6	requiresWorkStyle	workStyleRequiredBy
onet	Timekeeping	1.C.7.a	requiresWorkStyle	workStyleRequiredBy
onet	Timekeeping	1.C.7.b	requiresWorkStyle	workStyleRequiredBy
onet	TimekeepingClerks	1.C.1.a	requiresWorkStyle	workStyleRequiredBy
onet	TimekeepingClerks	1.C.1.b	requiresWorkStyle	workStyleRequiredBy
onet	TimekeepingClerks	1.C.1.c	requiresWorkStyle	workStyleRequiredBy
onet	TimekeepingClerks	1.C.2.b	requiresWorkStyle	workStyleRequiredBy
onet	TimekeepingClerks	1.C.3.a	requiresWorkStyle	workStyleRequiredBy
onet	TimekeepingClerks	1.C.3.b	requiresWorkStyle	workStyleRequiredBy
onet	TimekeepingClerks	1.C.3.c	requiresWorkStyle	workStyleRequiredBy
onet	TimekeepingClerks	1.C.4.a	requiresWorkStyle	workStyleRequiredBy
onet	TimekeepingClerks	1.C.4.b	requiresWorkStyle	workStyleRequiredBy
onet	TimekeepingClerks	1.C.4.c	requiresWorkStyle	workStyleRequiredBy
onet	TimekeepingClerks	1.C.5.a	requiresWorkStyle	workStyleRequiredBy
onet	TimekeepingClerks	1.C.5.b	requiresWorkStyle	workStyleRequiredBy
onet	TimekeepingClerks	1.C.5.c	requiresWorkStyle	workStyleRequiredBy
onet	TimekeepingClerks	1.C.6	requiresWorkStyle	workStyleRequiredBy
onet	TimekeepingClerks	1.C.7.a	requiresWorkStyle	workStyleRequiredBy
onet	TimekeepingClerks	1.C.7.b	requiresWorkStyle	workStyleRequiredBy
onet	TireBuilders	1.C.1.a	requiresWorkStyle	workStyleRequiredBy
onet	TireBuilders	1.C.1.b	requiresWorkStyle	workStyleRequiredBy
onet	TireBuilders	1.C.1.c	requiresWorkStyle	workStyleRequiredBy
onet	TireBuilders	1.C.2.b	requiresWorkStyle	workStyleRequiredBy
onet	TireBuilders	1.C.3.a	requiresWorkStyle	workStyleRequiredBy
onet	TireBuilders	1.C.3.b	requiresWorkStyle	workStyleRequiredBy
onet	TireBuilders	1.C.3.c	requiresWorkStyle	workStyleRequiredBy
onet	TireBuilders	1.C.4.a	requiresWorkStyle	workStyleRequiredBy
onet	TireBuilders	1.C.4.b	requiresWorkStyle	workStyleRequiredBy
onet	TireBuilders	1.C.4.c	requiresWorkStyle	workStyleRequiredBy
onet	TireBuilders	1.C.5.a	requiresWorkStyle	workStyleRequiredBy
onet	TireBuilders	1.C.5.b	requiresWorkStyle	workStyleRequiredBy
onet	TireBuilders	1.C.5.c	requiresWorkStyle	workStyleRequiredBy
onet	TireBuilders	1.C.6	requiresWorkStyle	workStyleRequiredBy
onet	TireBuilders	1.C.7.a	requiresWorkStyle	workStyleRequiredBy
onet	TireBuilders	1.C.7.b	requiresWorkStyle	workStyleRequiredBy
onet	TowerOperators	1.C.1.a	requiresWorkStyle	workStyleRequiredBy
onet	TowerOperators	1.C.1.b	requiresWorkStyle	workStyleRequiredBy
onet	TowerOperators	1.C.1.c	requiresWorkStyle	workStyleRequiredBy
onet	TowerOperators	1.C.2.b	requiresWorkStyle	workStyleRequiredBy
onet	TowerOperators	1.C.3.a	requiresWorkStyle	workStyleRequiredBy
onet	TowerOperators	1.C.3.b	requiresWorkStyle	workStyleRequiredBy
onet	TowerOperators	1.C.3.c	requiresWorkStyle	workStyleRequiredBy
onet	TowerOperators	1.C.4.a	requiresWorkStyle	workStyleRequiredBy
onet	TowerOperators	1.C.4.b	requiresWorkStyle	workStyleRequiredBy
onet	TowerOperators	1.C.4.c	requiresWorkStyle	workStyleRequiredBy
onet	TowerOperators	1.C.5.a	requiresWorkStyle	workStyleRequiredBy
onet	TowerOperators	1.C.5.b	requiresWorkStyle	workStyleRequiredBy
onet	TowerOperators	1.C.5.c	requiresWorkStyle	workStyleRequiredBy
onet	TowerOperators	1.C.6	requiresWorkStyle	workStyleRequiredBy
onet	TowerOperators	1.C.7.a	requiresWorkStyle	workStyleRequiredBy
onet	TowerOperators	1.C.7.b	requiresWorkStyle	workStyleRequiredBy
onet	TrackSwitchRepairers	1.C.1.a	requiresWorkStyle	workStyleRequiredBy
onet	TrackSwitchRepairers	1.C.1.b	requiresWorkStyle	workStyleRequiredBy
onet	TrackSwitchRepairers	1.C.1.c	requiresWorkStyle	workStyleRequiredBy
onet	TrackSwitchRepairers	1.C.2.b	requiresWorkStyle	workStyleRequiredBy
onet	TrackSwitchRepairers	1.C.3.a	requiresWorkStyle	workStyleRequiredBy
onet	TrackSwitchRepairers	1.C.3.b	requiresWorkStyle	workStyleRequiredBy
onet	TrackSwitchRepairers	1.C.3.c	requiresWorkStyle	workStyleRequiredBy
onet	TrackSwitchRepairers	1.C.4.a	requiresWorkStyle	workStyleRequiredBy
onet	TrackSwitchRepairers	1.C.4.b	requiresWorkStyle	workStyleRequiredBy
onet	TrackSwitchRepairers	1.C.4.c	requiresWorkStyle	workStyleRequiredBy
onet	TrackSwitchRepairers	1.C.5.a	requiresWorkStyle	workStyleRequiredBy
onet	TrackSwitchRepairers	1.C.5.b	requiresWorkStyle	workStyleRequiredBy
onet	TrackSwitchRepairers	1.C.5.c	requiresWorkStyle	workStyleRequiredBy
onet	TrackSwitchRepairers	1.C.6	requiresWorkStyle	workStyleRequiredBy
onet	TrackSwitchRepairers	1.C.7.a	requiresWorkStyle	workStyleRequiredBy
onet	TrackSwitchRepairers	1.C.7.b	requiresWorkStyle	workStyleRequiredBy
onet	TractorOperators	1.C.1.a	requiresWorkStyle	workStyleRequiredBy
onet	TractorOperators	1.C.1.b	requiresWorkStyle	workStyleRequiredBy
onet	TractorOperators	1.C.1.c	requiresWorkStyle	workStyleRequiredBy
onet	TractorOperators	1.C.2.b	requiresWorkStyle	workStyleRequiredBy
onet	TractorOperators	1.C.3.a	requiresWorkStyle	workStyleRequiredBy
onet	TractorOperators	1.C.3.b	requiresWorkStyle	workStyleRequiredBy
onet	TractorOperators	1.C.3.c	requiresWorkStyle	workStyleRequiredBy
onet	TractorOperators	1.C.4.a	requiresWorkStyle	workStyleRequiredBy
onet	TractorOperators	1.C.4.b	requiresWorkStyle	workStyleRequiredBy
onet	TractorOperators	1.C.4.c	requiresWorkStyle	workStyleRequiredBy
onet	TractorOperators	1.C.5.a	requiresWorkStyle	workStyleRequiredBy
onet	TractorOperators	1.C.5.b	requiresWorkStyle	workStyleRequiredBy
onet	TractorOperators	1.C.5.c	requiresWorkStyle	workStyleRequiredBy
onet	TractorOperators	1.C.6	requiresWorkStyle	workStyleRequiredBy
onet	TractorOperators	1.C.7.a	requiresWorkStyle	workStyleRequiredBy
onet	TractorOperators	1.C.7.b	requiresWorkStyle	workStyleRequiredBy
onet	TractorTrailerTruckDrivers	1.C.1.a	requiresWorkStyle	workStyleRequiredBy
onet	TractorTrailerTruckDrivers	1.C.1.b	requiresWorkStyle	workStyleRequiredBy
onet	TractorTrailerTruckDrivers	1.C.1.c	requiresWorkStyle	workStyleRequiredBy
onet	TractorTrailerTruckDrivers	1.C.2.b	requiresWorkStyle	workStyleRequiredBy
onet	TractorTrailerTruckDrivers	1.C.3.a	requiresWorkStyle	workStyleRequiredBy
onet	TractorTrailerTruckDrivers	1.C.3.b	requiresWorkStyle	workStyleRequiredBy
onet	TractorTrailerTruckDrivers	1.C.3.c	requiresWorkStyle	workStyleRequiredBy
onet	TractorTrailerTruckDrivers	1.C.4.a	requiresWorkStyle	workStyleRequiredBy
onet	TractorTrailerTruckDrivers	1.C.4.b	requiresWorkStyle	workStyleRequiredBy
onet	TractorTrailerTruckDrivers	1.C.4.c	requiresWorkStyle	workStyleRequiredBy
onet	TractorTrailerTruckDrivers	1.C.5.a	requiresWorkStyle	workStyleRequiredBy
onet	TractorTrailerTruckDrivers	1.C.5.b	requiresWorkStyle	workStyleRequiredBy
onet	TractorTrailerTruckDrivers	1.C.5.c	requiresWorkStyle	workStyleRequiredBy
onet	TractorTrailerTruckDrivers	1.C.6	requiresWorkStyle	workStyleRequiredBy
onet	TractorTrailerTruckDrivers	1.C.7.a	requiresWorkStyle	workStyleRequiredBy
onet	TractorTrailerTruckDrivers	1.C.7.b	requiresWorkStyle	workStyleRequiredBy
onet	TrafficTechnicians	1.C.1.a	requiresWorkStyle	workStyleRequiredBy
onet	TrafficTechnicians	1.C.1.b	requiresWorkStyle	workStyleRequiredBy
onet	TrafficTechnicians	1.C.1.c	requiresWorkStyle	workStyleRequiredBy
onet	TrafficTechnicians	1.C.2.b	requiresWorkStyle	workStyleRequiredBy
onet	TrafficTechnicians	1.C.3.a	requiresWorkStyle	workStyleRequiredBy
onet	TrafficTechnicians	1.C.3.b	requiresWorkStyle	workStyleRequiredBy
onet	TrafficTechnicians	1.C.3.c	requiresWorkStyle	workStyleRequiredBy
onet	TrafficTechnicians	1.C.4.a	requiresWorkStyle	workStyleRequiredBy
onet	TrafficTechnicians	1.C.4.b	requiresWorkStyle	workStyleRequiredBy
onet	TrafficTechnicians	1.C.4.c	requiresWorkStyle	workStyleRequiredBy
onet	TrafficTechnicians	1.C.5.a	requiresWorkStyle	workStyleRequiredBy
onet	TrafficTechnicians	1.C.5.b	requiresWorkStyle	workStyleRequiredBy
onet	TrafficTechnicians	1.C.5.c	requiresWorkStyle	workStyleRequiredBy
onet	TrafficTechnicians	1.C.6	requiresWorkStyle	workStyleRequiredBy
onet	TrafficTechnicians	1.C.7.a	requiresWorkStyle	workStyleRequiredBy
onet	TrafficTechnicians	1.C.7.b	requiresWorkStyle	workStyleRequiredBy
onet	Translators	1.C.1.a	requiresWorkStyle	workStyleRequiredBy
onet	Translators	1.C.1.b	requiresWorkStyle	workStyleRequiredBy
onet	Translators	1.C.1.c	requiresWorkStyle	workStyleRequiredBy
onet	Translators	1.C.2.b	requiresWorkStyle	workStyleRequiredBy
onet	Translators	1.C.3.a	requiresWorkStyle	workStyleRequiredBy
onet	Translators	1.C.3.b	requiresWorkStyle	workStyleRequiredBy
onet	Translators	1.C.3.c	requiresWorkStyle	workStyleRequiredBy
onet	Translators	1.C.4.a	requiresWorkStyle	workStyleRequiredBy
onet	Translators	1.C.4.b	requiresWorkStyle	workStyleRequiredBy
onet	Translators	1.C.4.c	requiresWorkStyle	workStyleRequiredBy
onet	Translators	1.C.5.a	requiresWorkStyle	workStyleRequiredBy
onet	Translators	1.C.5.b	requiresWorkStyle	workStyleRequiredBy
onet	Translators	1.C.5.c	requiresWorkStyle	workStyleRequiredBy
onet	Translators	1.C.6	requiresWorkStyle	workStyleRequiredBy
onet	Translators	1.C.7.a	requiresWorkStyle	workStyleRequiredBy
onet	Translators	1.C.7.b	requiresWorkStyle	workStyleRequiredBy
onet	TransportationEngineers	1.C.1.a	requiresWorkStyle	workStyleRequiredBy
onet	TransportationEngineers	1.C.1.b	requiresWorkStyle	workStyleRequiredBy
onet	TransportationEngineers	1.C.1.c	requiresWorkStyle	workStyleRequiredBy
onet	TransportationEngineers	1.C.2.b	requiresWorkStyle	workStyleRequiredBy
onet	TransportationEngineers	1.C.3.a	requiresWorkStyle	workStyleRequiredBy
onet	TransportationEngineers	1.C.3.b	requiresWorkStyle	workStyleRequiredBy
onet	TransportationEngineers	1.C.3.c	requiresWorkStyle	workStyleRequiredBy
onet	TransportationEngineers	1.C.4.a	requiresWorkStyle	workStyleRequiredBy
onet	TransportationEngineers	1.C.4.b	requiresWorkStyle	workStyleRequiredBy
onet	TransportationEngineers	1.C.4.c	requiresWorkStyle	workStyleRequiredBy
onet	TransportationEngineers	1.C.5.a	requiresWorkStyle	workStyleRequiredBy
onet	TransportationEngineers	1.C.5.b	requiresWorkStyle	workStyleRequiredBy
onet	TransportationEngineers	1.C.5.c	requiresWorkStyle	workStyleRequiredBy
onet	TransportationEngineers	1.C.6	requiresWorkStyle	workStyleRequiredBy
onet	TransportationEngineers	1.C.7.a	requiresWorkStyle	workStyleRequiredBy
onet	TransportationEngineers	1.C.7.b	requiresWorkStyle	workStyleRequiredBy
onet	TransportationInspectors	1.C.1.a	requiresWorkStyle	workStyleRequiredBy
onet	TransportationInspectors	1.C.1.b	requiresWorkStyle	workStyleRequiredBy
onet	TransportationInspectors	1.C.1.c	requiresWorkStyle	workStyleRequiredBy
onet	TransportationInspectors	1.C.2.b	requiresWorkStyle	workStyleRequiredBy
onet	TransportationInspectors	1.C.3.a	requiresWorkStyle	workStyleRequiredBy
onet	TransportationInspectors	1.C.3.b	requiresWorkStyle	workStyleRequiredBy
onet	TransportationInspectors	1.C.3.c	requiresWorkStyle	workStyleRequiredBy
onet	TransportationInspectors	1.C.4.a	requiresWorkStyle	workStyleRequiredBy
onet	TransportationInspectors	1.C.4.b	requiresWorkStyle	workStyleRequiredBy
onet	TransportationInspectors	1.C.4.c	requiresWorkStyle	workStyleRequiredBy
onet	TransportationInspectors	1.C.5.a	requiresWorkStyle	workStyleRequiredBy
onet	TransportationInspectors	1.C.5.b	requiresWorkStyle	workStyleRequiredBy
onet	TransportationInspectors	1.C.5.c	requiresWorkStyle	workStyleRequiredBy
onet	TransportationInspectors	1.C.6	requiresWorkStyle	workStyleRequiredBy
onet	TransportationInspectors	1.C.7.a	requiresWorkStyle	workStyleRequiredBy
onet	TransportationInspectors	1.C.7.b	requiresWorkStyle	workStyleRequiredBy
onet	TransportationPlanners	1.C.1.a	requiresWorkStyle	workStyleRequiredBy
onet	TransportationPlanners	1.C.1.b	requiresWorkStyle	workStyleRequiredBy
onet	TransportationPlanners	1.C.1.c	requiresWorkStyle	workStyleRequiredBy
onet	TransportationPlanners	1.C.2.b	requiresWorkStyle	workStyleRequiredBy
onet	TransportationPlanners	1.C.3.a	requiresWorkStyle	workStyleRequiredBy
onet	TransportationPlanners	1.C.3.b	requiresWorkStyle	workStyleRequiredBy
onet	TransportationPlanners	1.C.3.c	requiresWorkStyle	workStyleRequiredBy
onet	TransportationPlanners	1.C.4.a	requiresWorkStyle	workStyleRequiredBy
onet	TransportationPlanners	1.C.4.b	requiresWorkStyle	workStyleRequiredBy
onet	TransportationPlanners	1.C.4.c	requiresWorkStyle	workStyleRequiredBy
onet	TransportationPlanners	1.C.5.a	requiresWorkStyle	workStyleRequiredBy
onet	TransportationPlanners	1.C.5.b	requiresWorkStyle	workStyleRequiredBy
onet	TransportationPlanners	1.C.5.c	requiresWorkStyle	workStyleRequiredBy
onet	TransportationPlanners	1.C.6	requiresWorkStyle	workStyleRequiredBy
onet	TransportationPlanners	1.C.7.a	requiresWorkStyle	workStyleRequiredBy
onet	TransportationPlanners	1.C.7.b	requiresWorkStyle	workStyleRequiredBy
onet	TransportationSecurityScreeners	1.C.1.a	requiresWorkStyle	workStyleRequiredBy
onet	TransportationSecurityScreeners	1.C.1.b	requiresWorkStyle	workStyleRequiredBy
onet	TransportationSecurityScreeners	1.C.1.c	requiresWorkStyle	workStyleRequiredBy
onet	TransportationSecurityScreeners	1.C.2.b	requiresWorkStyle	workStyleRequiredBy
onet	TransportationSecurityScreeners	1.C.3.a	requiresWorkStyle	workStyleRequiredBy
onet	TransportationSecurityScreeners	1.C.3.b	requiresWorkStyle	workStyleRequiredBy
onet	TransportationSecurityScreeners	1.C.3.c	requiresWorkStyle	workStyleRequiredBy
onet	TransportationSecurityScreeners	1.C.4.a	requiresWorkStyle	workStyleRequiredBy
onet	TransportationSecurityScreeners	1.C.4.b	requiresWorkStyle	workStyleRequiredBy
onet	TransportationSecurityScreeners	1.C.4.c	requiresWorkStyle	workStyleRequiredBy
onet	TransportationSecurityScreeners	1.C.5.a	requiresWorkStyle	workStyleRequiredBy
onet	TransportationSecurityScreeners	1.C.5.b	requiresWorkStyle	workStyleRequiredBy
onet	TransportationSecurityScreeners	1.C.5.c	requiresWorkStyle	workStyleRequiredBy
onet	TransportationSecurityScreeners	1.C.6	requiresWorkStyle	workStyleRequiredBy
onet	TransportationSecurityScreeners	1.C.7.a	requiresWorkStyle	workStyleRequiredBy
onet	TransportationSecurityScreeners	1.C.7.b	requiresWorkStyle	workStyleRequiredBy
onet	TravelAgents	1.C.1.a	requiresWorkStyle	workStyleRequiredBy
onet	TravelAgents	1.C.1.b	requiresWorkStyle	workStyleRequiredBy
onet	TravelAgents	1.C.1.c	requiresWorkStyle	workStyleRequiredBy
onet	TravelAgents	1.C.2.b	requiresWorkStyle	workStyleRequiredBy
onet	TravelAgents	1.C.3.a	requiresWorkStyle	workStyleRequiredBy
onet	TravelAgents	1.C.3.b	requiresWorkStyle	workStyleRequiredBy
onet	TravelAgents	1.C.3.c	requiresWorkStyle	workStyleRequiredBy
onet	TravelAgents	1.C.4.a	requiresWorkStyle	workStyleRequiredBy
onet	TravelAgents	1.C.4.b	requiresWorkStyle	workStyleRequiredBy
onet	TravelAgents	1.C.4.c	requiresWorkStyle	workStyleRequiredBy
onet	TravelAgents	1.C.5.a	requiresWorkStyle	workStyleRequiredBy
onet	TravelAgents	1.C.5.b	requiresWorkStyle	workStyleRequiredBy
onet	TravelAgents	1.C.5.c	requiresWorkStyle	workStyleRequiredBy
onet	TravelAgents	1.C.6	requiresWorkStyle	workStyleRequiredBy
onet	TravelAgents	1.C.7.a	requiresWorkStyle	workStyleRequiredBy
onet	TravelAgents	1.C.7.b	requiresWorkStyle	workStyleRequiredBy
onet	TravelClerks	1.C.1.a	requiresWorkStyle	workStyleRequiredBy
onet	TravelClerks	1.C.1.b	requiresWorkStyle	workStyleRequiredBy
onet	TravelClerks	1.C.1.c	requiresWorkStyle	workStyleRequiredBy
onet	TravelClerks	1.C.2.b	requiresWorkStyle	workStyleRequiredBy
onet	TravelClerks	1.C.3.a	requiresWorkStyle	workStyleRequiredBy
onet	TravelClerks	1.C.3.b	requiresWorkStyle	workStyleRequiredBy
onet	TravelClerks	1.C.3.c	requiresWorkStyle	workStyleRequiredBy
onet	TravelClerks	1.C.4.a	requiresWorkStyle	workStyleRequiredBy
onet	TravelClerks	1.C.4.b	requiresWorkStyle	workStyleRequiredBy
onet	TravelClerks	1.C.4.c	requiresWorkStyle	workStyleRequiredBy
onet	TravelClerks	1.C.5.a	requiresWorkStyle	workStyleRequiredBy
onet	TravelClerks	1.C.5.b	requiresWorkStyle	workStyleRequiredBy
onet	TravelClerks	1.C.5.c	requiresWorkStyle	workStyleRequiredBy
onet	TravelClerks	1.C.6	requiresWorkStyle	workStyleRequiredBy
onet	TravelClerks	1.C.7.a	requiresWorkStyle	workStyleRequiredBy
onet	TravelClerks	1.C.7.b	requiresWorkStyle	workStyleRequiredBy
onet	TravelGuides	1.C.1.a	requiresWorkStyle	workStyleRequiredBy
onet	TravelGuides	1.C.1.b	requiresWorkStyle	workStyleRequiredBy
onet	TravelGuides	1.C.1.c	requiresWorkStyle	workStyleRequiredBy
onet	TravelGuides	1.C.2.b	requiresWorkStyle	workStyleRequiredBy
onet	TravelGuides	1.C.3.a	requiresWorkStyle	workStyleRequiredBy
onet	TravelGuides	1.C.3.b	requiresWorkStyle	workStyleRequiredBy
onet	TravelGuides	1.C.3.c	requiresWorkStyle	workStyleRequiredBy
onet	TravelGuides	1.C.4.a	requiresWorkStyle	workStyleRequiredBy
onet	TravelGuides	1.C.4.b	requiresWorkStyle	workStyleRequiredBy
onet	TravelGuides	1.C.4.c	requiresWorkStyle	workStyleRequiredBy
onet	TravelGuides	1.C.5.a	requiresWorkStyle	workStyleRequiredBy
onet	TravelGuides	1.C.5.b	requiresWorkStyle	workStyleRequiredBy
onet	TravelGuides	1.C.5.c	requiresWorkStyle	workStyleRequiredBy
onet	TravelGuides	1.C.6	requiresWorkStyle	workStyleRequiredBy
onet	TravelGuides	1.C.7.a	requiresWorkStyle	workStyleRequiredBy
onet	TravelGuides	1.C.7.b	requiresWorkStyle	workStyleRequiredBy
onet	Trimmers	1.C.1.a	requiresWorkStyle	workStyleRequiredBy
onet	Trimmers	1.C.1.b	requiresWorkStyle	workStyleRequiredBy
onet	Trimmers	1.C.1.c	requiresWorkStyle	workStyleRequiredBy
onet	Trimmers	1.C.2.b	requiresWorkStyle	workStyleRequiredBy
onet	Trimmers	1.C.3.a	requiresWorkStyle	workStyleRequiredBy
onet	Trimmers	1.C.3.b	requiresWorkStyle	workStyleRequiredBy
onet	Trimmers	1.C.3.c	requiresWorkStyle	workStyleRequiredBy
onet	Trimmers	1.C.4.a	requiresWorkStyle	workStyleRequiredBy
onet	Trimmers	1.C.4.b	requiresWorkStyle	workStyleRequiredBy
onet	Trimmers	1.C.4.c	requiresWorkStyle	workStyleRequiredBy
onet	Trimmers	1.C.5.a	requiresWorkStyle	workStyleRequiredBy
onet	Trimmers	1.C.5.b	requiresWorkStyle	workStyleRequiredBy
onet	Trimmers	1.C.5.c	requiresWorkStyle	workStyleRequiredBy
onet	Trimmers	1.C.6	requiresWorkStyle	workStyleRequiredBy
onet	Trimmers	1.C.7.a	requiresWorkStyle	workStyleRequiredBy
onet	Trimmers	1.C.7.b	requiresWorkStyle	workStyleRequiredBy
onet	TrimmersHand	1.C.1.a	requiresWorkStyle	workStyleRequiredBy
onet	TrimmersHand	1.C.1.b	requiresWorkStyle	workStyleRequiredBy
onet	TrimmersHand	1.C.1.c	requiresWorkStyle	workStyleRequiredBy
onet	TrimmersHand	1.C.2.b	requiresWorkStyle	workStyleRequiredBy
onet	TrimmersHand	1.C.3.a	requiresWorkStyle	workStyleRequiredBy
onet	TrimmersHand	1.C.3.b	requiresWorkStyle	workStyleRequiredBy
onet	TrimmersHand	1.C.3.c	requiresWorkStyle	workStyleRequiredBy
onet	TrimmersHand	1.C.4.a	requiresWorkStyle	workStyleRequiredBy
onet	TrimmersHand	1.C.4.b	requiresWorkStyle	workStyleRequiredBy
onet	TrimmersHand	1.C.4.c	requiresWorkStyle	workStyleRequiredBy
onet	TrimmersHand	1.C.5.a	requiresWorkStyle	workStyleRequiredBy
onet	TrimmersHand	1.C.5.b	requiresWorkStyle	workStyleRequiredBy
onet	TrimmersHand	1.C.5.c	requiresWorkStyle	workStyleRequiredBy
onet	TrimmersHand	1.C.6	requiresWorkStyle	workStyleRequiredBy
onet	TrimmersHand	1.C.7.a	requiresWorkStyle	workStyleRequiredBy
onet	TrimmersHand	1.C.7.b	requiresWorkStyle	workStyleRequiredBy
onet	Tuners	1.C.1.a	requiresWorkStyle	workStyleRequiredBy
onet	Tuners	1.C.1.b	requiresWorkStyle	workStyleRequiredBy
onet	Tuners	1.C.1.c	requiresWorkStyle	workStyleRequiredBy
onet	Tuners	1.C.2.b	requiresWorkStyle	workStyleRequiredBy
onet	Tuners	1.C.3.a	requiresWorkStyle	workStyleRequiredBy
onet	Tuners	1.C.3.b	requiresWorkStyle	workStyleRequiredBy
onet	Tuners	1.C.3.c	requiresWorkStyle	workStyleRequiredBy
onet	Tuners	1.C.4.a	requiresWorkStyle	workStyleRequiredBy
onet	Tuners	1.C.4.b	requiresWorkStyle	workStyleRequiredBy
onet	Tuners	1.C.4.c	requiresWorkStyle	workStyleRequiredBy
onet	Tuners	1.C.5.a	requiresWorkStyle	workStyleRequiredBy
onet	Tuners	1.C.5.b	requiresWorkStyle	workStyleRequiredBy
onet	Tuners	1.C.5.c	requiresWorkStyle	workStyleRequiredBy
onet	Tuners	1.C.6	requiresWorkStyle	workStyleRequiredBy
onet	Tuners	1.C.7.a	requiresWorkStyle	workStyleRequiredBy
onet	Tuners	1.C.7.b	requiresWorkStyle	workStyleRequiredBy
onet	Tutors	1.C.1.a	requiresWorkStyle	workStyleRequiredBy
onet	Tutors	1.C.1.b	requiresWorkStyle	workStyleRequiredBy
onet	Tutors	1.C.1.c	requiresWorkStyle	workStyleRequiredBy
onet	Tutors	1.C.2.b	requiresWorkStyle	workStyleRequiredBy
onet	Tutors	1.C.3.a	requiresWorkStyle	workStyleRequiredBy
onet	Tutors	1.C.3.b	requiresWorkStyle	workStyleRequiredBy
onet	Tutors	1.C.3.c	requiresWorkStyle	workStyleRequiredBy
onet	Tutors	1.C.4.a	requiresWorkStyle	workStyleRequiredBy
onet	Tutors	1.C.4.b	requiresWorkStyle	workStyleRequiredBy
onet	Tutors	1.C.4.c	requiresWorkStyle	workStyleRequiredBy
onet	Tutors	1.C.5.a	requiresWorkStyle	workStyleRequiredBy
onet	Tutors	1.C.5.b	requiresWorkStyle	workStyleRequiredBy
onet	Tutors	1.C.5.c	requiresWorkStyle	workStyleRequiredBy
onet	Tutors	1.C.6	requiresWorkStyle	workStyleRequiredBy
onet	Tutors	1.C.7.a	requiresWorkStyle	workStyleRequiredBy
onet	Tutors	1.C.7.b	requiresWorkStyle	workStyleRequiredBy
onet	Typists	1.C.1.a	requiresWorkStyle	workStyleRequiredBy
onet	Typists	1.C.1.b	requiresWorkStyle	workStyleRequiredBy
onet	Typists	1.C.1.c	requiresWorkStyle	workStyleRequiredBy
onet	Typists	1.C.2.b	requiresWorkStyle	workStyleRequiredBy
onet	Typists	1.C.3.a	requiresWorkStyle	workStyleRequiredBy
onet	Typists	1.C.3.b	requiresWorkStyle	workStyleRequiredBy
onet	Typists	1.C.3.c	requiresWorkStyle	workStyleRequiredBy
onet	Typists	1.C.4.a	requiresWorkStyle	workStyleRequiredBy
onet	Typists	1.C.4.b	requiresWorkStyle	workStyleRequiredBy
onet	Typists	1.C.4.c	requiresWorkStyle	workStyleRequiredBy
onet	Typists	1.C.5.a	requiresWorkStyle	workStyleRequiredBy
onet	Typists	1.C.5.b	requiresWorkStyle	workStyleRequiredBy
onet	Typists	1.C.5.c	requiresWorkStyle	workStyleRequiredBy
onet	Typists	1.C.6	requiresWorkStyle	workStyleRequiredBy
onet	Typists	1.C.7.a	requiresWorkStyle	workStyleRequiredBy
onet	Typists	1.C.7.b	requiresWorkStyle	workStyleRequiredBy
onet	Upholsterers	1.C.1.a	requiresWorkStyle	workStyleRequiredBy
onet	Upholsterers	1.C.1.b	requiresWorkStyle	workStyleRequiredBy
onet	Upholsterers	1.C.1.c	requiresWorkStyle	workStyleRequiredBy
onet	Upholsterers	1.C.2.b	requiresWorkStyle	workStyleRequiredBy
onet	Upholsterers	1.C.3.a	requiresWorkStyle	workStyleRequiredBy
onet	Upholsterers	1.C.3.b	requiresWorkStyle	workStyleRequiredBy
onet	Upholsterers	1.C.3.c	requiresWorkStyle	workStyleRequiredBy
onet	Upholsterers	1.C.4.a	requiresWorkStyle	workStyleRequiredBy
onet	Upholsterers	1.C.4.b	requiresWorkStyle	workStyleRequiredBy
onet	Upholsterers	1.C.4.c	requiresWorkStyle	workStyleRequiredBy
onet	Upholsterers	1.C.5.a	requiresWorkStyle	workStyleRequiredBy
onet	Upholsterers	1.C.5.b	requiresWorkStyle	workStyleRequiredBy
onet	Upholsterers	1.C.5.c	requiresWorkStyle	workStyleRequiredBy
onet	Upholsterers	1.C.6	requiresWorkStyle	workStyleRequiredBy
onet	Upholsterers	1.C.7.a	requiresWorkStyle	workStyleRequiredBy
onet	Upholsterers	1.C.7.b	requiresWorkStyle	workStyleRequiredBy
onet	Urologists	1.C.1.a	requiresWorkStyle	workStyleRequiredBy
onet	Urologists	1.C.1.b	requiresWorkStyle	workStyleRequiredBy
onet	Urologists	1.C.1.c	requiresWorkStyle	workStyleRequiredBy
onet	Urologists	1.C.2.b	requiresWorkStyle	workStyleRequiredBy
onet	Urologists	1.C.3.a	requiresWorkStyle	workStyleRequiredBy
onet	Urologists	1.C.3.b	requiresWorkStyle	workStyleRequiredBy
onet	Urologists	1.C.3.c	requiresWorkStyle	workStyleRequiredBy
onet	Urologists	1.C.4.a	requiresWorkStyle	workStyleRequiredBy
onet	Urologists	1.C.4.b	requiresWorkStyle	workStyleRequiredBy
onet	Urologists	1.C.4.c	requiresWorkStyle	workStyleRequiredBy
onet	Urologists	1.C.5.a	requiresWorkStyle	workStyleRequiredBy
onet	Urologists	1.C.5.b	requiresWorkStyle	workStyleRequiredBy
onet	Urologists	1.C.5.c	requiresWorkStyle	workStyleRequiredBy
onet	Urologists	1.C.6	requiresWorkStyle	workStyleRequiredBy
onet	Urologists	1.C.7.a	requiresWorkStyle	workStyleRequiredBy
onet	Urologists	1.C.7.b	requiresWorkStyle	workStyleRequiredBy
onet	ValidationEngineers	1.C.1.a	requiresWorkStyle	workStyleRequiredBy
onet	ValidationEngineers	1.C.1.b	requiresWorkStyle	workStyleRequiredBy
onet	ValidationEngineers	1.C.1.c	requiresWorkStyle	workStyleRequiredBy
onet	ValidationEngineers	1.C.2.b	requiresWorkStyle	workStyleRequiredBy
onet	ValidationEngineers	1.C.3.a	requiresWorkStyle	workStyleRequiredBy
onet	ValidationEngineers	1.C.3.b	requiresWorkStyle	workStyleRequiredBy
onet	ValidationEngineers	1.C.3.c	requiresWorkStyle	workStyleRequiredBy
onet	ValidationEngineers	1.C.4.a	requiresWorkStyle	workStyleRequiredBy
onet	ValidationEngineers	1.C.4.b	requiresWorkStyle	workStyleRequiredBy
onet	ValidationEngineers	1.C.4.c	requiresWorkStyle	workStyleRequiredBy
onet	ValidationEngineers	1.C.5.a	requiresWorkStyle	workStyleRequiredBy
onet	ValidationEngineers	1.C.5.b	requiresWorkStyle	workStyleRequiredBy
onet	ValidationEngineers	1.C.5.c	requiresWorkStyle	workStyleRequiredBy
onet	ValidationEngineers	1.C.6	requiresWorkStyle	workStyleRequiredBy
onet	ValidationEngineers	1.C.7.a	requiresWorkStyle	workStyleRequiredBy
onet	ValidationEngineers	1.C.7.b	requiresWorkStyle	workStyleRequiredBy
onet	VehicleOperators	1.C.1.a	requiresWorkStyle	workStyleRequiredBy
onet	VehicleOperators	1.C.1.b	requiresWorkStyle	workStyleRequiredBy
onet	VehicleOperators	1.C.1.c	requiresWorkStyle	workStyleRequiredBy
onet	VehicleOperators	1.C.2.b	requiresWorkStyle	workStyleRequiredBy
onet	VehicleOperators	1.C.3.a	requiresWorkStyle	workStyleRequiredBy
onet	VehicleOperators	1.C.3.b	requiresWorkStyle	workStyleRequiredBy
onet	VehicleOperators	1.C.3.c	requiresWorkStyle	workStyleRequiredBy
onet	VehicleOperators	1.C.4.a	requiresWorkStyle	workStyleRequiredBy
onet	VehicleOperators	1.C.4.b	requiresWorkStyle	workStyleRequiredBy
onet	VehicleOperators	1.C.4.c	requiresWorkStyle	workStyleRequiredBy
onet	VehicleOperators	1.C.5.a	requiresWorkStyle	workStyleRequiredBy
onet	VehicleOperators	1.C.5.b	requiresWorkStyle	workStyleRequiredBy
onet	VehicleOperators	1.C.5.c	requiresWorkStyle	workStyleRequiredBy
onet	VehicleOperators	1.C.6	requiresWorkStyle	workStyleRequiredBy
onet	VehicleOperators	1.C.7.a	requiresWorkStyle	workStyleRequiredBy
onet	VehicleOperators	1.C.7.b	requiresWorkStyle	workStyleRequiredBy
onet	Veterinarians	1.C.1.a	requiresWorkStyle	workStyleRequiredBy
onet	Veterinarians	1.C.1.b	requiresWorkStyle	workStyleRequiredBy
onet	Veterinarians	1.C.1.c	requiresWorkStyle	workStyleRequiredBy
onet	Veterinarians	1.C.2.b	requiresWorkStyle	workStyleRequiredBy
onet	Veterinarians	1.C.3.a	requiresWorkStyle	workStyleRequiredBy
onet	Veterinarians	1.C.3.b	requiresWorkStyle	workStyleRequiredBy
onet	Veterinarians	1.C.3.c	requiresWorkStyle	workStyleRequiredBy
onet	Veterinarians	1.C.4.a	requiresWorkStyle	workStyleRequiredBy
onet	Veterinarians	1.C.4.b	requiresWorkStyle	workStyleRequiredBy
onet	Veterinarians	1.C.4.c	requiresWorkStyle	workStyleRequiredBy
onet	Veterinarians	1.C.5.a	requiresWorkStyle	workStyleRequiredBy
onet	Veterinarians	1.C.5.b	requiresWorkStyle	workStyleRequiredBy
onet	Veterinarians	1.C.5.c	requiresWorkStyle	workStyleRequiredBy
onet	Veterinarians	1.C.6	requiresWorkStyle	workStyleRequiredBy
onet	Veterinarians	1.C.7.a	requiresWorkStyle	workStyleRequiredBy
onet	Veterinarians	1.C.7.b	requiresWorkStyle	workStyleRequiredBy
onet	VideoEditors	1.C.1.a	requiresWorkStyle	workStyleRequiredBy
onet	VideoEditors	1.C.1.b	requiresWorkStyle	workStyleRequiredBy
onet	VideoEditors	1.C.1.c	requiresWorkStyle	workStyleRequiredBy
onet	VideoEditors	1.C.2.b	requiresWorkStyle	workStyleRequiredBy
onet	VideoEditors	1.C.3.a	requiresWorkStyle	workStyleRequiredBy
onet	VideoEditors	1.C.3.b	requiresWorkStyle	workStyleRequiredBy
onet	VideoEditors	1.C.3.c	requiresWorkStyle	workStyleRequiredBy
onet	VideoEditors	1.C.4.a	requiresWorkStyle	workStyleRequiredBy
onet	VideoEditors	1.C.4.b	requiresWorkStyle	workStyleRequiredBy
onet	VideoEditors	1.C.4.c	requiresWorkStyle	workStyleRequiredBy
onet	VideoEditors	1.C.5.a	requiresWorkStyle	workStyleRequiredBy
onet	VideoEditors	1.C.5.b	requiresWorkStyle	workStyleRequiredBy
onet	VideoEditors	1.C.5.c	requiresWorkStyle	workStyleRequiredBy
onet	VideoEditors	1.C.6	requiresWorkStyle	workStyleRequiredBy
onet	VideoEditors	1.C.7.a	requiresWorkStyle	workStyleRequiredBy
onet	VideoEditors	1.C.7.b	requiresWorkStyle	workStyleRequiredBy
onet	VideoGameDesigners	1.C.1.a	requiresWorkStyle	workStyleRequiredBy
onet	VideoGameDesigners	1.C.1.b	requiresWorkStyle	workStyleRequiredBy
onet	VideoGameDesigners	1.C.1.c	requiresWorkStyle	workStyleRequiredBy
onet	VideoGameDesigners	1.C.2.b	requiresWorkStyle	workStyleRequiredBy
onet	VideoGameDesigners	1.C.3.a	requiresWorkStyle	workStyleRequiredBy
onet	VideoGameDesigners	1.C.3.b	requiresWorkStyle	workStyleRequiredBy
onet	VideoGameDesigners	1.C.3.c	requiresWorkStyle	workStyleRequiredBy
onet	VideoGameDesigners	1.C.4.a	requiresWorkStyle	workStyleRequiredBy
onet	VideoGameDesigners	1.C.4.b	requiresWorkStyle	workStyleRequiredBy
onet	VideoGameDesigners	1.C.4.c	requiresWorkStyle	workStyleRequiredBy
onet	VideoGameDesigners	1.C.5.a	requiresWorkStyle	workStyleRequiredBy
onet	VideoGameDesigners	1.C.5.b	requiresWorkStyle	workStyleRequiredBy
onet	VideoGameDesigners	1.C.5.c	requiresWorkStyle	workStyleRequiredBy
onet	VideoGameDesigners	1.C.6	requiresWorkStyle	workStyleRequiredBy
onet	VideoGameDesigners	1.C.7.a	requiresWorkStyle	workStyleRequiredBy
onet	VideoGameDesigners	1.C.7.b	requiresWorkStyle	workStyleRequiredBy
onet	VideoTechnicians	1.C.1.a	requiresWorkStyle	workStyleRequiredBy
onet	VideoTechnicians	1.C.1.b	requiresWorkStyle	workStyleRequiredBy
onet	VideoTechnicians	1.C.1.c	requiresWorkStyle	workStyleRequiredBy
onet	VideoTechnicians	1.C.2.b	requiresWorkStyle	workStyleRequiredBy
onet	VideoTechnicians	1.C.3.a	requiresWorkStyle	workStyleRequiredBy
onet	VideoTechnicians	1.C.3.b	requiresWorkStyle	workStyleRequiredBy
onet	VideoTechnicians	1.C.3.c	requiresWorkStyle	workStyleRequiredBy
onet	VideoTechnicians	1.C.4.a	requiresWorkStyle	workStyleRequiredBy
onet	VideoTechnicians	1.C.4.b	requiresWorkStyle	workStyleRequiredBy
onet	VideoTechnicians	1.C.4.c	requiresWorkStyle	workStyleRequiredBy
onet	VideoTechnicians	1.C.5.a	requiresWorkStyle	workStyleRequiredBy
onet	VideoTechnicians	1.C.5.b	requiresWorkStyle	workStyleRequiredBy
onet	VideoTechnicians	1.C.5.c	requiresWorkStyle	workStyleRequiredBy
onet	VideoTechnicians	1.C.6	requiresWorkStyle	workStyleRequiredBy
onet	VideoTechnicians	1.C.7.a	requiresWorkStyle	workStyleRequiredBy
onet	VideoTechnicians	1.C.7.b	requiresWorkStyle	workStyleRequiredBy
onet	VisionRehabilitationTherapists	1.C.1.a	requiresWorkStyle	workStyleRequiredBy
onet	VisionRehabilitationTherapists	1.C.1.b	requiresWorkStyle	workStyleRequiredBy
onet	VisionRehabilitationTherapists	1.C.1.c	requiresWorkStyle	workStyleRequiredBy
onet	VisionRehabilitationTherapists	1.C.2.b	requiresWorkStyle	workStyleRequiredBy
onet	VisionRehabilitationTherapists	1.C.3.a	requiresWorkStyle	workStyleRequiredBy
onet	VisionRehabilitationTherapists	1.C.3.b	requiresWorkStyle	workStyleRequiredBy
onet	VisionRehabilitationTherapists	1.C.3.c	requiresWorkStyle	workStyleRequiredBy
onet	VisionRehabilitationTherapists	1.C.4.a	requiresWorkStyle	workStyleRequiredBy
onet	VisionRehabilitationTherapists	1.C.4.b	requiresWorkStyle	workStyleRequiredBy
onet	VisionRehabilitationTherapists	1.C.4.c	requiresWorkStyle	workStyleRequiredBy
onet	VisionRehabilitationTherapists	1.C.5.a	requiresWorkStyle	workStyleRequiredBy
onet	VisionRehabilitationTherapists	1.C.5.b	requiresWorkStyle	workStyleRequiredBy
onet	VisionRehabilitationTherapists	1.C.5.c	requiresWorkStyle	workStyleRequiredBy
onet	VisionRehabilitationTherapists	1.C.6	requiresWorkStyle	workStyleRequiredBy
onet	VisionRehabilitationTherapists	1.C.7.a	requiresWorkStyle	workStyleRequiredBy
onet	VisionRehabilitationTherapists	1.C.7.b	requiresWorkStyle	workStyleRequiredBy
onet	Waitresses	1.C.1.a	requiresWorkStyle	workStyleRequiredBy
onet	Waitresses	1.C.1.b	requiresWorkStyle	workStyleRequiredBy
onet	Waitresses	1.C.1.c	requiresWorkStyle	workStyleRequiredBy
onet	Waitresses	1.C.2.b	requiresWorkStyle	workStyleRequiredBy
onet	Waitresses	1.C.3.a	requiresWorkStyle	workStyleRequiredBy
onet	Waitresses	1.C.3.b	requiresWorkStyle	workStyleRequiredBy
onet	Waitresses	1.C.3.c	requiresWorkStyle	workStyleRequiredBy
onet	Waitresses	1.C.4.a	requiresWorkStyle	workStyleRequiredBy
onet	Waitresses	1.C.4.b	requiresWorkStyle	workStyleRequiredBy
onet	Waitresses	1.C.4.c	requiresWorkStyle	workStyleRequiredBy
onet	Waitresses	1.C.5.a	requiresWorkStyle	workStyleRequiredBy
onet	Waitresses	1.C.5.b	requiresWorkStyle	workStyleRequiredBy
onet	Waitresses	1.C.5.c	requiresWorkStyle	workStyleRequiredBy
onet	Waitresses	1.C.6	requiresWorkStyle	workStyleRequiredBy
onet	Waitresses	1.C.7.a	requiresWorkStyle	workStyleRequiredBy
onet	Waitresses	1.C.7.b	requiresWorkStyle	workStyleRequiredBy
onet	Wall	1.C.1.a	requiresWorkStyle	workStyleRequiredBy
onet	Wall	1.C.1.b	requiresWorkStyle	workStyleRequiredBy
onet	Wall	1.C.1.c	requiresWorkStyle	workStyleRequiredBy
onet	Wall	1.C.2.b	requiresWorkStyle	workStyleRequiredBy
onet	Wall	1.C.3.a	requiresWorkStyle	workStyleRequiredBy
onet	Wall	1.C.3.b	requiresWorkStyle	workStyleRequiredBy
onet	Wall	1.C.3.c	requiresWorkStyle	workStyleRequiredBy
onet	Wall	1.C.4.a	requiresWorkStyle	workStyleRequiredBy
onet	Wall	1.C.4.b	requiresWorkStyle	workStyleRequiredBy
onet	Wall	1.C.4.c	requiresWorkStyle	workStyleRequiredBy
onet	Wall	1.C.5.a	requiresWorkStyle	workStyleRequiredBy
onet	Wall	1.C.5.b	requiresWorkStyle	workStyleRequiredBy
onet	Wall	1.C.5.c	requiresWorkStyle	workStyleRequiredBy
onet	Wall	1.C.6	requiresWorkStyle	workStyleRequiredBy
onet	Wall	1.C.7.a	requiresWorkStyle	workStyleRequiredBy
onet	Wall	1.C.7.b	requiresWorkStyle	workStyleRequiredBy
onet	WaterResourceSpecialists	1.C.1.a	requiresWorkStyle	workStyleRequiredBy
onet	WaterResourceSpecialists	1.C.1.b	requiresWorkStyle	workStyleRequiredBy
onet	WaterResourceSpecialists	1.C.1.c	requiresWorkStyle	workStyleRequiredBy
onet	WaterResourceSpecialists	1.C.2.b	requiresWorkStyle	workStyleRequiredBy
onet	WaterResourceSpecialists	1.C.3.a	requiresWorkStyle	workStyleRequiredBy
onet	WaterResourceSpecialists	1.C.3.b	requiresWorkStyle	workStyleRequiredBy
onet	WaterResourceSpecialists	1.C.3.c	requiresWorkStyle	workStyleRequiredBy
onet	WaterResourceSpecialists	1.C.4.a	requiresWorkStyle	workStyleRequiredBy
onet	WaterResourceSpecialists	1.C.4.b	requiresWorkStyle	workStyleRequiredBy
onet	WaterResourceSpecialists	1.C.4.c	requiresWorkStyle	workStyleRequiredBy
onet	WaterResourceSpecialists	1.C.5.a	requiresWorkStyle	workStyleRequiredBy
onet	WaterResourceSpecialists	1.C.5.b	requiresWorkStyle	workStyleRequiredBy
onet	WaterResourceSpecialists	1.C.5.c	requiresWorkStyle	workStyleRequiredBy
onet	WaterResourceSpecialists	1.C.6	requiresWorkStyle	workStyleRequiredBy
onet	WaterResourceSpecialists	1.C.7.a	requiresWorkStyle	workStyleRequiredBy
onet	WaterResourceSpecialists	1.C.7.b	requiresWorkStyle	workStyleRequiredBy
onet	WaterWastewaterEngineers	1.C.1.a	requiresWorkStyle	workStyleRequiredBy
onet	WaterWastewaterEngineers	1.C.1.b	requiresWorkStyle	workStyleRequiredBy
onet	WaterWastewaterEngineers	1.C.1.c	requiresWorkStyle	workStyleRequiredBy
onet	WaterWastewaterEngineers	1.C.2.b	requiresWorkStyle	workStyleRequiredBy
onet	WaterWastewaterEngineers	1.C.3.a	requiresWorkStyle	workStyleRequiredBy
onet	WaterWastewaterEngineers	1.C.3.b	requiresWorkStyle	workStyleRequiredBy
onet	WaterWastewaterEngineers	1.C.3.c	requiresWorkStyle	workStyleRequiredBy
onet	WaterWastewaterEngineers	1.C.4.a	requiresWorkStyle	workStyleRequiredBy
onet	WaterWastewaterEngineers	1.C.4.b	requiresWorkStyle	workStyleRequiredBy
onet	WaterWastewaterEngineers	1.C.4.c	requiresWorkStyle	workStyleRequiredBy
onet	WaterWastewaterEngineers	1.C.5.a	requiresWorkStyle	workStyleRequiredBy
onet	WaterWastewaterEngineers	1.C.5.b	requiresWorkStyle	workStyleRequiredBy
onet	WaterWastewaterEngineers	1.C.5.c	requiresWorkStyle	workStyleRequiredBy
onet	WaterWastewaterEngineers	1.C.6	requiresWorkStyle	workStyleRequiredBy
onet	WaterWastewaterEngineers	1.C.7.a	requiresWorkStyle	workStyleRequiredBy
onet	WaterWastewaterEngineers	1.C.7.b	requiresWorkStyle	workStyleRequiredBy
onet	WatercraftServiceAttendants	1.C.1.a	requiresWorkStyle	workStyleRequiredBy
onet	WatercraftServiceAttendants	1.C.1.b	requiresWorkStyle	workStyleRequiredBy
onet	WatercraftServiceAttendants	1.C.1.c	requiresWorkStyle	workStyleRequiredBy
onet	WatercraftServiceAttendants	1.C.2.b	requiresWorkStyle	workStyleRequiredBy
onet	WatercraftServiceAttendants	1.C.3.a	requiresWorkStyle	workStyleRequiredBy
onet	WatercraftServiceAttendants	1.C.3.b	requiresWorkStyle	workStyleRequiredBy
onet	WatercraftServiceAttendants	1.C.3.c	requiresWorkStyle	workStyleRequiredBy
onet	WatercraftServiceAttendants	1.C.4.a	requiresWorkStyle	workStyleRequiredBy
onet	WatercraftServiceAttendants	1.C.4.b	requiresWorkStyle	workStyleRequiredBy
onet	WatercraftServiceAttendants	1.C.4.c	requiresWorkStyle	workStyleRequiredBy
onet	WatercraftServiceAttendants	1.C.5.a	requiresWorkStyle	workStyleRequiredBy
onet	WatercraftServiceAttendants	1.C.5.b	requiresWorkStyle	workStyleRequiredBy
onet	WatercraftServiceAttendants	1.C.5.c	requiresWorkStyle	workStyleRequiredBy
onet	WatercraftServiceAttendants	1.C.6	requiresWorkStyle	workStyleRequiredBy
onet	WatercraftServiceAttendants	1.C.7.a	requiresWorkStyle	workStyleRequiredBy
onet	WatercraftServiceAttendants	1.C.7.b	requiresWorkStyle	workStyleRequiredBy
onet	WebAdministrators	1.C.1.a	requiresWorkStyle	workStyleRequiredBy
onet	WebAdministrators	1.C.1.b	requiresWorkStyle	workStyleRequiredBy
onet	WebAdministrators	1.C.1.c	requiresWorkStyle	workStyleRequiredBy
onet	WebAdministrators	1.C.2.b	requiresWorkStyle	workStyleRequiredBy
onet	WebAdministrators	1.C.3.a	requiresWorkStyle	workStyleRequiredBy
onet	WebAdministrators	1.C.3.b	requiresWorkStyle	workStyleRequiredBy
onet	WebAdministrators	1.C.3.c	requiresWorkStyle	workStyleRequiredBy
onet	WebAdministrators	1.C.4.a	requiresWorkStyle	workStyleRequiredBy
onet	WebAdministrators	1.C.4.b	requiresWorkStyle	workStyleRequiredBy
onet	WebAdministrators	1.C.4.c	requiresWorkStyle	workStyleRequiredBy
onet	WebAdministrators	1.C.5.a	requiresWorkStyle	workStyleRequiredBy
onet	WebAdministrators	1.C.5.b	requiresWorkStyle	workStyleRequiredBy
onet	WebAdministrators	1.C.5.c	requiresWorkStyle	workStyleRequiredBy
onet	WebAdministrators	1.C.6	requiresWorkStyle	workStyleRequiredBy
onet	WebAdministrators	1.C.7.a	requiresWorkStyle	workStyleRequiredBy
onet	WebAdministrators	1.C.7.b	requiresWorkStyle	workStyleRequiredBy
onet	WebDevelopers	1.C.1.a	requiresWorkStyle	workStyleRequiredBy
onet	WebDevelopers	1.C.1.b	requiresWorkStyle	workStyleRequiredBy
onet	WebDevelopers	1.C.1.c	requiresWorkStyle	workStyleRequiredBy
onet	WebDevelopers	1.C.2.b	requiresWorkStyle	workStyleRequiredBy
onet	WebDevelopers	1.C.3.a	requiresWorkStyle	workStyleRequiredBy
onet	WebDevelopers	1.C.3.b	requiresWorkStyle	workStyleRequiredBy
onet	WebDevelopers	1.C.3.c	requiresWorkStyle	workStyleRequiredBy
onet	WebDevelopers	1.C.4.a	requiresWorkStyle	workStyleRequiredBy
onet	WebDevelopers	1.C.4.b	requiresWorkStyle	workStyleRequiredBy
onet	WebDevelopers	1.C.4.c	requiresWorkStyle	workStyleRequiredBy
onet	WebDevelopers	1.C.5.a	requiresWorkStyle	workStyleRequiredBy
onet	WebDevelopers	1.C.5.b	requiresWorkStyle	workStyleRequiredBy
onet	WebDevelopers	1.C.5.c	requiresWorkStyle	workStyleRequiredBy
onet	WebDevelopers	1.C.6	requiresWorkStyle	workStyleRequiredBy
onet	WebDevelopers	1.C.7.a	requiresWorkStyle	workStyleRequiredBy
onet	WebDevelopers	1.C.7.b	requiresWorkStyle	workStyleRequiredBy
onet	Weighers	1.C.1.a	requiresWorkStyle	workStyleRequiredBy
onet	Weighers	1.C.1.b	requiresWorkStyle	workStyleRequiredBy
onet	Weighers	1.C.1.c	requiresWorkStyle	workStyleRequiredBy
onet	Weighers	1.C.2.b	requiresWorkStyle	workStyleRequiredBy
onet	Weighers	1.C.3.a	requiresWorkStyle	workStyleRequiredBy
onet	Weighers	1.C.3.b	requiresWorkStyle	workStyleRequiredBy
onet	Weighers	1.C.3.c	requiresWorkStyle	workStyleRequiredBy
onet	Weighers	1.C.4.a	requiresWorkStyle	workStyleRequiredBy
onet	Weighers	1.C.4.b	requiresWorkStyle	workStyleRequiredBy
onet	Weighers	1.C.4.c	requiresWorkStyle	workStyleRequiredBy
onet	Weighers	1.C.5.a	requiresWorkStyle	workStyleRequiredBy
onet	Weighers	1.C.5.b	requiresWorkStyle	workStyleRequiredBy
onet	Weighers	1.C.5.c	requiresWorkStyle	workStyleRequiredBy
onet	Weighers	1.C.6	requiresWorkStyle	workStyleRequiredBy
onet	Weighers	1.C.7.a	requiresWorkStyle	workStyleRequiredBy
onet	Weighers	1.C.7.b	requiresWorkStyle	workStyleRequiredBy
onet	WellheadPumpers	1.C.1.a	requiresWorkStyle	workStyleRequiredBy
onet	WellheadPumpers	1.C.1.b	requiresWorkStyle	workStyleRequiredBy
onet	WellheadPumpers	1.C.1.c	requiresWorkStyle	workStyleRequiredBy
onet	WellheadPumpers	1.C.2.b	requiresWorkStyle	workStyleRequiredBy
onet	WellheadPumpers	1.C.3.a	requiresWorkStyle	workStyleRequiredBy
onet	WellheadPumpers	1.C.3.b	requiresWorkStyle	workStyleRequiredBy
onet	WellheadPumpers	1.C.3.c	requiresWorkStyle	workStyleRequiredBy
onet	WellheadPumpers	1.C.4.a	requiresWorkStyle	workStyleRequiredBy
onet	WellheadPumpers	1.C.4.b	requiresWorkStyle	workStyleRequiredBy
onet	WellheadPumpers	1.C.4.c	requiresWorkStyle	workStyleRequiredBy
onet	WellheadPumpers	1.C.5.a	requiresWorkStyle	workStyleRequiredBy
onet	WellheadPumpers	1.C.5.b	requiresWorkStyle	workStyleRequiredBy
onet	WellheadPumpers	1.C.5.c	requiresWorkStyle	workStyleRequiredBy
onet	WellheadPumpers	1.C.6	requiresWorkStyle	workStyleRequiredBy
onet	WellheadPumpers	1.C.7.a	requiresWorkStyle	workStyleRequiredBy
onet	WellheadPumpers	1.C.7.b	requiresWorkStyle	workStyleRequiredBy
onet	WellnessCoordinators	1.C.1.a	requiresWorkStyle	workStyleRequiredBy
onet	WellnessCoordinators	1.C.1.b	requiresWorkStyle	workStyleRequiredBy
onet	WellnessCoordinators	1.C.1.c	requiresWorkStyle	workStyleRequiredBy
onet	WellnessCoordinators	1.C.2.b	requiresWorkStyle	workStyleRequiredBy
onet	WellnessCoordinators	1.C.3.a	requiresWorkStyle	workStyleRequiredBy
onet	WellnessCoordinators	1.C.3.b	requiresWorkStyle	workStyleRequiredBy
onet	WellnessCoordinators	1.C.3.c	requiresWorkStyle	workStyleRequiredBy
onet	WellnessCoordinators	1.C.4.a	requiresWorkStyle	workStyleRequiredBy
onet	WellnessCoordinators	1.C.4.b	requiresWorkStyle	workStyleRequiredBy
onet	WellnessCoordinators	1.C.4.c	requiresWorkStyle	workStyleRequiredBy
onet	WellnessCoordinators	1.C.5.a	requiresWorkStyle	workStyleRequiredBy
onet	WellnessCoordinators	1.C.5.b	requiresWorkStyle	workStyleRequiredBy
onet	WellnessCoordinators	1.C.5.c	requiresWorkStyle	workStyleRequiredBy
onet	WellnessCoordinators	1.C.6	requiresWorkStyle	workStyleRequiredBy
onet	WellnessCoordinators	1.C.7.a	requiresWorkStyle	workStyleRequiredBy
onet	WellnessCoordinators	1.C.7.b	requiresWorkStyle	workStyleRequiredBy
onet	WildlifeBiologists	1.C.1.a	requiresWorkStyle	workStyleRequiredBy
onet	WildlifeBiologists	1.C.1.b	requiresWorkStyle	workStyleRequiredBy
onet	WildlifeBiologists	1.C.1.c	requiresWorkStyle	workStyleRequiredBy
onet	WildlifeBiologists	1.C.2.b	requiresWorkStyle	workStyleRequiredBy
onet	WildlifeBiologists	1.C.3.a	requiresWorkStyle	workStyleRequiredBy
onet	WildlifeBiologists	1.C.3.b	requiresWorkStyle	workStyleRequiredBy
onet	WildlifeBiologists	1.C.3.c	requiresWorkStyle	workStyleRequiredBy
onet	WildlifeBiologists	1.C.4.a	requiresWorkStyle	workStyleRequiredBy
onet	WildlifeBiologists	1.C.4.b	requiresWorkStyle	workStyleRequiredBy
onet	WildlifeBiologists	1.C.4.c	requiresWorkStyle	workStyleRequiredBy
onet	WildlifeBiologists	1.C.5.a	requiresWorkStyle	workStyleRequiredBy
onet	WildlifeBiologists	1.C.5.b	requiresWorkStyle	workStyleRequiredBy
onet	WildlifeBiologists	1.C.5.c	requiresWorkStyle	workStyleRequiredBy
onet	WildlifeBiologists	1.C.6	requiresWorkStyle	workStyleRequiredBy
onet	WildlifeBiologists	1.C.7.a	requiresWorkStyle	workStyleRequiredBy
onet	WildlifeBiologists	1.C.7.b	requiresWorkStyle	workStyleRequiredBy
onet	WinchOperators	1.C.1.a	requiresWorkStyle	workStyleRequiredBy
onet	WinchOperators	1.C.1.b	requiresWorkStyle	workStyleRequiredBy
onet	WinchOperators	1.C.1.c	requiresWorkStyle	workStyleRequiredBy
onet	WinchOperators	1.C.2.b	requiresWorkStyle	workStyleRequiredBy
onet	WinchOperators	1.C.3.a	requiresWorkStyle	workStyleRequiredBy
onet	WinchOperators	1.C.3.b	requiresWorkStyle	workStyleRequiredBy
onet	WinchOperators	1.C.3.c	requiresWorkStyle	workStyleRequiredBy
onet	WinchOperators	1.C.4.a	requiresWorkStyle	workStyleRequiredBy
onet	WinchOperators	1.C.4.b	requiresWorkStyle	workStyleRequiredBy
onet	WinchOperators	1.C.4.c	requiresWorkStyle	workStyleRequiredBy
onet	WinchOperators	1.C.5.a	requiresWorkStyle	workStyleRequiredBy
onet	WinchOperators	1.C.5.b	requiresWorkStyle	workStyleRequiredBy
onet	WinchOperators	1.C.5.c	requiresWorkStyle	workStyleRequiredBy
onet	WinchOperators	1.C.6	requiresWorkStyle	workStyleRequiredBy
onet	WinchOperators	1.C.7.a	requiresWorkStyle	workStyleRequiredBy
onet	WinchOperators	1.C.7.b	requiresWorkStyle	workStyleRequiredBy
onet	WindEnergyDevelopmentManagers	1.C.1.a	requiresWorkStyle	workStyleRequiredBy
onet	WindEnergyDevelopmentManagers	1.C.1.b	requiresWorkStyle	workStyleRequiredBy
onet	WindEnergyDevelopmentManagers	1.C.1.c	requiresWorkStyle	workStyleRequiredBy
onet	WindEnergyDevelopmentManagers	1.C.2.b	requiresWorkStyle	workStyleRequiredBy
onet	WindEnergyDevelopmentManagers	1.C.3.a	requiresWorkStyle	workStyleRequiredBy
onet	WindEnergyDevelopmentManagers	1.C.3.b	requiresWorkStyle	workStyleRequiredBy
onet	WindEnergyDevelopmentManagers	1.C.3.c	requiresWorkStyle	workStyleRequiredBy
onet	WindEnergyDevelopmentManagers	1.C.4.a	requiresWorkStyle	workStyleRequiredBy
onet	WindEnergyDevelopmentManagers	1.C.4.b	requiresWorkStyle	workStyleRequiredBy
onet	WindEnergyDevelopmentManagers	1.C.4.c	requiresWorkStyle	workStyleRequiredBy
onet	WindEnergyDevelopmentManagers	1.C.5.a	requiresWorkStyle	workStyleRequiredBy
onet	WindEnergyDevelopmentManagers	1.C.5.b	requiresWorkStyle	workStyleRequiredBy
onet	WindEnergyDevelopmentManagers	1.C.5.c	requiresWorkStyle	workStyleRequiredBy
onet	WindEnergyDevelopmentManagers	1.C.6	requiresWorkStyle	workStyleRequiredBy
onet	WindEnergyDevelopmentManagers	1.C.7.a	requiresWorkStyle	workStyleRequiredBy
onet	WindEnergyDevelopmentManagers	1.C.7.b	requiresWorkStyle	workStyleRequiredBy
onet	WindEnergyEngineers	1.C.1.a	requiresWorkStyle	workStyleRequiredBy
onet	WindEnergyEngineers	1.C.1.b	requiresWorkStyle	workStyleRequiredBy
onet	WindEnergyEngineers	1.C.1.c	requiresWorkStyle	workStyleRequiredBy
onet	WindEnergyEngineers	1.C.2.b	requiresWorkStyle	workStyleRequiredBy
onet	WindEnergyEngineers	1.C.3.a	requiresWorkStyle	workStyleRequiredBy
onet	WindEnergyEngineers	1.C.3.b	requiresWorkStyle	workStyleRequiredBy
onet	WindEnergyEngineers	1.C.3.c	requiresWorkStyle	workStyleRequiredBy
onet	WindEnergyEngineers	1.C.4.a	requiresWorkStyle	workStyleRequiredBy
onet	WindEnergyEngineers	1.C.4.b	requiresWorkStyle	workStyleRequiredBy
onet	WindEnergyEngineers	1.C.4.c	requiresWorkStyle	workStyleRequiredBy
onet	WindEnergyEngineers	1.C.5.a	requiresWorkStyle	workStyleRequiredBy
onet	WindEnergyEngineers	1.C.5.b	requiresWorkStyle	workStyleRequiredBy
onet	WindEnergyEngineers	1.C.5.c	requiresWorkStyle	workStyleRequiredBy
onet	WindEnergyEngineers	1.C.6	requiresWorkStyle	workStyleRequiredBy
onet	WindEnergyEngineers	1.C.7.a	requiresWorkStyle	workStyleRequiredBy
onet	WindEnergyEngineers	1.C.7.b	requiresWorkStyle	workStyleRequiredBy
onet	WindEnergyOperationsManagers	1.C.1.a	requiresWorkStyle	workStyleRequiredBy
onet	WindEnergyOperationsManagers	1.C.1.b	requiresWorkStyle	workStyleRequiredBy
onet	WindEnergyOperationsManagers	1.C.1.c	requiresWorkStyle	workStyleRequiredBy
onet	WindEnergyOperationsManagers	1.C.2.b	requiresWorkStyle	workStyleRequiredBy
onet	WindEnergyOperationsManagers	1.C.3.a	requiresWorkStyle	workStyleRequiredBy
onet	WindEnergyOperationsManagers	1.C.3.b	requiresWorkStyle	workStyleRequiredBy
onet	WindEnergyOperationsManagers	1.C.3.c	requiresWorkStyle	workStyleRequiredBy
onet	WindEnergyOperationsManagers	1.C.4.a	requiresWorkStyle	workStyleRequiredBy
onet	WindEnergyOperationsManagers	1.C.4.b	requiresWorkStyle	workStyleRequiredBy
onet	WindEnergyOperationsManagers	1.C.4.c	requiresWorkStyle	workStyleRequiredBy
onet	WindEnergyOperationsManagers	1.C.5.a	requiresWorkStyle	workStyleRequiredBy
onet	WindEnergyOperationsManagers	1.C.5.b	requiresWorkStyle	workStyleRequiredBy
onet	WindEnergyOperationsManagers	1.C.5.c	requiresWorkStyle	workStyleRequiredBy
onet	WindEnergyOperationsManagers	1.C.6	requiresWorkStyle	workStyleRequiredBy
onet	WindEnergyOperationsManagers	1.C.7.a	requiresWorkStyle	workStyleRequiredBy
onet	WindEnergyOperationsManagers	1.C.7.b	requiresWorkStyle	workStyleRequiredBy
onet	WindTurbineServiceTechnicians	1.C.1.a	requiresWorkStyle	workStyleRequiredBy
onet	WindTurbineServiceTechnicians	1.C.1.b	requiresWorkStyle	workStyleRequiredBy
onet	WindTurbineServiceTechnicians	1.C.1.c	requiresWorkStyle	workStyleRequiredBy
onet	WindTurbineServiceTechnicians	1.C.2.b	requiresWorkStyle	workStyleRequiredBy
onet	WindTurbineServiceTechnicians	1.C.3.a	requiresWorkStyle	workStyleRequiredBy
onet	WindTurbineServiceTechnicians	1.C.3.b	requiresWorkStyle	workStyleRequiredBy
onet	WindTurbineServiceTechnicians	1.C.3.c	requiresWorkStyle	workStyleRequiredBy
onet	WindTurbineServiceTechnicians	1.C.4.a	requiresWorkStyle	workStyleRequiredBy
onet	WindTurbineServiceTechnicians	1.C.4.b	requiresWorkStyle	workStyleRequiredBy
onet	WindTurbineServiceTechnicians	1.C.4.c	requiresWorkStyle	workStyleRequiredBy
onet	WindTurbineServiceTechnicians	1.C.5.a	requiresWorkStyle	workStyleRequiredBy
onet	WindTurbineServiceTechnicians	1.C.5.b	requiresWorkStyle	workStyleRequiredBy
onet	WindTurbineServiceTechnicians	1.C.5.c	requiresWorkStyle	workStyleRequiredBy
onet	WindTurbineServiceTechnicians	1.C.6	requiresWorkStyle	workStyleRequiredBy
onet	WindTurbineServiceTechnicians	1.C.7.a	requiresWorkStyle	workStyleRequiredBy
onet	WindTurbineServiceTechnicians	1.C.7.b	requiresWorkStyle	workStyleRequiredBy
onet	WindowTrimmers	1.C.1.a	requiresWorkStyle	workStyleRequiredBy
onet	WindowTrimmers	1.C.1.b	requiresWorkStyle	workStyleRequiredBy
onet	WindowTrimmers	1.C.1.c	requiresWorkStyle	workStyleRequiredBy
onet	WindowTrimmers	1.C.2.b	requiresWorkStyle	workStyleRequiredBy
onet	WindowTrimmers	1.C.3.a	requiresWorkStyle	workStyleRequiredBy
onet	WindowTrimmers	1.C.3.b	requiresWorkStyle	workStyleRequiredBy
onet	WindowTrimmers	1.C.3.c	requiresWorkStyle	workStyleRequiredBy
onet	WindowTrimmers	1.C.4.a	requiresWorkStyle	workStyleRequiredBy
onet	WindowTrimmers	1.C.4.b	requiresWorkStyle	workStyleRequiredBy
onet	WindowTrimmers	1.C.4.c	requiresWorkStyle	workStyleRequiredBy
onet	WindowTrimmers	1.C.5.a	requiresWorkStyle	workStyleRequiredBy
onet	WindowTrimmers	1.C.5.b	requiresWorkStyle	workStyleRequiredBy
onet	WindowTrimmers	1.C.5.c	requiresWorkStyle	workStyleRequiredBy
onet	WindowTrimmers	1.C.6	requiresWorkStyle	workStyleRequiredBy
onet	WindowTrimmers	1.C.7.a	requiresWorkStyle	workStyleRequiredBy
onet	WindowTrimmers	1.C.7.b	requiresWorkStyle	workStyleRequiredBy
onet	Workers	1.C.1.a	requiresWorkStyle	workStyleRequiredBy
onet	Workers	1.C.1.b	requiresWorkStyle	workStyleRequiredBy
onet	Workers	1.C.1.c	requiresWorkStyle	workStyleRequiredBy
onet	Workers	1.C.2.b	requiresWorkStyle	workStyleRequiredBy
onet	Workers	1.C.3.a	requiresWorkStyle	workStyleRequiredBy
onet	Workers	1.C.3.b	requiresWorkStyle	workStyleRequiredBy
onet	Workers	1.C.3.c	requiresWorkStyle	workStyleRequiredBy
onet	Workers	1.C.4.a	requiresWorkStyle	workStyleRequiredBy
onet	Workers	1.C.4.b	requiresWorkStyle	workStyleRequiredBy
onet	Workers	1.C.4.c	requiresWorkStyle	workStyleRequiredBy
onet	Workers	1.C.5.a	requiresWorkStyle	workStyleRequiredBy
onet	Workers	1.C.5.b	requiresWorkStyle	workStyleRequiredBy
onet	Workers	1.C.5.c	requiresWorkStyle	workStyleRequiredBy
onet	Workers	1.C.6	requiresWorkStyle	workStyleRequiredBy
onet	Workers	1.C.7.a	requiresWorkStyle	workStyleRequiredBy
onet	Workers	1.C.7.b	requiresWorkStyle	workStyleRequiredBy
onet	Yardmasters	1.C.1.a	requiresWorkStyle	workStyleRequiredBy
onet	Yardmasters	1.C.1.b	requiresWorkStyle	workStyleRequiredBy
onet	Yardmasters	1.C.1.c	requiresWorkStyle	workStyleRequiredBy
onet	Yardmasters	1.C.2.b	requiresWorkStyle	workStyleRequiredBy
onet	Yardmasters	1.C.3.a	requiresWorkStyle	workStyleRequiredBy
onet	Yardmasters	1.C.3.b	requiresWorkStyle	workStyleRequiredBy
onet	Yardmasters	1.C.3.c	requiresWorkStyle	workStyleRequiredBy
onet	Yardmasters	1.C.4.a	requiresWorkStyle	workStyleRequiredBy
onet	Yardmasters	1.C.4.b	requiresWorkStyle	workStyleRequiredBy
onet	Yardmasters	1.C.4.c	requiresWorkStyle	workStyleRequiredBy
onet	Yardmasters	1.C.5.a	requiresWorkStyle	workStyleRequiredBy
onet	Yardmasters	1.C.5.b	requiresWorkStyle	workStyleRequiredBy
onet	Yardmasters	1.C.5.c	requiresWorkStyle	workStyleRequiredBy
onet	Yardmasters	1.C.6	requiresWorkStyle	workStyleRequiredBy
onet	Yardmasters	1.C.7.a	requiresWorkStyle	workStyleRequiredBy
onet	Yardmasters	1.C.7.b	requiresWorkStyle	workStyleRequiredBy